5.91171556152403E-12
5.57065504835919E-12
4.51905179943424E-12
4.44799752585823E-12
9.63495949690696E-12
7.97228949522832E-12
2.92743607133161E-12
3.01270119962282E-12
3.97903932025656E-12
4.05009359383257E-12
3.83693077310454E-12
6.42330633127131E-12
2.65742983174277E-12
3.5385028240853E-12
4.9880100050359E-12
3.68061137123732E-12
4.29167812399101E-12
3.02691205433803E-12
7.92965693108272E-12
3.06954461848363E-12
7.58859641791787E-12
2.8421709430404E-12
3.95061761082616E-12
4.49063009000383E-12
8.15703060652595E-12
