1.27897692436818E-11
9.72022462519817E-12
1.11413100967184E-11
4.71800376544707E-12
9.66338120633736E-12
5.05906427861191E-12
6.42330633127131E-12
7.33280103304423E-12
7.38964445190504E-12
1.00044417195022E-11
1.48361323226709E-11
8.24229573481716E-12
1.2732925824821E-11
5.79802872380242E-12
1.50635059981141E-11
1.29602995002642E-11
6.42330633127131E-12
7.61701812734827E-12
1.53477230924182E-11
8.5265128291212E-12
1.08002495835535E-11
9.72022462519817E-12
1.45519152283669E-11
2.80806489172392E-11
1.07434061646927E-11
