1.45536205309327E-9
1.09486109067802E-9
1.01914565675543E-9
1.10128439700929E-9
1.60349600264453E-9
1.00300212579896E-9
7.06450009602122E-10
8.03083821665496E-10
1.07866071630269E-9
6.18626927462174E-10
1.38402356242295E-9
1.11174358607968E-9
2.31244712267653E-9
1.03960928754532E-9
1.45269041240681E-9
2.04283878701972E-9
7.949552127684E-10
1.260673343495E-9
2.06205186259467E-9
1.07746700450662E-9
1.97485405806219E-9
1.32416744236252E-9
1.51345602716901E-9
4.38899405708071E-9
1.52749635162763E-9
