2.00657268578652E-10
1.80250481207622E-10
2.42835085373372E-10
1.53590917761903E-10
2.47723619395401E-10
1.11413100967184E-10
1.36708422360243E-10
1.00271790870465E-10
1.53931978275068E-10
1.57626800501021E-10
1.82637904799776E-10
1.74338765646098E-10
3.00246938422788E-10
1.7092816051445E-10
1.89629645319656E-10
2.41584530158434E-10
2.05545802600682E-10
1.24202870210866E-10
2.87116108665941E-10
1.57967861014185E-10
2.48462583840592E-10
2.32944330491591E-10
2.91208834823919E-10
8.11212430562591E-10
1.94063431990799E-10
