2.33058017329313E-12
1.4210854715202E-12
2.33058017329313E-12
4.54747350886464E-13
1.19371179607697E-12
1.02318153949454E-12
1.08002495835535E-12
1.25055521493778E-12
1.36424205265939E-12
1.81898940354586E-12
3.12638803734444E-12
1.59161572810262E-12
1.4210854715202E-12
5.6843418860808E-13
1.81898940354586E-12
1.76214598468505E-12
1.59161572810262E-12
7.38964445190504E-13
2.55795384873636E-12
1.30739863379858E-12
2.72848410531878E-12
1.87583282240666E-12
2.33058017329313E-12
5.57065504835919E-12
1.64845914696343E-12
