6.25277607468888E-13
3.41060513164848E-13
3.97903932025656E-13
1.70530256582424E-13
3.41060513164848E-13
3.41060513164848E-13
2.27373675443232E-13
2.8421709430404E-13
2.27373675443232E-13
3.41060513164848E-13
8.5265128291212E-13
2.8421709430404E-13
3.41060513164848E-13
1.70530256582424E-13
5.11590769747272E-13
3.41060513164848E-13
3.97903932025656E-13
1.70530256582424E-13
6.25277607468888E-13
2.8421709430404E-13
6.25277607468888E-13
5.6843418860808E-13
5.11590769747272E-13
1.36424205265939E-12
3.97903932025656E-13
