2.90356183541007E-10
2.86149770545308E-10
2.19870344153605E-10
1.74964043253567E-10
1.0481926437933E-10
2.72393663180992E-10
2.73530531558208E-10
2.32944330491591E-10
2.87514012597967E-10
2.26009433390573E-10
3.28441274177749E-10
2.37037056649569E-10
2.57273313764017E-10
3.3980995794991E-10
3.0956925911596E-10
2.0543211576296E-10
4.43833414465189E-10
2.23849383473862E-10
2.65572452917695E-10
1.32899913296569E-10
1.76328285306226E-10
3.88467924494762E-10
2.17596607399173E-10
4.10409484175034E-10
4.93628249387257E-10
