2.67164068645798E-12
2.1600499167107E-12
2.78532752417959E-12
9.66338120633736E-13
2.27373675443232E-12
1.93267624126747E-12
1.98951966012828E-12
2.04636307898909E-12
1.53477230924182E-12
2.8421709430404E-12
4.71800376544707E-12
2.33058017329313E-12
2.95585778076202E-12
1.70530256582424E-12
3.69482222595252E-12
3.01270119962282E-12
2.55795384873636E-12
1.47792889038101E-12
4.71800376544707E-12
1.98951966012828E-12
4.66116034658626E-12
3.24007487506606E-12
3.5811353882309E-12
7.44648787076585E-12
2.55795384873636E-12
