2.46613922172401E-7
3.26826352647913E-7
1.86759734788211E-7
2.08600113182911E-7
1.03503907666891E-7
2.76569153356832E-7
1.94504991668509E-7
1.79905214281462E-7
1.67791995409061E-7
2.90215780296421E-7
2.87719103653217E-7
2.64425125351408E-7
2.63389097199251E-7
2.65609742200468E-7
3.56256464328908E-7
1.95069674191473E-7
4.65615926259488E-7
2.58191676039132E-7
2.91052742795728E-7
1.28249325825891E-7
1.93176333596057E-7
3.87477143704018E-7
1.66896825248841E-7
4.10529082728317E-7
2.90928028334747E-7
