1.72911995832692E-9
2.26691554416902E-9
1.93068672160734E-9
1.78584969035001E-9
2.24423502004356E-9
1.35651134769432E-9
8.97216523298994E-10
1.28704868984642E-9
1.32348532133619E-9
1.21104903882951E-9
2.02885530597996E-9
1.87640125659527E-9
3.63013441528892E-9
1.47321088661556E-9
1.63731783686671E-9
2.62292587649426E-9
1.59650426212465E-9
1.56927626449033E-9
2.56164867096231E-9
1.78130221684114E-9
3.63047547580209E-9
2.25435314860079E-9
3.25223936670227E-9
5.76403635932365E-9
1.52749635162763E-9
