1.25055521493778E-12
7.95807864051312E-13
6.82121026329696E-13
6.82121026329696E-13
3.41060513164848E-13
9.09494701772928E-13
5.6843418860808E-13
1.13686837721616E-12
1.02318153949454E-12
9.09494701772928E-13
1.02318153949454E-12
1.02318153949454E-12
9.09494701772928E-13
9.09494701772928E-13
7.95807864051312E-13
7.95807864051312E-13
1.59161572810262E-12
7.95807864051312E-13
7.95807864051312E-13
4.54747350886464E-13
4.54747350886464E-13
9.09494701772928E-13
6.82121026329696E-13
1.13686837721616E-12
1.36424205265939E-12
