6.48014975013211E-12
1.36424205265939E-12
8.29913915367797E-12
5.34328137291595E-12
8.5265128291212E-12
1.47792889038101E-12
1.25055521493778E-12
1.04591890703887E-11
1.81898940354586E-12
3.97903932025656E-12
1.46656020660885E-11
6.3664629124105E-12
4.09272615797818E-12
1.47792889038101E-12
2.95585778076202E-12
2.61479726759717E-12
9.09494701772928E-13
1.36424205265939E-12
1.25055521493778E-12
2.04636307898909E-12
1.70530256582424E-12
4.88853402202949E-12
4.66116034658626E-12
4.54747350886464E-13
3.18323145620525E-12
