7.27595761418343E-12
6.59383658785373E-12
4.88853402202949E-12
4.20641299569979E-12
1.59161572810262E-12
3.86535248253495E-12
4.66116034658626E-12
4.54747350886464E-12
4.77484718430787E-12
5.79802872380242E-12
6.13908923696727E-12
3.86535248253495E-12
5.45696821063757E-12
3.75166564481333E-12
7.16227077646181E-12
5.00222085975111E-12
8.86757334228605E-12
5.11590769747272E-12
4.32009983342141E-12
2.8421709430404E-12
3.29691829392686E-12
5.11590769747272E-12
3.29691829392686E-12
7.16227077646181E-12
1.01181285572238E-11
