1.38925315695815E-10
1.85067960956076E-10
1.23151266961941E-10
1.07590381048794E-10
2.3037216578814E-10
2.03954186872579E-10
9.45163947108085E-11
1.35216282615147E-10
9.30242549657123E-11
2.35047536989441E-10
1.28949295685743E-10
1.62231117428746E-10
9.63638058237848E-11
1.67190705724352E-10
1.5229772998282E-10
7.75486341808573E-11
1.87370119419938E-10
1.23137056107225E-10
2.18278728425503E-10
1.09181996776897E-10
1.4178169749357E-10
9.0466301116976E-11
1.55594648276747E-10
1.71468172993627E-10
1.91093363355321E-10
