8.5265128291212E-14
1.84741111297626E-13
1.13686837721616E-13
8.5265128291212E-14
4.83169060316868E-13
1.70530256582424E-13
5.6843418860808E-14
9.9475983006414E-14
8.5265128291212E-14
1.4210854715202E-13
9.9475983006414E-14
1.70530256582424E-13
7.105427357601E-14
9.9475983006414E-14
1.4210854715202E-13
7.105427357601E-14
8.5265128291212E-14
5.6843418860808E-14
1.84741111297626E-13
8.5265128291212E-14
2.8421709430404E-13
7.105427357601E-14
9.9475983006414E-14
1.84741111297626E-13
1.84741111297626E-13
