2.04636307898909E-12
2.27373675443232E-12
1.93267624126747E-12
1.47792889038101E-12
7.95807864051312E-13
1.25055521493778E-12
1.93267624126747E-12
2.38742359215394E-12
2.38742359215394E-12
2.27373675443232E-12
3.18323145620525E-12
2.72848410531878E-12
2.27373675443232E-12
2.1600499167107E-12
1.59161572810262E-12
1.81898940354586E-12
5.34328137291595E-12
2.1600499167107E-12
1.93267624126747E-12
1.36424205265939E-12
1.25055521493778E-12
2.72848410531878E-12
1.59161572810262E-12
3.86535248253495E-12
5.11590769747272E-12
