1.98042471311055E-10
4.49063009000383E-11
2.67618815996684E-10
1.8360424292041E-10
2.43062459048815E-10
4.7066350816749E-11
3.44471118296497E-11
3.21733750752173E-10
4.04725142288953E-11
1.78260961547494E-10
4.29622559749987E-10
1.89743332157377E-10
1.35855771077331E-10
2.51247911364771E-11
7.75344233261421E-11
7.16227077646181E-11
2.61479726759717E-11
3.05817593471147E-11
2.61479726759717E-11
6.53699316899292E-11
4.18367562815547E-11
1.77465153683443E-10
1.14482645585667E-10
1.01181285572238E-11
8.98126018000767E-11
