1.51203494169749E-11
1.25055521493778E-11
1.2732925824821E-11
9.32232069317251E-12
3.06954461848363E-12
1.08002495835535E-11
1.06865627458319E-11
1.2732925824821E-11
8.18545231595635E-12
1.20508047984913E-11
1.43245415529236E-11
9.43600753089413E-12
1.45519152283669E-11
1.28466126625426E-11
1.51203494169749E-11
1.38697942020372E-11
2.28510543820448E-11
1.47792889038101E-11
1.15960574476048E-11
7.27595761418343E-12
5.57065504835919E-12
1.61435309564695E-11
9.77706804405898E-12
2.05773176276125E-11
2.41016095969826E-11
