5.89349457413846E-6
4.83482928359535E-6
3.65804653768009E-6
4.11727371840698E-6
1.04284548285705E-5
5.04557512215342E-6
3.23914548516768E-6
5.88918457822274E-6
4.19800544193549E-6
6.43380262488336E-6
3.87629962972369E-6
4.18952924974292E-6
3.49264331589438E-6
4.55721152547994E-6
4.63335959466349E-6
3.62803648101817E-6
5.15350212992871E-6
4.91122263213128E-6
5.76727025247692E-6
3.87328090312167E-6
3.36743799778105E-6
1.37849690418079E-6
2.35044586816002E-6
3.90930891569496E-6
7.92530539683867E-6
