3.29691829392686E-12
5.6843418860808E-13
2.61479726759717E-12
2.50111042987555E-12
3.18323145620525E-12
6.82121026329696E-13
5.6843418860808E-13
3.86535248253495E-12
9.09494701772928E-13
1.70530256582424E-12
5.91171556152403E-12
2.27373675443232E-12
1.36424205265939E-12
6.82121026329696E-13
1.13686837721616E-12
9.09494701772928E-13
4.54747350886464E-13
5.6843418860808E-13
4.54747350886464E-13
9.09494701772928E-13
6.82121026329696E-13
2.04636307898909E-12
2.1600499167107E-12
2.27373675443232E-13
1.13686837721616E-12
