1.93267624126747E-12
1.59161572810262E-12
1.81898940354586E-12
1.02318153949454E-12
6.82121026329696E-13
1.25055521493778E-12
1.13686837721616E-12
1.70530256582424E-12
1.47792889038101E-12
1.47792889038101E-12
2.04636307898909E-12
1.47792889038101E-12
1.93267624126747E-12
1.81898940354586E-12
1.36424205265939E-12
1.36424205265939E-12
3.29691829392686E-12
1.59161572810262E-12
1.59161572810262E-12
1.02318153949454E-12
9.09494701772928E-13
1.93267624126747E-12
7.95807864051312E-13
2.72848410531878E-12
2.50111042987555E-12
