2.8421709430404E-13
1.70530256582424E-13
2.8421709430404E-13
1.13686837721616E-13
1.70530256582424E-13
1.70530256582424E-13
1.70530256582424E-13
1.70530256582424E-13
1.70530256582424E-13
1.70530256582424E-13
3.97903932025656E-13
1.70530256582424E-13
2.27373675443232E-13
1.13686837721616E-13
3.97903932025656E-13
1.70530256582424E-13
2.27373675443232E-13
1.13686837721616E-13
3.97903932025656E-13
1.70530256582424E-13
3.97903932025656E-13
3.41060513164848E-13
2.8421709430404E-13
6.82121026329696E-13
2.27373675443232E-13
