5.00062967262238E-4
5.28344315171125E-4
3.65504863339083E-4
5.83555935463664E-4
3.33736921675154E-4
6.54160017006689E-4
3.84799944527003E-4
3.26451318414911E-4
6.07468450084525E-4
7.25809844652758E-4
7.90990333257469E-4
3.40754799935894E-4
5.01366669482195E-4
6.87861635242371E-4
7.81247108079697E-4
5.34089113671143E-4
7.36672954758433E-4
6.10112280014619E-4
6.38757988326688E-4
3.81680319833322E-4
4.86076954871351E-4
5.01942508549291E-4
5.00950973673753E-4
6.61780870586881E-4
8.29363696652763E-4
