3.70846464647911E-10
7.52606865717098E-11
3.56521923094988E-10
2.45108822127804E-10
4.34170033258852E-10
7.62838681112044E-11
5.08180164615624E-11
6.83940015733242E-10
5.40012479177676E-11
2.67391442321241E-10
6.72457645123359E-10
2.9831426218152E-10
2.00770955416374E-10
4.77484718430787E-11
1.26419763546437E-10
1.1891643225681E-10
3.99040800402872E-11
4.39968061982654E-11
3.69482222595252E-11
1.00271790870465E-10
7.01447788742371E-11
2.83080225926824E-10
1.53590917761903E-10
1.4210854715202E-11
1.36765265779104E-10
