6.12317307968624E-10
7.42943484510761E-10
4.71914063382428E-10
4.6429704525508E-10
2.27601049118675E-10
5.54564394406043E-10
3.96539689972997E-10
5.31372279510833E-10
5.53427526028827E-10
4.13479028793518E-10
4.40536496171262E-10
4.86579665448517E-10
5.49107426195405E-10
6.69160726829432E-10
5.12272890773602E-10
4.95333551953081E-10
9.77365743892733E-10
4.33601599070244E-10
7.83415998739656E-10
2.49201548285782E-10
4.12342160416301E-10
6.05496097705327E-10
2.68869371211622E-10
7.67386154620908E-10
7.01220415066928E-10
