5.94582161284052E-11
1.09139364212751E-11
5.17275111633353E-11
3.89945853385143E-11
5.27506927028298E-11
1.10276232589968E-11
7.50333128962666E-12
7.28732629795559E-11
9.43600753089413E-12
2.5465851649642E-11
9.62927515502088E-11
3.97903932025656E-11
2.75122147286311E-11
7.04858393874019E-12
2.21689333557151E-11
1.52340362546965E-11
4.54747350886464E-12
6.70752342557535E-12
6.3664629124105E-12
1.43245415529236E-11
8.86757334228605E-12
3.04680725093931E-11
2.21689333557151E-11
2.50111042987555E-12
1.78488335222937E-11
