   7.1275582e+06   5.0862417e+07   1.8396903e+07   5.9395294e+06   2.6191035e+07   3.2934949e+07   3.0795340e+07   4.7453780e+07   3.4249866e+07   8.4025470e+07   1.8073616e+07   4.6020812e+07   1.8073616e+07   3.1057767e+07   4.3754313e+07   3.2934949e+07   3.1996225e+07   1.9694929e+07   2.0056032e+07   2.1956405e+07   2.6191035e+07   4.9462138e+07   5.6918556e+06   3.7798008e+07   2.2275411e+07   2.9902429e+07   2.7074861e+07   2.8053677e+07   2.3465369e+07   4.3526564e+07
   7.1275582e+06   5.0862417e+07   1.8396903e+07   5.9395294e+06   2.6191035e+07   3.2934949e+07   3.0795340e+07   4.7453780e+07   3.4249866e+07   8.4025470e+07   1.8073616e+07   4.6020812e+07   1.8073616e+07   3.1057767e+07   4.3754313e+07   3.2934949e+07   3.1996225e+07   1.9694929e+07   2.0056032e+07   2.1956405e+07   2.6191035e+07   4.9462138e+07   5.6918556e+06   3.7798008e+07   2.2275411e+07   2.9902429e+07   2.7074861e+07   2.8053677e+07   2.3465369e+07   4.3526564e+07
   7.1275582e+06   5.0862417e+07   1.8396903e+07   5.9395294e+06   2.6191035e+07   3.2934949e+07   3.0795340e+07   4.7453780e+07   3.4249866e+07   8.4025470e+07   1.8073616e+07   4.6020812e+07   1.8073616e+07   3.1057767e+07   4.3754313e+07   3.2934949e+07   3.1996225e+07   1.9694929e+07   2.0056032e+07   2.1956405e+07   2.6191035e+07   4.9462138e+07   5.6918556e+06   3.7798008e+07   2.2275411e+07   2.9902429e+07   2.7074861e+07   2.8053677e+07   2.3465369e+07   4.3526564e+07
   7.1275582e+06   5.0862296e+07   1.8396903e+07   5.9395294e+06   2.6191035e+07   2.4714475e+07   2.3826776e+07   3.2214341e+07   1.0904082e+07   5.0116965e+07   1.8073537e+07   2.3227654e+07   1.8073537e+07   3.1054935e+07   4.3754313e+07   2.4714475e+07   3.1996225e+07   1.9694929e+07   2.0056032e+07   2.1956405e+07   2.6191035e+07   2.0121593e+07   5.6918556e+06   3.7798008e+07   2.2275411e+07   2.9902429e+07   2.7867386e+06   2.8053677e+07   2.3465369e+07   3.3062750e+07
   7.1275582e+06   4.9734762e+07   1.8390975e+07   5.9395294e+06   2.6191035e+07   2.4714475e+07   1.2653929e+06   2.4678588e+07   8.0428816e+06   4.9301345e+07   1.8073537e+07   2.3227654e+07   1.8073537e+07   3.1054935e+07   4.3754313e+07   2.4714475e+07   3.1996219e+07   1.9694929e+07   2.0020915e+07   2.1956395e+07   2.6191035e+07   2.0121593e+07   5.6912808e+06   3.7798008e+07   2.2275411e+07   2.9902429e+07   2.7867386e+06   2.0423339e+07   1.8207702e+07   3.3062750e+07
   7.1275582e+06   2.5870210e+06   1.8388972e+07   5.9395294e+06   2.6191005e+07   2.1070574e+07   1.2653929e+06   2.4678566e+07   7.8465544e+06   1.3614663e+07   1.3361519e+07   1.7632929e+07   1.3361519e+07   3.1054915e+07   1.1517767e+07   2.1070574e+07   2.5047707e+07   1.9694902e+07   2.0020617e+07   2.1956395e+07   2.6191005e+07   2.0121405e+07   5.6912808e+06   2.5395739e+07   1.8986783e+07   4.4455881e+06   2.7758907e+06   1.8510421e+07   1.8207702e+07   2.4934351e+07
   7.1270780e+06   2.2052264e+06   1.1774681e+06   5.9395294e+06   1.8000009e+07   3.6937999e+06   1.2639295e+06   1.1727656e+07   7.8446866e+06   1.3614460e+07   5.4890139e+06   9.1266535e+06   5.4890139e+06   9.4231685e+06   8.0893851e+06   3.6937999e+06   3.4508738e+06   1.0787009e+07   1.7644137e+07   1.7490185e+07   1.8000009e+07   8.2039636e+06   5.6909315e+06   1.1954477e+07   1.1466840e+07   4.4455881e+06   2.7758907e+06   1.0576647e+07   3.5939753e+06   2.2447335e+07
   4.1309215e+06   2.2018959e+06   1.1774643e+06   2.4288454e+06   4.3970141e+06   3.0003398e+06   1.2639295e+06   6.5003568e+06   1.9601724e+06   3.0371667e+06   5.4886650e+06   1.8415818e+06   5.4886650e+06   4.1062494e+06   1.3996684e+06   3.0003398e+06   3.1856640e+06   3.7287206e+06   5.5558288e+06   4.5225782e+06   4.3970141e+06   1.4475462e+06   5.0062483e+06   5.5967505e+06   1.6023728e+06   1.9831339e+06   9.2562588e+05   3.6404315e+06   3.5457077e+06   4.6906480e+06
   6.3017213e+05   2.2016411e+06   1.0221456e+06   1.0182413e+06   6.8696608e+05   3.5792013e+05   1.2364579e+06   8.1150952e+05   1.0361948e+06   1.2068410e+06   9.1115729e+05   1.1939878e+06   9.1115729e+05   1.8849523e+06   4.4964838e+05   3.5792013e+05   1.8955354e+05   1.1767233e+06   1.3374008e+06   7.9603656e+05   6.8696608e+05   9.3665562e+05   4.1115999e+05   8.4935584e+05   5.7511020e+05   7.7784835e+05   9.2407058e+05   2.5153300e+05   1.9861970e+06   1.1938657e+06
   1.0067462e+05   1.1898103e+05   1.1638241e+05   5.7673526e+04   8.4363368e+04   2.5946444e+04   2.6597118e+04   8.2567070e+04   9.1031450e+04   7.7802632e+04   1.0871111e+05   3.7630735e+04   1.0871111e+05   2.4060067e+05   2.2863492e+04   2.5946444e+04   6.6187917e+04   9.8897868e+04   7.7965706e+04   1.5253909e+05   8.4363368e+04   6.4736883e+04   1.1340601e+05   8.2846665e+04   1.0386566e+05   2.5345184e+04   1.7281749e+05   3.5107653e+04   2.1162535e+05   3.0391485e+04
   7.1496288e+02   4.5577687e+02   1.2557844e+03   1.6992755e+03   9.6553844e+02   6.8625539e+02   1.4130302e+03   2.3376293e+02   1.2602616e+03   1.5052579e+03   1.1553698e+03   1.0598424e+03   1.1553698e+03   1.4819273e+03   1.3066496e+03   6.8625539e+02   9.6844441e+02   8.1366566e+02   1.5307124e+03   7.3189917e+02   9.6553844e+02   1.3343180e+03   1.3370843e+03   1.4837719e+03   1.0146970e+03   9.0363945e+02   1.2668291e+03   1.2133671e+03   1.7526525e+03   1.1680976e+03
   3.5696262e+01   7.6129461e+01   5.6507575e+01   5.0311902e+01   3.6233375e+01   3.0247707e+01   6.9018107e+01   3.4794187e+01   1.3137895e+01   4.7275807e+01   1.2153446e+01   4.3046002e+01   1.2153446e+01   4.0777481e+01   3.9916993e+01   3.0247707e+01   4.3232590e+01   5.7504862e+01   5.7443537e+01   5.3515749e+01   3.6233375e+01   7.4177786e+01   4.2962730e+01   7.6763205e+00   4.9678239e+01   5.3941767e+01   6.1583985e+01   3.4259870e+01   6.8199966e+01   5.8090616e+01
   6.7261372e-01   4.0649811e-01   1.5050424e-01   7.9427914e-01   3.8974637e-01   1.9955419e-01   9.9027106e-01   1.4879544e-01   1.7320729e-01   6.4540476e-01   7.3001681e-01   5.3938177e-03   7.3001681e-01   3.9110814e-01   5.3123337e-01   1.9955419e-01   4.4599633e-01   5.1115149e-01   4.5562249e-01   1.0477669e+00   3.8974637e-01   3.6031696e-01   5.6870395e-01   1.5493652e-01   6.6495960e-01   1.3182093e+00   5.5690974e-01   2.6506750e-01   6.0763919e-01   1.2815638e+00
   0.0000000e+00   0.0000000e+00   0.0000000e+00   0.0000000e+00   0.0000000e+00   0.0000000e+00   0.0000000e+00   0.0000000e+00   0.0000000e+00   0.0000000e+00   0.0000000e+00   0.0000000e+00   0.0000000e+00   0.0000000e+00   0.0000000e+00   0.0000000e+00   0.0000000e+00   0.0000000e+00   0.0000000e+00   0.0000000e+00   0.0000000e+00   0.0000000e+00   0.0000000e+00   0.0000000e+00   0.0000000e+00   0.0000000e+00   0.0000000e+00   0.0000000e+00   0.0000000e+00   0.0000000e+00
   0.0000000e+00   0.0000000e+00   0.0000000e+00   0.0000000e+00   0.0000000e+00   0.0000000e+00   0.0000000e+00   0.0000000e+00   0.0000000e+00   0.0000000e+00   0.0000000e+00   0.0000000e+00   0.0000000e+00   0.0000000e+00   0.0000000e+00   0.0000000e+00   0.0000000e+00   0.0000000e+00   0.0000000e+00   0.0000000e+00   0.0000000e+00   0.0000000e+00   0.0000000e+00   0.0000000e+00   0.0000000e+00   0.0000000e+00   0.0000000e+00   0.0000000e+00   0.0000000e+00   0.0000000e+00
   0.0000000e+00   0.0000000e+00   0.0000000e+00   0.0000000e+00   0.0000000e+00   0.0000000e+00   0.0000000e+00   0.0000000e+00   0.0000000e+00   0.0000000e+00   0.0000000e+00   0.0000000e+00   0.0000000e+00   0.0000000e+00   0.0000000e+00   0.0000000e+00   0.0000000e+00   0.0000000e+00   0.0000000e+00   0.0000000e+00   0.0000000e+00   0.0000000e+00   0.0000000e+00   0.0000000e+00   0.0000000e+00   0.0000000e+00   0.0000000e+00   0.0000000e+00   0.0000000e+00   0.0000000e+00
