   3.0742941e+03   5.3732452e+04   2.7329990e+04   1.5015469e+04   2.7329990e+04   2.8081351e+04   5.6706849e+03   3.7086558e+04   1.0831914e+05   1.2042802e+05   6.5356044e+04   7.9321528e+03   6.5356044e+04   3.4907308e+03   1.5308827e+03   2.8081351e+04   2.6742035e+04   1.7205960e+04   7.8938454e+02   1.0593016e+04   2.7329990e+04   3.7086558e+04   3.3405192e+03   1.3180658e+04   7.5952188e+04   3.7086558e+04   1.1087741e+04   3.3304415e+04   2.2102039e+04   2.7329990e+04
   3.0742941e+03   5.3732452e+04   2.7329990e+04   1.5015469e+04   2.7329990e+04   2.0149570e+04   5.6706849e+03   3.7086558e+04   7.5360073e+04   1.4799668e+04   2.3765802e+04   7.7140109e+03   2.3765802e+04   3.4907308e+03   1.5308827e+03   2.0149570e+04   1.2973748e+04   3.2653147e+03   7.8938454e+02   1.0593016e+04   2.7329990e+04   3.7086558e+04   3.3405192e+03   2.1868092e+03   7.6285795e+03   3.7086558e+04   1.1087741e+04   5.7931850e+03   2.2102039e+04   2.7329990e+04
   3.0742941e+03   5.3732452e+04   2.7329990e+04   1.5015469e+04   2.7329990e+04   2.0149570e+04   5.6706849e+03   3.7086558e+04   7.5360073e+04   1.4799668e+04   2.3765802e+04   7.7140109e+03   2.3765802e+04   3.4907308e+03   1.5308827e+03   2.0149570e+04   1.2973748e+04   3.2653147e+03   7.8938454e+02   1.0593016e+04   2.7329990e+04   3.7086558e+04   3.3405192e+03   2.1868092e+03   7.6285795e+03   3.7086558e+04   1.1087741e+04   5.7931850e+03   2.2102039e+04   2.7329990e+04
   3.0742941e+03   5.3732452e+04   9.0080887e+02   1.5015469e+04   9.0080887e+02   9.7331222e+03   5.6706849e+03   2.6668878e+03   7.5360073e+04   1.4799668e+04   1.4462050e+04   5.7312837e+03   1.4462050e+04   1.3047219e+03   1.5308827e+03   9.7331222e+03   1.2307267e+04   3.2653147e+03   7.8938454e+02   9.2476336e+02   9.0080887e+02   2.6668878e+03   3.3405192e+03   2.1868092e+03   7.6285795e+03   2.6668878e+03   9.4906778e+03   5.1053256e+03   2.2102039e+04   9.0080887e+02
   3.0742941e+03   1.2810624e+04   9.0080887e+02   1.2610297e+04   9.0080887e+02   7.6992770e+02   5.6706849e+03   2.6668878e+03   1.8851281e+04   4.7817848e+03   9.5191495e+03   1.2996805e+03   9.5191495e+03   1.3047219e+03   1.5276398e+03   7.6992770e+02   5.9054701e+03   3.1846294e+03   7.8938454e+02   9.2476336e+02   9.0080887e+02   2.6668878e+03   3.3405192e+03   9.2395067e+02   2.4101155e+03   2.6668878e+03   9.4885939e+03   4.8824245e+03   2.0179096e+04   9.0080887e+02
   3.0742941e+03   1.0479512e+04   7.9745500e+02   3.9321654e+03   7.9745500e+02   6.6571283e+02   4.6620425e+03   2.5645965e+03   1.9168574e+03   1.3480616e+03   1.9763754e+03   1.2996805e+03   1.9763754e+03   1.3047219e+03   1.5276398e+03   6.6571283e+02   4.3701749e+03   1.1957134e+03   7.8938454e+02   9.2476336e+02   7.9745500e+02   2.5645965e+03   3.3405192e+03   7.7191269e+02   1.6500746e+03   2.5645965e+03   8.6507614e+03   2.0123930e+03   3.7923494e+02   7.9745500e+02
   1.0470242e+03   5.8943057e+02   4.1155253e+02   1.1784923e+02   4.1155253e+02   2.1085469e+02   7.8770714e+02   5.6617647e+02   1.0903858e+03   9.6391577e+02   7.7862887e+02   5.0003245e+02   7.7862887e+02   1.2422860e+03   6.7836535e+02   2.1085469e+02   7.8827156e+02   1.0016198e+03   7.8938454e+02   5.3362498e+02   4.1155253e+02   5.6617647e+02   9.2254508e+01   2.2470260e+02   6.6295869e+01   5.6617647e+02   1.7067650e+03   4.1037651e+02   2.0262170e+02   4.1155253e+02
   1.3589770e+02   2.9873954e+02   1.9022676e+01   1.0670459e+02   1.9022676e+01   6.0532735e+01   9.4666719e+01   4.4656572e+01   1.9952279e+02   3.3214845e+02   1.0907053e+02   2.9761394e+02   1.0907053e+02   1.0326313e+02   3.1686524e+01   6.0532735e+01   5.2994145e+01   2.0036127e+02   1.5076088e+02   3.9333276e+01   1.9022676e+01   4.4656572e+01   4.3111511e+01   7.4443203e+01   5.6688375e+01   4.4656572e+01   5.5097847e+01   1.4286991e+02   7.2808614e+01   1.9022676e+01
   2.0224430e+01   1.3709396e+01   9.1014160e+00   1.3584110e+01   9.1014160e+00   8.7653455e+00   1.2044870e+01   1.4608305e+01   1.0891652e+01   1.5314404e+01   9.8720829e+00   1.4112243e+01   9.8720829e+00   1.1710948e+01   1.3364499e+01   8.7653455e+00   1.0792513e+01   1.5177771e+01   1.1182525e+01   1.6011791e+01   9.1014160e+00   1.4608305e+01   9.6250914e+00   1.3424844e+01   1.5001818e+01   1.4608305e+01   1.6916210e+01   1.7751835e+01   6.8582261e+00   9.1014160e+00
   4.6906513e+00   8.6844615e+00   6.1604487e+00   6.8999161e+00   6.1604487e+00   6.6178979e+00   6.2588139e+00   5.1210872e+00   6.5144050e+00   7.3856173e+00   5.3319012e+00   5.2435374e+00   5.3319012e+00   6.6883650e+00   4.8639060e+00   6.6178979e+00   4.6192470e+00   6.8346295e+00   4.3354563e+00   5.5524674e+00   6.1604487e+00   5.1210872e+00   6.5371850e+00   5.3773214e+00   6.1238250e+00   5.1210872e+00   7.4236539e+00   5.8202469e+00   6.1741622e+00   6.1604487e+00
   2.7267647e+00   2.3154375e+00   2.0188080e+00   2.7882193e+00   2.0188080e+00   2.4732139e+00   2.1331024e+00   2.4377639e+00   2.3498311e+00   2.3437986e+00   2.7295339e+00   2.8250695e+00   2.7295339e+00   2.0104106e+00   2.5764931e+00   2.4732139e+00   2.0656096e+00   1.5102915e+00   2.4409699e+00   2.8562963e+00   2.0188080e+00   2.4377639e+00   2.2479210e+00   2.1081474e+00   2.1927456e+00   2.4377639e+00   2.1821898e+00   1.5947792e+00   2.2932487e+00   2.0188080e+00
   1.5413410e+00   1.4052755e+00   1.4049196e+00   1.1670868e+00   1.4049196e+00   1.8029819e+00   1.2815816e+00   1.2980394e+00   1.5245097e+00   1.5459737e+00   1.6394680e+00   1.4725290e+00   1.6394680e+00   1.5017326e+00   1.6875385e+00   1.8029819e+00   1.5699628e+00   1.2119847e+00   1.0464089e+00   1.7541979e+00   1.4049196e+00   1.2980394e+00   1.0520659e+00   1.5062283e+00   1.4776506e+00   1.2980394e+00   1.6375842e+00   1.3349255e+00   1.5085981e+00   1.4049196e+00
   1.1584126e+00   1.2340041e+00   8.6077730e-01   7.8540253e-01   8.6077730e-01   1.0818795e+00   9.7733913e-01   1.0603898e+00   1.1758981e+00   1.0209642e+00   9.7357190e-01   1.2443009e+00   9.7357190e-01   1.1432971e+00   1.0080409e+00   1.0818795e+00   1.3377247e+00   1.2119847e+00   9.8965890e-01   8.6594399e-01   8.6077730e-01   1.0603898e+00   1.0362499e+00   1.2174092e+00   8.6232230e-01   1.0603898e+00   1.1454802e+00   9.3091909e-01   1.1918622e+00   8.6077730e-01
   8.0712737e-01   7.2516224e-01   7.8287301e-01   5.5223392e-01   7.8287301e-01   1.0671894e+00   9.5778142e-01   7.2812292e-01   9.0624290e-01   5.7335758e-01   7.9807392e-01   9.0538684e-01   7.9807392e-01   7.6579956e-01   8.5736560e-01   1.0671894e+00   7.8809392e-01   8.7109446e-01   9.6554630e-01   8.2797922e-01   7.8287301e-01   7.2812292e-01   7.0697054e-01   8.1324498e-01   8.3631708e-01   7.2812292e-01   8.9833465e-01   7.1261917e-01   6.5274055e-01   7.8287301e-01
   5.1292180e-01   5.3137022e-01   5.2742536e-01   4.0613858e-01   5.2742536e-01   5.1715471e-01   5.6581819e-01   5.2469093e-01   5.5425966e-01   4.8339172e-01   4.8046819e-01   6.8280030e-01   4.8046819e-01   5.3456240e-01   6.0617680e-01   5.1715471e-01   5.8589092e-01   5.6929953e-01   6.2814905e-01   4.2819803e-01   5.2742536e-01   5.2469093e-01   5.5734462e-01   4.3494767e-01   5.7057645e-01   5.2469093e-01   4.6123057e-01   4.6092046e-01   5.4467647e-01   5.2742536e-01
   3.5645727e-01   2.9594016e-01   2.5144287e-01   2.8644812e-01   2.5144287e-01   2.3038158e-01   3.5756978e-01   2.4083002e-01   3.5846369e-01   2.1320685e-01   3.1802257e-01   2.8065418e-01   3.1802257e-01   2.9553709e-01   3.2321916e-01   2.3038158e-01   2.7551317e-01   3.7793346e-01   2.7778668e-01   3.3136837e-01   2.5144287e-01   2.4083002e-01   2.3675213e-01   2.7050410e-01   2.5111515e-01   2.4083002e-01   2.6349600e-01   2.2827834e-01   2.1702279e-01   2.5144287e-01
