   2.3557433e+03   2.0138098e+03   2.3468765e+03   2.3366136e+03   2.3468765e+03   2.0246683e+03   2.4651912e+03   2.1338674e+03   2.2555669e+03   2.1278430e+03   2.1981893e+03   1.9355974e+03   2.1981893e+03   2.3995497e+03   2.4068174e+03   2.0246683e+03   2.2273777e+03   2.3468765e+03   2.0246683e+03   2.5178343e+03   2.3468765e+03   2.1338674e+03   2.4265416e+03   2.4068174e+03   2.1362735e+03   2.1338674e+03   2.2273777e+03   2.1666816e+03   1.9355974e+03   2.3468765e+03
   2.3557433e+03   2.0138098e+03   2.2256483e+03   2.3366136e+03   2.2256483e+03   2.0246683e+03   2.3941629e+03   2.1338674e+03   2.0561182e+03   2.0768979e+03   2.1524929e+03   1.9355974e+03   2.1524929e+03   1.8937329e+03   1.9621740e+03   2.0246683e+03   2.2273777e+03   2.2256483e+03   2.0246683e+03   2.1868873e+03   2.2256483e+03   2.1338674e+03   1.8326205e+03   1.9621740e+03   1.8553522e+03   2.1338674e+03   2.2273777e+03   1.8037454e+03   1.9355974e+03   2.2256483e+03
   2.3557433e+03   2.0138098e+03   2.2256483e+03   2.3366136e+03   2.2256483e+03   2.0246683e+03   2.3941629e+03   2.1338674e+03   2.0561182e+03   2.0768979e+03   2.1524929e+03   1.9355974e+03   2.1524929e+03   1.8937329e+03   1.9621740e+03   2.0246683e+03   2.2273777e+03   2.2256483e+03   2.0246683e+03   2.1868873e+03   2.2256483e+03   2.1338674e+03   1.8326205e+03   1.9621740e+03   1.8553522e+03   2.1338674e+03   2.2273777e+03   1.8037454e+03   1.9355974e+03   2.2256483e+03
   2.0488244e+03   2.0138098e+03   2.2256483e+03   2.2629418e+03   2.2256483e+03   2.0246683e+03   2.0426281e+03   2.1338674e+03   2.0128114e+03   2.0440906e+03   2.1524929e+03   1.9355974e+03   2.1524929e+03   1.8937329e+03   1.9621740e+03   2.0246683e+03   2.2273777e+03   2.2256483e+03   2.0246683e+03   2.1868873e+03   2.2256483e+03   2.1338674e+03   1.8326205e+03   1.9621740e+03   1.7869486e+03   2.1338674e+03   2.2273777e+03   1.8037454e+03   1.9355974e+03   2.2256483e+03
   1.4931175e+03   1.9703659e+03   1.8452610e+03   2.1184779e+03   1.8452610e+03   1.6114962e+03   1.6048147e+03   1.8789141e+03   2.0128114e+03   1.7337080e+03   1.7119088e+03   1.9355974e+03   1.7119088e+03   1.5755723e+03   1.3877029e+03   1.6114962e+03   1.9906802e+03   1.8452610e+03   1.6114962e+03   2.0462220e+03   1.8452610e+03   1.8789141e+03   1.8326205e+03   1.3877029e+03   1.7869486e+03   1.8789141e+03   1.9906802e+03   1.8037454e+03   1.9355974e+03   1.8452610e+03
   1.4870802e+03   1.9248404e+03   1.5007656e+03   1.9533443e+03   1.5007656e+03   1.6114962e+03   1.3152015e+03   1.7627988e+03   2.0128114e+03   1.5617910e+03   1.7119088e+03   1.6993843e+03   1.7119088e+03   1.5755723e+03   1.3877029e+03   1.6114962e+03   1.9651340e+03   1.5007656e+03   1.6114962e+03   1.9373105e+03   1.5007656e+03   1.7627988e+03   1.8173718e+03   1.3877029e+03   1.7869486e+03   1.7627988e+03   1.9651340e+03   1.8037454e+03   1.6993843e+03   1.5007656e+03
   1.4861628e+03   1.7444828e+03   1.5007656e+03   1.4635239e+03   1.5007656e+03   1.5822619e+03   1.2844553e+03   1.7627988e+03   1.8770825e+03   1.5617910e+03   1.7119088e+03   1.5072114e+03   1.7119088e+03   1.2455079e+03   1.3877029e+03   1.5822619e+03   1.8270136e+03   1.5007656e+03   1.5822619e+03   1.3630686e+03   1.5007656e+03   1.7627988e+03   1.6855667e+03   1.3877029e+03   1.2148049e+03   1.7627988e+03   1.8270136e+03   1.7580365e+03   1.5072114e+03   1.5007656e+03
   1.4104866e+03   1.4609057e+03   1.3617043e+03   1.1990527e+03   1.3617043e+03   1.4170006e+03   1.2844553e+03   1.5756013e+03   1.4963251e+03   1.5556902e+03   1.3670603e+03   1.2206923e+03   1.3670603e+03   1.2455079e+03   1.3877029e+03   1.4170006e+03   1.1839705e+03   1.3617043e+03   1.4170006e+03   1.3630686e+03   1.3617043e+03   1.5756013e+03   1.6855667e+03   1.3877029e+03   1.2148049e+03   1.5756013e+03   1.1839705e+03   1.5731377e+03   1.2206923e+03   1.3617043e+03
   1.4104866e+03   1.1470024e+03   1.3575422e+03   9.0736890e+02   1.3575422e+03   1.2024831e+03   1.2844553e+03   1.2244724e+03   1.3788899e+03   1.2734044e+03   1.2677775e+03   9.7159160e+02   1.2677775e+03   1.2455079e+03   1.3877029e+03   1.2024831e+03   1.1839705e+03   1.3575422e+03   1.2024831e+03   1.3385397e+03   1.3575422e+03   1.2244724e+03   1.3346469e+03   1.3877029e+03   1.1978522e+03   1.2244724e+03   1.1839705e+03   1.4327385e+03   9.7159160e+02   1.3575422e+03
   1.0808798e+03   9.6376065e+02   8.8354488e+02   9.0736890e+02   8.8354488e+02   1.1504619e+03   1.2069754e+03   8.2217860e+02   1.1694461e+03   1.2092567e+03   1.1786891e+03   9.3451597e+02   1.1786891e+03   1.1095984e+03   1.2601940e+03   1.1504619e+03   1.1839705e+03   8.8354488e+02   1.1504619e+03   1.3385397e+03   8.8354488e+02   8.2217860e+02   1.0027056e+03   1.2601940e+03   1.0407794e+03   8.2217860e+02   1.1839705e+03   1.0654761e+03   9.3451597e+02   8.8354488e+02
   5.8716748e+02   9.3440304e+02   8.2234597e+02   8.0378246e+02   8.2234597e+02   6.3010754e+02   7.7162152e+02   8.2217860e+02   9.5723004e+02   1.0283569e+03   8.2140458e+02   7.8681004e+02   8.2140458e+02   8.7100040e+02   1.1319953e+03   6.3010754e+02   7.1216866e+02   8.2234597e+02   6.3010754e+02   1.0935004e+03   8.2234597e+02   8.2217860e+02   1.0027056e+03   1.1319953e+03   7.3376438e+02   8.2217860e+02   7.1216866e+02   9.2279799e+02   7.8681004e+02   8.2234597e+02
   3.5795576e+02   6.4930039e+02   6.9483597e+02   7.8957763e+02   6.9483597e+02   6.1571647e+02   6.0194815e+02   7.5718448e+02   6.8302247e+02   7.8468025e+02   8.2140458e+02   5.4208994e+02   8.2140458e+02   6.5945468e+02   4.5624718e+02   6.1571647e+02   6.0030252e+02   6.9483597e+02   6.1571647e+02   8.3353441e+02   6.9483597e+02   7.5718448e+02   5.4443461e+02   4.5624718e+02   4.8709352e+02   7.5718448e+02   6.0030252e+02   6.7207821e+02   5.4208994e+02   6.9483597e+02
   2.4201025e+02   4.9778849e+02   5.4613724e+02   3.2343456e+02   5.4613724e+02   4.8673477e+02   1.3852981e+02   6.5875809e+02   5.8697619e+02   3.2676839e+02   6.8221850e+02   2.5860421e+02   6.8221850e+02   4.6480361e+02   3.6385685e+02   4.8673477e+02   5.6015036e+02   5.4613724e+02   4.8673477e+02   4.6062291e+02   5.4613724e+02   6.5875809e+02   4.1141149e+02   3.6385685e+02   4.4211563e+02   6.5875809e+02   5.6015036e+02   4.9665975e+02   2.5860421e+02   5.4613724e+02
   1.2419013e+02   3.9545818e+02   3.3754998e+02   2.8688647e+02   3.3754998e+02   3.6878993e+02   5.3136440e+01   4.9623858e+02   3.0411834e+02   2.3177364e+02   3.6985632e+02   2.1322025e+02   3.6985632e+02   1.9774224e+02   2.9255859e+02   3.6878993e+02   2.9017570e+02   3.3754998e+02   3.6878993e+02   3.7054414e+02   3.3754998e+02   4.9623858e+02   3.2047895e+02   2.9255859e+02   3.5602507e+02   4.9623858e+02   2.9017570e+02   1.8635422e+02   2.1322025e+02   3.3754998e+02
   3.0172878e+01   1.0500186e+02   1.1858301e+02   2.7018204e+02   1.1858301e+02   2.1872753e+02   2.6250693e+01   1.9777296e+02   1.8660378e+02   1.7387021e+02   1.8049765e+02   1.5261487e+02   1.8049765e+02   9.5896560e+01   1.8165675e+02   2.1872753e+02   1.7936274e+02   1.1858301e+02   2.1872753e+02   1.5137472e+02   1.1858301e+02   1.9777296e+02   8.2545901e+01   1.8165675e+02   4.9289633e+01   1.9777296e+02   1.7936274e+02   1.4103156e+02   1.5261487e+02   1.1858301e+02
   4.3718109e-01   7.1421936e+00   1.0245354e+01   3.0176700e+01   1.0245354e+01   1.0182428e+01   3.6023240e+00   3.7472665e-01   3.7472665e-01   7.0172847e+00   1.3598391e+01   1.2539316e+02   1.3598391e+01   6.9548303e+00   3.3529206e+01   1.0182428e+01   1.8596992e+01   1.0245354e+01   1.0182428e+01   6.9548303e+00   1.0245354e+01   3.7472665e-01   1.0244882e+01   3.3529206e+01   6.8923758e+00   3.7472665e-01   1.8596992e+01   7.0797391e+00   1.2539316e+02   1.0245354e+01
