   1.7585345e+03   1.3190001e+03   1.1915126e+03   1.4624090e+03   1.1869502e+03   1.7102530e+03   1.1968237e+03   1.3501274e+03   1.5862759e+03   2.4698426e+03   1.3701648e+03   1.7597867e+03   1.3701648e+03   1.7505414e+03   1.7839764e+03   1.7102530e+03   1.6872380e+03   8.4906592e+02   1.5340048e+03   1.9582033e+03   1.1869502e+03   9.3229577e+02   1.4882340e+03   1.7536870e+03   1.8300474e+03   1.5208958e+03   2.0971614e+03   1.5611556e+03   1.8467256e+03   1.3410227e+03
   1.0799192e+03   1.0616992e+03   1.1915126e+03   1.4624090e+03   1.1869502e+03   1.2753737e+03   1.1968237e+03   1.1620949e+03   1.3859834e+03   1.6595362e+03   1.3701648e+03   1.7597867e+03   1.3701648e+03   1.7505414e+03   1.7839764e+03   1.2753737e+03   1.4043626e+03   8.4906592e+02   1.5340048e+03   1.4174119e+03   1.1869502e+03   9.3229577e+02   1.2800980e+03   1.5641834e+03   1.4894704e+03   1.5208958e+03   1.6528973e+03   1.3550859e+03   1.4590736e+03   1.1824605e+03
   1.0799192e+03   1.0616992e+03   1.1915126e+03   1.4624090e+03   1.1869502e+03   1.2753737e+03   1.1968237e+03   1.1620949e+03   1.3859834e+03   1.6595362e+03   1.3701648e+03   1.7597867e+03   1.3701648e+03   1.7505414e+03   1.7839764e+03   1.2753737e+03   1.4043626e+03   8.4906592e+02   1.5340048e+03   1.4174119e+03   1.1869502e+03   9.3229577e+02   1.2800980e+03   1.5641834e+03   1.4894704e+03   1.5208958e+03   1.6528973e+03   1.3550859e+03   1.4590736e+03   1.1824605e+03
   1.0698465e+03   1.0616992e+03   1.1915126e+03   1.3453719e+03   1.1869502e+03   1.2753737e+03   1.1968237e+03   1.1620949e+03   1.0278536e+03   1.1703579e+03   1.1213400e+03   1.4233369e+03   1.1213400e+03   1.7473457e+03   1.7171300e+03   1.2753737e+03   1.3342342e+03   8.4906592e+02   1.4265353e+03   1.4174119e+03   1.1869502e+03   9.3229577e+02   1.2713629e+03   1.5025654e+03   1.4044744e+03   1.5208958e+03   1.5296069e+03   1.3550859e+03   1.2412155e+03   1.0388351e+03
   1.0695586e+03   9.2437150e+02   1.1909030e+03   1.1482479e+03   8.7835266e+02   1.1911741e+03   1.0924471e+03   1.0619948e+03   1.0278536e+03   9.5972866e+02   1.1213400e+03   1.3851336e+03   1.1213400e+03   7.4508537e+02   1.4181683e+03   1.1911741e+03   1.3109727e+03   8.4906592e+02   1.2079612e+03   1.1664482e+03   8.7835266e+02   9.3003538e+02   1.1620599e+03   1.1519192e+03   1.1501303e+03   9.1193558e+02   1.1782258e+03   1.0244672e+03   1.1720695e+03   9.0353372e+02
   1.0399574e+03   9.2437150e+02   9.8430288e+02   9.5309895e+02   8.3414959e+02   1.1056503e+03   9.4819350e+02   1.0619948e+03   1.0278536e+03   8.6411732e+02   9.2763254e+02   1.0928307e+03   9.2763254e+02   7.4508537e+02   1.1669724e+03   1.1056503e+03   7.2434377e+02   8.0029756e+02   1.1195862e+03   8.2066960e+02   8.3414959e+02   9.3003538e+02   9.6196835e+02   9.7631401e+02   1.0581108e+03   9.1030126e+02   8.4255779e+02   1.0244672e+03   7.5356486e+02   9.0353372e+02
   8.0252829e+02   8.5871965e+02   9.0269532e+02   8.3816600e+02   7.7517520e+02   8.6388155e+02   8.3336981e+02   8.3625458e+02   8.9743724e+02   8.2925514e+02   9.0809962e+02   9.0104087e+02   9.0809962e+02   6.6681632e+02   7.6427489e+02   8.6388155e+02   7.2434377e+02   7.9574250e+02   8.3811699e+02   7.2090981e+02   7.7517520e+02   8.7934406e+02   5.5038447e+02   8.7386855e+02   8.7072992e+02   9.1030126e+02   7.4217358e+02   7.0665765e+02   7.4124662e+02   6.6986158e+02
   7.0627177e+02   6.4319640e+02   6.7849868e+02   7.7426888e+02   6.0252168e+02   6.0034570e+02   6.6366566e+02   6.4722351e+02   7.3772172e+02   7.1583211e+02   7.7951721e+02   7.9987534e+02   7.7951721e+02   5.8710183e+02   6.3332792e+02   6.0034570e+02   5.9521487e+02   7.5960460e+02   7.0122174e+02   6.8508085e+02   6.0252168e+02   6.7952197e+02   5.5024322e+02   6.7917236e+02   6.8620815e+02   6.9928188e+02   6.6501732e+02   6.7610592e+02   7.3765678e+02   6.6986158e+02
   5.9405073e+02   5.5483013e+02   6.1311937e+02   5.6548993e+02   5.4292463e+02   5.5942482e+02   5.9752104e+02   6.0896206e+02   6.1805794e+02   5.8972697e+02   5.4334544e+02   5.2965037e+02   5.4334544e+02   5.0076575e+02   5.4279152e+02   5.5942482e+02   4.6025569e+02   6.0069118e+02   5.4242134e+02   5.6497745e+02   5.4292463e+02   5.8142245e+02   5.5024322e+02   5.6976264e+02   5.6729385e+02   4.8122916e+02   5.8560390e+02   5.3853852e+02   5.6130400e+02   5.5073888e+02
   5.2205051e+02   4.9983491e+02   5.3255454e+02   5.1648530e+02   4.7007008e+02   5.3232500e+02   4.7530230e+02   4.9084923e+02   5.4258783e+02   4.7067611e+02   4.8400441e+02   5.1613042e+02   4.8400441e+02   5.0076575e+02   5.2593722e+02   5.3232500e+02   4.4966856e+02   5.1128652e+02   5.1399547e+02   4.6087460e+02   4.7007008e+02   5.1162367e+02   4.8807276e+02   4.9144061e+02   5.2302983e+02   4.4863052e+02   4.7401337e+02   4.9058665e+02   4.9479626e+02   4.7863147e+02
   4.3812390e+02   4.2644115e+02   4.4434185e+02   4.5464329e+02   4.3742519e+02   4.3170753e+02   4.3820670e+02   4.2028793e+02   4.2861308e+02   4.3266012e+02   4.4449838e+02   4.2855502e+02   4.4449838e+02   4.3427891e+02   4.2608488e+02   4.3170753e+02   4.3288927e+02   4.2457666e+02   4.3602864e+02   4.3289993e+02   4.3742519e+02   4.3579075e+02   4.3312420e+02   4.1775355e+02   4.3254440e+02   4.2870236e+02   4.2652769e+02   4.2399957e+02   4.3595525e+02   4.2983628e+02
   4.0562722e+02   4.0305313e+02   4.0549844e+02   4.0533309e+02   4.0422197e+02   4.0529236e+02   4.0383863e+02   4.0440266e+02   4.0545817e+02   4.0405184e+02   4.0341201e+02   4.0361595e+02   4.0341201e+02   4.0314933e+02   4.0450817e+02   4.0529236e+02   4.0463156e+02   4.0304769e+02   4.0400741e+02   4.0302009e+02   4.0422197e+02   4.0290852e+02   4.0379171e+02   4.0414617e+02   4.0442163e+02   4.0311907e+02   4.0492419e+02   4.0504584e+02   4.0347029e+02   4.0600849e+02
   4.0007028e+02   4.0004707e+02   4.0006804e+02   4.0009906e+02   4.0006688e+02   4.0006857e+02   4.0006874e+02   4.0006933e+02   4.0008512e+02   4.0005234e+02   4.0006981e+02   4.0007510e+02   4.0006981e+02   4.0006814e+02   4.0007369e+02   4.0006857e+02   4.0008113e+02   4.0005874e+02   4.0006770e+02   4.0007065e+02   4.0006688e+02   4.0007627e+02   4.0006122e+02   4.0005151e+02   4.0005169e+02   4.0005946e+02   4.0006738e+02   4.0003252e+02   4.0006110e+02   4.0008951e+02
   4.0000005e+02   4.0000006e+02   4.0000006e+02   4.0000010e+02   4.0000004e+02   4.0000009e+02   4.0000004e+02   4.0000008e+02   4.0000010e+02   4.0000004e+02   4.0000006e+02   4.0000010e+02   4.0000006e+02   4.0000005e+02   4.0000005e+02   4.0000009e+02   4.0000005e+02   4.0000004e+02   4.0000005e+02   4.0000004e+02   4.0000004e+02   4.0000009e+02   4.0000005e+02   4.0000004e+02   4.0000004e+02   4.0000006e+02   4.0000006e+02   4.0000007e+02   4.0000003e+02   4.0000007e+02
   4.0000000e+02   4.0000000e+02   4.0000000e+02   4.0000000e+02   4.0000000e+02   4.0000000e+02   4.0000000e+02   4.0000000e+02   4.0000000e+02   4.0000000e+02   4.0000000e+02   3.3759123e+02   4.0000000e+02   4.0000000e+02   3.5674950e+02   4.0000000e+02   4.0000000e+02   4.0000000e+02   4.0000000e+02   4.0000000e+02   4.0000000e+02   1.6532493e+02   4.0000000e+02   4.0000000e+02   4.0000000e+02   4.0000000e+02   4.0000000e+02   4.0000000e+02   4.0000000e+02   4.0000000e+02
   4.0000000e+02   4.0000000e+02   4.0000000e+02   4.0000000e+02   4.0000000e+02   4.0000000e+02   4.0000000e+02   4.0000000e+02   4.0000000e+02   4.0000000e+02   4.0000000e+02   1.0000702e+02   4.0000000e+02   4.0000000e+02   1.0000451e+02   4.0000000e+02   4.0000000e+02   4.0000000e+02   4.0000000e+02   4.0000000e+02   4.0000000e+02   1.0000439e+02   4.0000000e+02   4.0000000e+02   4.0000000e+02   4.0000000e+02   4.0000000e+02   4.0000000e+02   4.0000000e+02   4.0000000e+02
