   5.4961648e+02   4.0313717e+02   4.5778391e+02   2.3985907e+02   5.7247982e+02   4.7934959e+02   5.5079413e+02   3.1728793e+02   2.4721998e+02   2.8900159e+02   5.2291119e+02   6.5587604e+02   6.9185807e+02   6.3304761e+02   5.3996916e+02   4.7934959e+02   6.5782492e+02   5.8885928e+02   3.4411275e+02   6.8665504e+02   5.7247982e+02   6.2096819e+02   4.8639720e+02   7.0056703e+02   2.7476692e+02   6.2096819e+02   5.7123870e+02   6.3289068e+02   4.1119525e+02   5.7247982e+02
   2.8081601e+02   4.0313717e+02   4.5778391e+02   2.3985907e+02   5.7247982e+02   4.7934959e+02   2.8768198e+02   3.1728793e+02   2.4721998e+02   2.8900159e+02   5.2142779e+02   6.0411595e+02   5.1788584e+02   4.4562019e+02   4.8633818e+02   4.7934959e+02   5.5070591e+02   5.8583907e+02   3.4411275e+02   6.8665504e+02   5.7247982e+02   6.1055889e+02   4.8639720e+02   7.0056703e+02   2.7476692e+02   6.1055889e+02   4.9547114e+02   4.0061986e+02   4.1119525e+02   5.7247982e+02
   2.8081601e+02   4.0313717e+02   4.5778391e+02   2.3985907e+02   5.7247982e+02   4.7934959e+02   2.8768198e+02   3.1728793e+02   2.4721998e+02   2.8900159e+02   5.2142779e+02   6.0411595e+02   5.1788584e+02   4.4562019e+02   4.8633818e+02   4.7934959e+02   5.5070591e+02   5.8583907e+02   3.4411275e+02   6.8665504e+02   5.7247982e+02   6.1055889e+02   4.8639720e+02   7.0056703e+02   2.7476692e+02   6.1055889e+02   4.9547114e+02   4.0061986e+02   4.1119525e+02   5.7247982e+02
   2.8081601e+02   4.0313717e+02   4.4699975e+02   2.3985907e+02   2.9036550e+02   4.3775595e+02   2.8762601e+02   3.1644861e+02   2.4721998e+02   2.8900159e+02   4.9402382e+02   5.4214341e+02   3.1074230e+02   4.4562019e+02   4.8633818e+02   4.3775595e+02   1.9787738e+02   3.9266889e+02   3.4411275e+02   3.6270466e+02   2.9036550e+02   6.1055889e+02   3.0097133e+02   6.0962628e+02   2.7476692e+02   6.1055889e+02   4.9250488e+02   4.0061986e+02   4.1119525e+02   2.9036550e+02
   2.4899388e+02   2.5281473e+02   1.9110005e+02   2.2360223e+02   2.9036485e+02   4.3775595e+02   2.8762601e+02   3.1644861e+02   2.4721998e+02   2.8601114e+02   2.6163344e+02   4.5020714e+02   2.9296372e+02   2.5155420e+02   3.6914777e+02   4.3775595e+02   1.9787738e+02   3.9214043e+02   1.8333208e+02   3.5917988e+02   2.9036485e+02   5.5015939e+02   3.0097133e+02   5.2531176e+02   1.9468905e+02   5.5015939e+02   4.9250488e+02   2.8892036e+02   3.0556785e+02   2.9036485e+02
   2.4191143e+02   2.5281473e+02   1.8524105e+02   2.2360223e+02   2.9036485e+02   3.3123471e+02   2.8762601e+02   3.1059068e+02   2.4700395e+02   2.8601114e+02   2.4796108e+02   3.7209904e+02   2.8656427e+02   2.5155420e+02   3.4504179e+02   3.3123471e+02   1.9787738e+02   2.3782939e+02   1.8333208e+02   3.2632069e+02   2.9036485e+02   1.5162085e+02   3.0097133e+02   4.8523586e+02   1.9468905e+02   1.5162085e+02   2.5222150e+02   2.8617323e+02   2.9573285e+02   2.9036485e+02
   1.9828758e+02   7.6664394e+01   1.7054970e+02   1.9604166e+02   2.8973217e+02   1.4993972e+02   2.4648278e+02   2.6628515e+02   1.1014650e+02   2.2474062e+02   1.1162435e+02   3.1036086e+02   1.0316657e+02   2.4966503e+02   3.0444446e+02   1.4993972e+02   1.9787738e+02   2.1469220e+02   7.7853581e+01   1.6393750e+02   2.8973217e+02   1.4647386e+02   2.2992942e+02   1.7704754e+02   1.3994443e+02   1.4647386e+02   1.1453655e+02   2.8391992e+02   1.3786959e+02   2.8973217e+02
   1.9175793e+02   7.2311727e+01   1.3817446e+02   1.9604166e+02   1.7508300e+02   1.0772145e+02   2.2020952e+02   1.4174338e+02   1.1014650e+02   1.9832104e+02   8.1322238e+01   1.5653802e+02   9.7539469e+01   5.7603697e+01   2.1742011e+02   1.0772145e+02   1.9787738e+02   1.3950978e+02   7.7511184e+01   1.5618260e+02   1.7508300e+02   1.2855668e+02   2.1007617e+02   1.4652325e+02   1.3415021e+02   1.2855668e+02   1.0522388e+02   1.8429779e+02   1.3164223e+02   1.7508300e+02
   1.0672868e+02   5.3715481e+01   1.2943286e+02   1.3065442e+02   7.9684632e+01   1.0772145e+02   3.8686586e+01   1.3109149e+02   1.0466064e+02   9.6514591e+01   7.4837142e+01   1.0565605e+02   9.1197397e+01   5.5624858e+01   3.7484349e+01   1.0772145e+02   1.2226874e+02   1.3950978e+02   7.7511184e+01   1.1073022e+02   7.9684632e+01   2.2124059e+01   2.0918058e+02   6.8117449e+01   8.1555004e+01   2.2124059e+01   9.2577545e+01   1.8429779e+02   7.2415827e+01   7.9684632e+01
   7.0556727e+01   4.2837760e+01   3.8084516e+01   8.9938485e+01   6.6448058e+01   5.2121912e+01   2.2257454e+01   6.8238846e+01   5.4198174e+01   5.7413810e+01   6.3609610e+01   4.9518333e+01   2.5118329e+01   4.5054508e+01   3.3401052e+01   5.2121912e+01   7.2168714e+01   5.5929476e+01   7.7511184e+01   7.5517763e+01   6.6448058e+01   2.0258961e+01   8.6493640e+01   2.0710278e+01   1.4823027e+01   2.0258961e+01   7.3053426e+01   3.4161336e+01   7.2415827e+01   6.6448058e+01
   3.1059326e+01   7.8405511e+00   2.1715455e+01   1.5207807e+01   2.0259218e+01   2.3367633e+01   2.2257454e+01   2.7470343e+01   1.0773680e+01   3.2128173e+01   1.4084570e+01   1.4739172e+01   1.4834747e+01   7.4050792e+00   3.2020564e+01   2.3367633e+01   1.5466411e+01   2.7337786e+01   4.7047988e+01   1.8603001e+01   2.0259218e+01   1.5726925e+01   3.8914216e+01   1.9002299e+01   1.3623172e+01   1.5726925e+01   3.4955059e+01   1.6731694e+01   2.3311713e+01   2.0259218e+01
   1.3355013e+01   7.3184275e+00   1.0906831e+01   1.2967015e+01   1.0179337e+01   2.0418610e+01   1.9961480e+01   1.3351131e+01   9.6946637e+00   9.9599838e+00   5.6260846e+00   1.2368038e+01   5.5723058e+00   6.7434728e+00   2.1077110e+01   2.0418610e+01   1.4997025e+01   1.4556024e+01   2.2703069e+01   1.0852182e+01   1.0179337e+01   1.3042324e+01   1.5618574e+01   1.6500873e+01   6.7460869e+00   1.3042324e+01   2.0960484e+01   1.2078388e+01   1.3214872e+01   1.0179337e+01
   5.7659319e+00   4.4432862e+00   1.6055647e+00   7.4442337e-01   3.4543273e+00   1.2184682e+01   5.9304212e+00   5.9159855e+00   7.4125445e+00   5.5727386e+00   4.0124159e+00   7.6280632e+00   5.5606902e+00   4.5487617e+00   7.7636342e+00   1.2184682e+01   7.5256450e+00   7.9291802e+00   8.9774824e+00   9.3998721e+00   3.4543273e+00   4.4359518e+00   4.3817421e+00   8.4516831e+00   3.4375030e+00   4.4359518e+00   6.4253397e+00   5.7569346e+00   4.9763507e+00   3.4543273e+00
   9.5645563e-01   1.9789497e+00   1.2577365e+00   2.9881989e-01   6.8118357e-01   3.4813185e+00   1.6517772e+00   2.7875939e+00   4.4910795e+00   2.2544503e+00   3.1315557e+00   2.7787969e+00   2.3030267e+00   2.0424918e+00   3.7177804e+00   3.4813185e+00   2.4952374e+00   3.9186563e+00   2.8632153e+00   2.6698443e+00   6.8118357e-01   2.2672574e+00   2.7324359e+00   2.2065269e+00   4.2669883e-02   2.2672574e+00   1.7022715e+00   3.2076608e+00   2.2405233e+00   6.8118357e-01
   5.8433811e-01   2.9293498e-01   1.2169027e-01   4.7292043e-02   2.2792010e-01   9.6291273e-02   1.3622321e-01   8.1941366e-01   5.4744743e-01   6.9538705e-02   7.5935642e-01   1.4414869e+00   7.2119302e-02   3.4237109e-01   1.7865002e-01   9.6291273e-02   5.1277993e-01   2.0491194e+00   1.5515178e+00   3.1681482e-01   2.2792010e-01   1.3169479e-01   7.7633054e-02   1.9885627e-01   3.3698620e-02   1.3169479e-01   6.1060704e-02   2.0034779e-02   1.8700382e-01   2.2792010e-01
   0.0000000e+00   0.0000000e+00   0.0000000e+00   0.0000000e+00   0.0000000e+00   0.0000000e+00   0.0000000e+00   0.0000000e+00   0.0000000e+00   0.0000000e+00   0.0000000e+00   0.0000000e+00   0.0000000e+00   0.0000000e+00   0.0000000e+00   0.0000000e+00   0.0000000e+00   1.6346293e-08   0.0000000e+00   0.0000000e+00   0.0000000e+00   0.0000000e+00   0.0000000e+00   0.0000000e+00   0.0000000e+00   0.0000000e+00   0.0000000e+00   0.0000000e+00   0.0000000e+00   0.0000000e+00
