   5.9578560e+03   5.6239330e+03   5.4233615e+03   5.4620620e+03   5.5945179e+03   5.5359563e+03   5.0064602e+03   4.6647925e+03   5.6395915e+03   5.5496956e+03   5.2586187e+03   5.1693089e+03   5.2586187e+03   5.4706314e+03   4.7072614e+03   5.5359563e+03   5.5230473e+03   5.4393120e+03   5.8430888e+03   5.4229828e+03   5.5945179e+03   5.4293466e+03   4.6995573e+03   4.9257400e+03   4.7750793e+03   5.3656223e+03   5.6431977e+03   5.2555255e+03   5.3876881e+03   5.0238494e+03
   5.9578560e+03   5.6239330e+03   5.4233615e+03   5.4620620e+03   5.5945179e+03   5.5359563e+03   5.0064602e+03   4.6647925e+03   5.6395915e+03   5.5496956e+03   5.2586187e+03   5.1693089e+03   5.2586187e+03   5.4706314e+03   4.7072614e+03   5.5359563e+03   5.5230473e+03   5.4393120e+03   5.8430888e+03   5.4229828e+03   5.5945179e+03   5.4293466e+03   4.6995573e+03   4.9257400e+03   4.7750793e+03   5.3656223e+03   5.6431977e+03   5.2555255e+03   5.3876881e+03   5.0238494e+03
   5.9578560e+03   5.6239330e+03   5.4233615e+03   5.4620620e+03   5.5945179e+03   5.5359563e+03   5.0064602e+03   4.6647925e+03   5.6395915e+03   5.5496956e+03   5.2586187e+03   5.1693089e+03   5.2586187e+03   5.4706314e+03   4.7072614e+03   5.5359563e+03   5.5230473e+03   5.4393120e+03   5.8430888e+03   5.4229828e+03   5.5945179e+03   5.4293466e+03   4.6995573e+03   4.9257400e+03   4.7750793e+03   5.3656223e+03   5.6431977e+03   5.2555255e+03   5.3876881e+03   5.0238494e+03
   5.6502933e+03   5.6005094e+03   5.4233615e+03   5.4620620e+03   4.9689205e+03   5.2050293e+03   5.0064602e+03   4.6647925e+03   5.0392695e+03   5.1781417e+03   5.1952443e+03   5.1693089e+03   5.1952443e+03   5.4706314e+03   4.7072614e+03   5.2050293e+03   4.7834168e+03   5.4393120e+03   5.7800523e+03   5.3807372e+03   4.9689205e+03   5.4293466e+03   4.6995573e+03   4.9257400e+03   4.7750793e+03   5.3656223e+03   5.2098053e+03   5.2555255e+03   5.3876881e+03   5.0015553e+03
   5.6212127e+03   4.9425683e+03   4.7959757e+03   5.4620620e+03   4.8273120e+03   5.2050293e+03   5.0064602e+03   4.6647925e+03   5.0392695e+03   5.1781417e+03   5.1952443e+03   4.7556620e+03   5.1952443e+03   5.4706314e+03   4.7072614e+03   5.2050293e+03   4.7834168e+03   4.6341849e+03   5.2820161e+03   5.3807372e+03   4.8273120e+03   5.2984730e+03   4.6995573e+03   4.9257400e+03   4.7750793e+03   5.3656223e+03   5.2098053e+03   5.2555255e+03   5.3865336e+03   5.0015553e+03
   4.6384485e+03   4.9425683e+03   4.7959757e+03   4.4624605e+03   4.7568205e+03   4.9075279e+03   5.0064602e+03   4.6647925e+03   4.9188987e+03   4.8344512e+03   4.2538059e+03   4.7556620e+03   4.2538059e+03   4.9977213e+03   4.5497246e+03   4.9075279e+03   4.7834168e+03   4.6341849e+03   5.0979177e+03   4.3951116e+03   4.7568205e+03   4.9940642e+03   4.6995573e+03   4.8476145e+03   4.2521447e+03   5.0559205e+03   4.9246387e+03   4.8711880e+03   5.1853661e+03   5.0015553e+03
   4.5702318e+03   4.5758639e+03   4.4616404e+03   4.4624605e+03   4.7568205e+03   4.5108078e+03   4.9456647e+03   4.4347814e+03   4.5523602e+03   4.8344512e+03   4.2538059e+03   3.9701010e+03   4.2538059e+03   4.4464918e+03   4.5497246e+03   4.5108078e+03   4.1594896e+03   4.6341849e+03   4.9666096e+03   4.2926405e+03   4.7568205e+03   4.1706338e+03   4.6995573e+03   4.4201306e+03   4.2521447e+03   4.3728901e+03   4.7991936e+03   4.4039714e+03   4.7099330e+03   4.5937803e+03
   3.6142651e+03   3.9869485e+03   3.9959842e+03   4.1149121e+03   4.3235796e+03   4.1016916e+03   4.0635073e+03   4.0117549e+03   4.3080764e+03   4.4715638e+03   4.0031491e+03   3.9486303e+03   4.0031491e+03   3.7154106e+03   4.5388907e+03   4.1016916e+03   4.1594896e+03   3.8026516e+03   4.2795182e+03   4.2926405e+03   4.3235796e+03   4.1706338e+03   3.6003154e+03   4.1784825e+03   4.1632064e+03   4.1012414e+03   4.1147732e+03   4.0031741e+03   4.1816418e+03   3.9088465e+03
   3.5001018e+03   3.4985939e+03   3.8987480e+03   3.7417466e+03   3.9684000e+03   3.7292350e+03   3.5210222e+03   3.7270687e+03   3.7927310e+03   3.1229815e+03   3.2094443e+03   3.5133769e+03   3.2094443e+03   2.9486062e+03   3.9551290e+03   3.7292350e+03   3.7959313e+03   3.8026516e+03   2.8138113e+03   4.0651578e+03   3.9684000e+03   3.4910228e+03   3.4912725e+03   3.4820681e+03   3.6052705e+03   3.3507408e+03   3.8097907e+03   3.8778328e+03   3.6782289e+03   3.6578365e+03
   2.2583325e+03   2.4571301e+03   3.0975441e+03   3.1784413e+03   2.9942484e+03   2.4266317e+03   2.8091630e+03   3.0563030e+03   3.3332944e+03   2.4284741e+03   3.2094443e+03   3.2206433e+03   3.2094443e+03   2.8479442e+03   2.8963177e+03   2.4266317e+03   3.1541081e+03   2.8922180e+03   2.3511157e+03   2.8280099e+03   2.9942484e+03   2.8119012e+03   2.6831156e+03   2.4233271e+03   2.8942661e+03   2.9413893e+03   3.1753567e+03   3.0784187e+03   2.2702540e+03   2.8332031e+03
   1.5901638e+03   2.0203298e+03   2.2004387e+03   1.9736445e+03   2.3560766e+03   1.8150345e+03   2.0426058e+03   2.0374270e+03   1.9120360e+03   1.7499301e+03   1.6367347e+03   1.9517044e+03   1.6367347e+03   1.9272176e+03   1.9726171e+03   1.8150345e+03   2.1904451e+03   1.8095000e+03   1.8915484e+03   1.2903751e+03   2.3560766e+03   2.1779064e+03   2.1745842e+03   1.8162052e+03   2.4601478e+03   2.2954106e+03   2.2507500e+03   1.6331845e+03   1.4849258e+03   2.4872715e+03
   1.3353788e+03   1.5547991e+03   1.7926755e+03   1.2542866e+03   1.7100828e+03   1.4183328e+03   1.4648285e+03   1.5045211e+03   1.6020613e+03   1.3288769e+03   1.4670214e+03   1.5301520e+03   1.4670214e+03   7.7170342e+02   1.4831706e+03   1.4183328e+03   1.9214708e+03   1.4311850e+03   1.3649072e+03   7.1953191e+02   1.7100828e+03   1.5147941e+03   1.1798726e+03   1.2933506e+03   1.6463359e+03   1.6157978e+03   1.4574369e+03   1.1132331e+03   1.2105083e+03   1.7875971e+03
   9.0973536e+02   5.0314326e+02   1.0023470e+03   8.2349268e+02   9.9907628e+02   8.9968500e+02   1.0365145e+03   8.2423720e+02   1.0797919e+03   1.0544606e+03   9.4539501e+02   1.1336533e+03   9.4539501e+02   3.0271723e+02   9.2825974e+02   8.9968500e+02   1.2419635e+03   9.3449587e+02   7.2112662e+02   2.5062985e+02   9.9907628e+02   9.3520957e+00   9.0107500e+02   6.8961166e+02   1.0492743e+03   9.3313215e+02   7.9870135e+02   9.2613961e+02   9.2004297e+02   1.0332826e+03
   6.7084588e+02   3.4609177e+02   1.6598420e+02   4.8386601e+02   5.2804298e+02   4.1476108e+02   6.3822937e+02   3.3993714e+02   4.3995375e+02   5.5065113e+02   5.7631495e+02   5.3183834e+02   5.7631495e+02   1.5412675e+02   6.5063896e+02   4.1476108e+02   6.3989789e+02   6.0312178e+02   3.5317591e+02   1.1753050e+02   5.2804298e+02   7.2016317e+00   5.9784883e+02   4.8064232e+02   3.9419002e+02   6.1540879e+02   3.3192379e+02   5.3458590e+02   7.5081176e+02   3.1980619e+02
   1.7103393e+01   1.8286116e-01   1.0592734e+01   4.2143040e+00   2.0473090e+00   3.1003683e+01   1.3528923e+01   3.4354518e+00   2.3945770e+00   2.4938008e+01   9.9630906e+00   3.3164064e+01   9.9630906e+00   5.1459607e+00   2.2865881e+01   3.1003683e+01   3.3856799e+01   1.1465071e+01   9.3021996e+00   7.6369703e+00   2.0473090e+00   1.6383280e-01   1.0721254e+01   3.9112177e+01   6.3580441e+00   7.3217216e+01   3.4519218e-01   2.1134510e+01   8.7198929e+00   3.8103855e+01
   0.0000000e+00   0.0000000e+00   0.0000000e+00   0.0000000e+00   0.0000000e+00   0.0000000e+00   0.0000000e+00   0.0000000e+00   0.0000000e+00   0.0000000e+00   0.0000000e+00   0.0000000e+00   0.0000000e+00   0.0000000e+00   0.0000000e+00   0.0000000e+00   0.0000000e+00   0.0000000e+00   0.0000000e+00   0.0000000e+00   0.0000000e+00   0.0000000e+00   0.0000000e+00   0.0000000e+00   0.0000000e+00   0.0000000e+00   0.0000000e+00   0.0000000e+00   0.0000000e+00   0.0000000e+00
