   3.1554653e+07   1.6189417e+07   1.3628825e+07   1.3948155e+07   2.0034146e+07   1.8998379e+07   8.7179045e+06   9.3157585e+06   8.4774766e+05   1.8389414e+07   1.7038583e+07   2.2598783e+07   1.0006453e+07   8.0328145e+06   1.1626867e+07   1.8998379e+07   8.4906684e+06   3.0452324e+07   8.6054011e+06   1.1840971e+07   1.3672430e+07   2.0351229e+07   6.6429294e+06   1.1112470e+07   6.1827900e+06   2.0351229e+07   1.9664232e+07   3.4878404e+06   1.2750730e+07   1.3672430e+07
   3.1554653e+07   1.6189417e+07   1.3628825e+07   1.3948155e+07   2.0034146e+07   1.8998379e+07   8.7179045e+06   9.3157585e+06   8.4774766e+05   1.8389414e+07   1.7038583e+07   2.2598783e+07   1.0006453e+07   8.0328145e+06   1.1626867e+07   1.8998379e+07   8.4906684e+06   3.0452324e+07   8.6054011e+06   1.1840971e+07   1.3672430e+07   2.0351229e+07   6.6429294e+06   1.1112470e+07   6.1827900e+06   2.0351229e+07   1.9664232e+07   3.4878404e+06   1.2750730e+07   1.3672430e+07
   3.1554653e+07   1.6189417e+07   1.3628825e+07   1.3948155e+07   2.0034146e+07   1.8998379e+07   8.7179045e+06   9.3157585e+06   8.4774766e+05   1.8389414e+07   1.7038583e+07   2.2598783e+07   1.0006453e+07   8.0328145e+06   1.1626867e+07   1.8998379e+07   8.4906684e+06   3.0452324e+07   8.6054011e+06   1.1840971e+07   1.3672430e+07   2.0351229e+07   6.6429294e+06   1.1112470e+07   6.1827900e+06   2.0351229e+07   1.9664232e+07   3.4878404e+06   1.2750730e+07   1.3672430e+07
   1.1038971e+07   1.6166052e+07   1.3628825e+07   1.3948155e+07   1.9487354e+07   1.8998047e+07   6.0316910e+06   9.3157585e+06   8.4774766e+05   1.8389414e+07   1.6606129e+07   2.2598783e+07   1.0006453e+07   8.0304454e+06   1.1626867e+07   1.8998047e+07   8.4906490e+06   3.0452324e+07   8.6033689e+06   1.1840971e+07   1.3672430e+07   2.0350507e+07   6.6429294e+06   4.0154630e+06   6.1827853e+06   2.0350507e+07   9.7053180e+06   3.4878404e+06   1.2750720e+07   1.3672430e+07
   1.1038971e+07   1.6166052e+07   1.3628825e+07   1.3948084e+07   8.6491420e+06   1.0016495e+07   6.0316799e+06   9.3157585e+06   8.4336453e+05   1.8389394e+07   1.6368358e+07   2.0217838e+07   1.0006453e+07   8.0304454e+06   1.1625865e+07   1.0016495e+07   8.4906490e+06   3.0451877e+07   6.3829699e+06   1.1840971e+07   1.3672430e+07   1.5706253e+07   6.6349781e+06   4.0154630e+06   6.1827853e+06   1.5706253e+07   9.7053180e+06   3.4542915e+06   7.4017460e+06   1.3672430e+07
   1.1038971e+07   6.3844938e+06   1.3628825e+07   6.6422293e+06   8.6379191e+06   1.0016495e+07   6.0315335e+06   9.3157585e+06   8.2439144e+05   1.8389297e+07   7.4341022e+06   1.1588555e+07   1.0006453e+07   8.0300398e+06   4.0146643e+06   1.0016495e+07   8.4906490e+06   1.8499609e+07   6.3829699e+06   1.1482211e+07   1.3672423e+07   1.5700666e+07   6.6348675e+06   1.9950190e+06   6.1822984e+06   1.5700666e+07   8.2033218e+06   3.4542915e+06   7.4012971e+06   1.3672423e+07
   9.5346145e+06   5.5458100e+06   1.3628773e+07   5.0772508e+06   1.7241883e+06   1.0016495e+07   6.0315016e+06   8.5987965e+06   8.2439144e+05   1.2706513e+07   5.1991094e+06   4.6542784e+06   9.2645560e+06   5.9780876e+06   4.0146643e+06   1.0016495e+07   5.9104067e+06   3.5003832e+06   1.3737739e+06   4.8726120e+06   2.4130030e+06   8.5273241e+06   3.4023294e+06   1.9946846e+06   6.1568551e+06   8.5273241e+06   2.4886490e+06   1.7350132e+06   7.3862134e+06   2.4130030e+06
   2.0378426e+06   1.2619847e+06   1.3004477e+06   4.3085439e+06   1.5626704e+06   1.5898715e+06   2.8846390e+06   3.8542248e+06   6.7886139e+05   2.3497070e+06   5.1087648e+06   3.2668538e+06   4.3331048e+06   3.7566955e+06   4.0146643e+06   1.5898715e+06   1.6222082e+06   2.6870383e+06   7.6693091e+05   1.2691322e+06   1.8062566e+06   8.2931366e+05   3.1658316e+06   1.6097019e+06   1.7909094e+06   8.2931366e+05   1.4292843e+06   1.5055279e+06   2.4029667e+06   1.8062566e+06
   9.5860087e+05   4.7289826e+05   1.1292125e+06   6.1955105e+05   6.1094867e+05   4.7703296e+05   7.7894011e+05   9.4741464e+05   3.6382967e+05   1.0239982e+06   3.3596632e+05   6.7942487e+05   5.3419802e+05   1.3462080e+06   3.6977317e+05   4.7703296e+05   5.3566038e+05   2.7631459e+05   3.9180454e+05   8.8934493e+04   3.7090913e+05   7.6684842e+05   9.6680007e+05   5.9912725e+05   4.7472218e+05   7.6684842e+05   4.6660843e+05   7.6139706e+05   5.3053936e+05   3.7090913e+05
   1.1202661e+05   3.6612347e+04   5.2570861e+04   4.5547070e+04   1.6393421e+05   8.3828165e+04   6.2774620e+04   2.6185536e+04   1.0598455e+05   1.2418038e+04   5.5910117e+04   4.0888878e+04   6.6194770e+04   8.8073384e+04   1.4223332e+05   8.3828165e+04   9.3313979e+04   1.5919730e+05   4.4735045e+04   5.9862147e+04   6.8672041e+04   8.7943523e+04   1.1614423e+05   1.3870787e+05   5.1518547e+04   8.7943523e+04   1.0856942e+05   6.0271807e+04   9.3971664e+04   6.8672041e+04
   2.5876619e+03   1.6085401e+03   1.8657944e+03   2.4657722e+03   1.8149169e+03   1.8064425e+03   2.2902981e+03   1.5411980e+03   2.4820056e+03   2.2569285e+03   2.5830593e+03   3.7068024e+03   2.5085135e+03   2.5461677e+03   2.4854145e+03   1.8064425e+03   3.3458213e+03   2.8234037e+03   2.2126585e+03   2.5185864e+03   2.7276788e+03   3.4358918e+03   2.9794328e+03   3.2906798e+03   2.3026228e+03   3.4358918e+03   1.6750713e+03   2.9081733e+03   2.4296119e+03   2.7276788e+03
   2.4617887e+02   1.5211841e+02   2.2258832e+02   1.9838776e+02   1.2249524e+02   8.9927307e+01   1.2715460e+02   1.9544398e+02   1.7443072e+02   1.3472150e+02   1.1505982e+02   1.0633329e+02   2.3181298e+02   1.0129933e+02   1.6161354e+02   8.9927307e+01   1.6204323e+02   1.9403574e+02   1.8007040e+02   1.9698155e+02   1.2212637e+02   1.6906113e+02   1.1928864e+02   2.4152704e+02   1.4382676e+02   1.6906113e+02   1.3526348e+02   1.8385303e+02   1.7316221e+02   1.2212637e+02
   1.0796805e+01   8.5960167e+00   1.0397713e+01   1.3284308e+01   7.0625338e+00   7.8326590e+00   7.8428228e+00   8.2621915e+00   1.1029894e+01   1.2111129e+01   9.7818532e+00   1.1311182e+01   1.0096384e+01   1.3547804e+01   9.7265833e+00   7.8326590e+00   7.8964872e+00   1.1450500e+01   8.9532533e+00   9.3604814e+00   9.0204377e+00   4.8405378e+00   1.1776408e+01   1.3220359e+01   6.9751755e+00   4.8405378e+00   5.5469572e+00   1.1651771e+01   1.0180258e+01   9.0204377e+00
   1.8064105e+00   1.6409839e+00   2.1815195e+00   1.8242687e+00   1.8708389e+00   2.1743849e+00   2.1677049e+00   1.8330579e+00   2.1031056e+00   2.1111818e+00   2.2331980e+00   1.8693966e+00   1.6684529e+00   1.8308627e+00   2.0948900e+00   2.1743849e+00   1.8300326e+00   1.7788930e+00   2.0844563e+00   1.6431427e+00   1.7393231e+00   1.8590353e+00   2.1704242e+00   2.0631597e+00   1.8204875e+00   1.8590353e+00   1.5607044e+00   1.3328543e+00   1.9807776e+00   1.7393231e+00
   6.8045488e-01   5.4152527e-01   5.4641714e-01   6.6476870e-01   7.0032722e-01   5.7969971e-01   7.2938598e-01   5.3534241e-01   5.1954745e-01   4.7090452e-01   4.6389252e-01   5.5789933e-01   5.8264854e-01   7.4640598e-01   4.6109354e-01   5.7969971e-01   5.5494940e-01   2.9402696e-01   4.5379198e-01   4.2679513e-01   7.4359266e-01   5.5105348e-01   3.4574333e-01   4.6378768e-01   5.5863640e-01   5.5105348e-01   5.4966113e-01   5.4309966e-01   3.9751461e-01   7.4359266e-01
   1.0651093e-01   3.6431194e-02   3.2213474e-02   3.7179790e-02   5.4066376e-02   2.5873507e-02   1.9379224e-02   9.6592146e-03   4.1395791e-02   4.6099294e-02   5.9644954e-02   4.9240327e-02   8.5460066e-02   4.5275524e-02   6.4086008e-02   2.5873507e-02   4.6313805e-02   3.2569044e-02   4.2955404e-02   5.1423562e-02   2.6952587e-02   6.1366816e-02   2.8538501e-02   1.0619484e-01   4.9594319e-02   6.1366816e-02   2.0304260e-02   3.7927244e-02   4.3977297e-02   2.6952587e-02
