   5.8978726e+02   4.9735614e+02   5.2156689e+02   4.9948659e+02   5.6030673e+02   5.1500867e+02   4.8038095e+02   5.6722238e+02   5.0528742e+02   5.3007005e+02   4.8373769e+02   5.1332760e+02   6.0290616e+02   5.1398429e+02   5.0769109e+02   5.1500867e+02   5.0528742e+02   4.4856690e+02   4.4680890e+02   3.9389480e+02   5.6030673e+02   5.0379960e+02   5.7376071e+02   5.1860726e+02   4.4157832e+02   5.0379960e+02   5.5248353e+02   4.3362988e+02   5.5166954e+02   5.6030673e+02
   5.8978726e+02   4.8204955e+02   4.7568062e+02   4.9948659e+02   5.4951769e+02   5.1500867e+02   4.7693189e+02   5.3937553e+02   4.3337258e+02   5.3007005e+02   4.8373769e+02   5.1332760e+02   5.6163946e+02   5.1398429e+02   5.0769109e+02   5.1500867e+02   4.3337258e+02   4.4856690e+02   4.4680890e+02   3.9389480e+02   5.4951769e+02   5.0213287e+02   5.7376071e+02   5.1860726e+02   4.4157832e+02   5.0213287e+02   4.8213074e+02   4.3362988e+02   5.5079651e+02   5.4951769e+02
   5.8978726e+02   4.8204955e+02   4.7568062e+02   4.9948659e+02   5.4951769e+02   5.1500867e+02   4.7693189e+02   5.3937553e+02   4.3337258e+02   5.3007005e+02   4.8373769e+02   5.1332760e+02   5.6163946e+02   5.1398429e+02   5.0769109e+02   5.1500867e+02   4.3337258e+02   4.4856690e+02   4.4680890e+02   3.9389480e+02   5.4951769e+02   5.0213287e+02   5.7376071e+02   5.1860726e+02   4.4157832e+02   5.0213287e+02   4.8213074e+02   4.3362988e+02   5.5079651e+02   5.4951769e+02
   5.3591251e+02   4.8204955e+02   4.4287293e+02   4.7247641e+02   5.4951769e+02   3.4326968e+02   4.7693189e+02   5.3937553e+02   4.3337258e+02   5.3007005e+02   4.8168358e+02   4.4325030e+02   5.5504795e+02   4.8913706e+02   4.5688911e+02   3.4326968e+02   4.3337258e+02   4.4856690e+02   4.4680890e+02   3.9389480e+02   5.4951769e+02   4.8308755e+02   5.3272524e+02   5.0103147e+02   4.4157832e+02   4.8308755e+02   4.6385709e+02   4.3362988e+02   5.4694039e+02   5.4951769e+02
   4.6198811e+02   4.7385896e+02   4.4287293e+02   4.4773789e+02   4.8164502e+02   3.4326968e+02   4.7693189e+02   5.1351535e+02   4.2548076e+02   5.0038108e+02   4.7929421e+02   4.2010307e+02   4.8736106e+02   4.7763101e+02   4.5688911e+02   3.4326968e+02   4.2548076e+02   4.4856690e+02   4.4680890e+02   3.8758672e+02   4.8164502e+02   4.4907679e+02   5.3272524e+02   4.8913518e+02   4.4157832e+02   4.4907679e+02   4.6385709e+02   4.3267075e+02   4.5731002e+02   4.8164502e+02
   4.6142414e+02   4.4076757e+02   4.4024236e+02   4.4773789e+02   4.3657815e+02   3.4326968e+02   4.6551688e+02   4.7999848e+02   3.7901477e+02   4.4351190e+02   4.5079166e+02   4.2010307e+02   4.8736106e+02   4.6872312e+02   4.0558204e+02   3.4326968e+02   3.7901477e+02   4.3249903e+02   4.4680890e+02   3.8758672e+02   4.3657815e+02   4.0176192e+02   4.4521466e+02   2.7504235e+02   4.3073288e+02   4.0176192e+02   4.6385709e+02   4.3196667e+02   4.3372207e+02   4.3657815e+02
   4.6142414e+02   4.1803984e+02   3.8381401e+02   4.0331598e+02   4.3440206e+02   3.4326968e+02   4.0727515e+02   4.3131330e+02   2.9873602e+02   4.3458754e+02   4.4785640e+02   4.1620692e+02   4.3760845e+02   4.0949706e+02   4.0558204e+02   3.4326968e+02   2.9873602e+02   4.2515026e+02   3.4655470e+02   3.8758672e+02   4.3440206e+02   4.0176192e+02   4.2534818e+02   2.7504235e+02   4.3073288e+02   4.0176192e+02   4.4604308e+02   4.3196667e+02   3.9646726e+02   4.3440206e+02
   4.1104736e+02   4.1536931e+02   3.4632799e+02   3.2756635e+02   4.2944747e+02   3.3095075e+02   4.0727515e+02   4.1207390e+02   2.9461863e+02   4.0885089e+02   4.0401327e+02   3.7205732e+02   3.2728247e+02   4.0949706e+02   4.0382057e+02   3.3095075e+02   2.9461863e+02   2.9777335e+02   3.3750679e+02   3.1042267e+02   4.2944747e+02   2.9688402e+02   3.4769170e+02   2.6618489e+02   4.3073288e+02   2.9688402e+02   3.5324330e+02   4.1371207e+02   3.4800567e+02   4.2944747e+02
   3.2681851e+02   3.8548588e+02   3.3613110e+02   3.1763788e+02   3.7918480e+02   3.3095075e+02   3.8270901e+02   3.5611745e+02   2.9461863e+02   3.2890252e+02   3.2049246e+02   3.0564236e+02   3.1572935e+02   3.9181118e+02   3.7408843e+02   3.3095075e+02   2.9461863e+02   2.6475160e+02   2.6493016e+02   2.4944076e+02   3.7918480e+02   2.7205062e+02   2.8813594e+02   2.6618489e+02   4.0325288e+02   2.7205062e+02   3.0754274e+02   3.6607342e+02   2.6278116e+02   3.7918480e+02
   2.9720074e+02   3.5754901e+02   1.9372295e+02   2.4194686e+02   3.7918480e+02   2.1854255e+02   3.2980132e+02   2.8411578e+02   2.4561438e+02   2.8699296e+02   3.1220769e+02   2.5973881e+02   2.4962243e+02   3.3625534e+02   3.6187815e+02   2.1854255e+02   2.4561438e+02   2.5985527e+02   1.8531698e+02   2.4307158e+02   3.7918480e+02   2.5487105e+02   2.5275016e+02   2.2626477e+02   3.5813084e+02   2.5487105e+02   2.7974237e+02   3.1533756e+02   2.3574919e+02   3.7918480e+02
   2.5905625e+02   2.8716306e+02   1.9125775e+02   2.2021422e+02   2.3570877e+02   2.0792330e+02   2.0762179e+02   2.2608571e+02   2.2790746e+02   2.4491906e+02   2.8983499e+02   2.3524259e+02   1.6618615e+02   2.4588703e+02   2.7728018e+02   2.0792330e+02   2.2790746e+02   2.2457108e+02   1.7681602e+02   2.1661174e+02   2.3570877e+02   2.0830078e+02   2.1662686e+02   1.6602345e+02   2.2931114e+02   2.0830078e+02   1.6796538e+02   2.9071804e+02   2.3574919e+02   2.3570877e+02
   2.0486167e+02   2.1394957e+02   1.6418026e+02   1.9372635e+02   1.8569778e+02   1.7488200e+02   1.8530290e+02   1.7164898e+02   1.9650598e+02   1.8491811e+02   2.2270945e+02   1.8770047e+02   1.3829210e+02   2.1723774e+02   2.1020268e+02   1.7488200e+02   1.9650598e+02   1.9055559e+02   1.4130450e+02   1.7859866e+02   1.8569778e+02   1.9431083e+02   1.9829905e+02   1.4636000e+02   2.0386323e+02   1.9431083e+02   1.6000658e+02   1.6139381e+02   1.9842665e+02   1.8569778e+02
   1.9039675e+02   1.9612627e+02   1.4976287e+02   1.5784636e+02   1.6385758e+02   1.4689276e+02   1.4601563e+02   1.4915652e+02   1.5624247e+02   1.6275115e+02   2.1190201e+02   1.6873148e+02   1.3001748e+02   1.8400540e+02   1.7607942e+02   1.4689276e+02   1.5624247e+02   1.7757181e+02   1.3708557e+02   1.5045436e+02   1.6385758e+02   1.5967958e+02   1.7503648e+02   1.4284364e+02   1.8845488e+02   1.5967958e+02   1.4363351e+02   1.5144432e+02   1.7870168e+02   1.6385758e+02
   1.6664144e+02   1.9367508e+02   1.3321465e+02   1.4457492e+02   1.5946393e+02   1.3380169e+02   1.2860134e+02   1.2824159e+02   1.3277310e+02   1.5136530e+02   1.4336614e+02   1.6722623e+02   1.1639342e+02   1.5684800e+02   1.5229437e+02   1.3380169e+02   1.3277310e+02   1.3791865e+02   1.1197001e+02   1.4263057e+02   1.5946393e+02   1.4446390e+02   1.4116081e+02   1.2754133e+02   1.8107396e+02   1.4446390e+02   1.2775652e+02   1.2886262e+02   1.4604944e+02   1.5946393e+02
   1.4479684e+02   1.4146582e+02   1.0667726e+02   1.1272207e+02   1.1864058e+02   1.0750306e+02   1.0920657e+02   1.0813019e+02   5.2537126e+01   1.0655325e+02   1.0660897e+02   1.1945285e+02   1.0258020e+02   1.0495744e+02   1.1569009e+02   1.0750306e+02   5.2537126e+01   1.0615521e+02   1.0431229e+02   1.1312115e+02   1.1864058e+02   1.1187942e+02   1.0669939e+02   1.0808378e+02   1.2848362e+02   1.1187942e+02   1.0567786e+02   1.1178396e+02   1.1240760e+02   1.1864058e+02
   1.0000000e+02   1.0000000e+02   1.0000000e+02   1.0000000e+02   1.0000000e+02   1.0000000e+02   1.0000000e+02   1.0000000e+02   0.0000000e+00   1.0000000e+02   2.3168591e+01   1.0000000e+02   1.0000000e+02   1.0000000e+02   1.0000000e+02   1.0000000e+02   0.0000000e+00   1.0000000e+02   1.0000000e+02   1.0000000e+02   1.0000000e+02   1.0000000e+02   2.9920576e+01   1.0000000e+02   1.0000000e+02   1.0000000e+02   1.0000000e+02   1.0000000e+02   1.0000000e+02   1.0000000e+02
