   1.2975750e+03   1.2186445e+03   1.2121570e+03   1.1703725e+03   1.0556728e+03   1.1067281e+03   1.3289304e+03   1.1406902e+03   1.2326022e+03   1.0616519e+03   1.3127357e+03   1.1551580e+03   1.2118203e+03   1.2785251e+03   1.0164478e+03   1.1067281e+03   9.9445599e+02   1.2742828e+03   1.1549633e+03   1.0472218e+03   1.0556728e+03   8.9863664e+02   1.0104940e+03   1.0961850e+03   1.2091005e+03   8.9863664e+02   1.1417850e+03   1.1398640e+03   9.9962289e+02   1.0556728e+03
   1.2975750e+03   1.2186445e+03   1.2121570e+03   1.1703725e+03   1.0556728e+03   1.1067281e+03   1.3289304e+03   1.1406902e+03   1.2326022e+03   1.0616519e+03   1.3127357e+03   1.1551580e+03   1.2118203e+03   1.2785251e+03   1.0164478e+03   1.1067281e+03   9.9445599e+02   1.2742828e+03   1.1549633e+03   1.0472218e+03   1.0556728e+03   8.9863664e+02   1.0104940e+03   1.0961850e+03   1.2091005e+03   8.9863664e+02   1.1417850e+03   1.1398640e+03   9.9962289e+02   1.0556728e+03
   1.2975750e+03   1.2186445e+03   1.2121570e+03   1.1703725e+03   1.0556728e+03   1.1067281e+03   1.3289304e+03   1.1406902e+03   1.2326022e+03   1.0616519e+03   1.3127357e+03   1.1551580e+03   1.2118203e+03   1.2785251e+03   1.0164478e+03   1.1067281e+03   9.9445599e+02   1.2742828e+03   1.1549633e+03   1.0472218e+03   1.0556728e+03   8.9863664e+02   1.0104940e+03   1.0961850e+03   1.2091005e+03   8.9863664e+02   1.1417850e+03   1.1398640e+03   9.9962289e+02   1.0556728e+03
   9.4804932e+02   1.2186445e+03   1.2121570e+03   1.1703725e+03   1.0180970e+03   1.1067281e+03   1.2840412e+03   1.0137805e+03   1.2326022e+03   1.0079981e+03   1.1687643e+03   1.1486648e+03   1.1373310e+03   1.1829713e+03   1.0164478e+03   1.1067281e+03   9.9445599e+02   1.2087400e+03   1.1544257e+03   1.0472218e+03   1.0180970e+03   8.1337489e+02   1.0104940e+03   1.0961850e+03   1.2091005e+03   8.1337489e+02   1.0422837e+03   1.0960322e+03   9.9962289e+02   1.0180970e+03
   7.6836166e+02   1.2186445e+03   7.7075123e+02   1.0376433e+03   1.0180970e+03   1.0319974e+03   1.1347135e+03   1.0137805e+03   1.1475430e+03   9.7893266e+02   1.1687643e+03   1.1486648e+03   1.1075591e+03   1.0790031e+03   1.0164478e+03   1.0319974e+03   9.4522140e+02   9.5074995e+02   1.0352851e+03   1.0472218e+03   1.0180970e+03   7.9972684e+02   1.0104940e+03   9.5734554e+02   1.0586406e+03   7.9972684e+02   1.0306491e+03   1.0926984e+03   9.9962289e+02   1.0180970e+03
   7.5912900e+02   1.1188956e+03   7.7075123e+02   1.0103340e+03   1.0052983e+03   1.0216575e+03   8.4141525e+02   9.9007549e+02   1.0713344e+03   9.7893266e+02   7.9795063e+02   9.7453690e+02   1.0945401e+03   8.6682913e+02   8.9324234e+02   1.0216575e+03   9.4252727e+02   8.5388356e+02   1.0352851e+03   1.0332203e+03   1.0052983e+03   7.9972684e+02   8.7266637e+02   8.9207085e+02   9.8310716e+02   7.9972684e+02   9.1456660e+02   7.4755451e+02   8.0030520e+02   1.0052983e+03
   7.1068938e+02   6.6237725e+02   7.7075123e+02   7.9960981e+02   9.1176495e+02   7.3066641e+02   5.5603523e+02   7.5023947e+02   9.0222424e+02   8.9789864e+02   7.4965860e+02   8.0936924e+02   9.4880223e+02   5.7821042e+02   8.5706382e+02   7.3066641e+02   8.8297249e+02   6.4764670e+02   7.8634399e+02   9.4902001e+02   9.1176495e+02   7.4323957e+02   6.9146315e+02   7.6937987e+02   6.0180987e+02   7.4323957e+02   9.1456660e+02   7.2221063e+02   7.6066340e+02   9.1176495e+02
   5.0605139e+02   5.6292454e+02   5.6271801e+02   4.9510233e+02   6.4449942e+02   5.0157943e+02   5.0020291e+02   5.7155234e+02   5.8026442e+02   5.1248674e+02   3.6279403e+02   4.4990653e+02   6.6478302e+02   4.6025301e+02   5.8621157e+02   5.0157943e+02   5.7731270e+02   4.9520319e+02   4.9749804e+02   6.8246012e+02   6.4449942e+02   4.7369391e+02   5.3033871e+02   4.8432827e+02   4.8537709e+02   4.7369391e+02   5.4339734e+02   5.0605814e+02   4.6862070e+02   6.4449942e+02
   4.0472206e+02   2.8404396e+02   3.4137545e+02   3.2803154e+02   2.9325782e+02   3.1485643e+02   2.9495913e+02   3.7736568e+02   2.9085118e+02   3.1307389e+02   2.7528590e+02   3.4211304e+02   3.8616337e+02   3.3811233e+02   2.6875636e+02   3.1485643e+02   4.0529101e+02   3.4670306e+02   3.7230121e+02   4.3690434e+02   2.9325782e+02   2.9377621e+02   3.4041618e+02   2.7069585e+02   3.7223590e+02   2.9377621e+02   3.0675526e+02   3.0743946e+02   3.5469843e+02   2.9325782e+02
   2.0782940e+02   1.8885076e+02   2.0027193e+02   1.9346021e+02   1.9662128e+02   1.8548508e+02   1.7681234e+02   1.8711804e+02   1.7306923e+02   1.8982533e+02   1.8502435e+02   2.0821956e+02   1.7061437e+02   1.7805270e+02   2.2509156e+02   1.8548508e+02   2.1100850e+02   1.8340228e+02   2.0688160e+02   2.4932248e+02   1.9662128e+02   1.9848269e+02   1.9530304e+02   1.7575872e+02   2.1673396e+02   1.9848269e+02   1.6904129e+02   1.9102857e+02   1.9055487e+02   1.9662128e+02
   1.1949962e+02   8.7965713e+01   1.0569683e+02   1.0661809e+02   1.1638937e+02   9.7630217e+01   8.6927880e+01   1.0898478e+02   1.0259280e+02   9.9265368e+01   1.0025901e+02   1.1018533e+02   1.0757594e+02   7.5178748e+01   1.0795876e+02   9.7630217e+01   1.0627077e+02   1.1177455e+02   9.7062237e+01   1.0124564e+02   1.1638937e+02   9.1611256e+01   9.0078946e+01   9.2238501e+01   9.9230407e+01   9.1611256e+01   9.7588594e+01   9.9747100e+01   9.3656293e+01   1.1638937e+02
   5.2940068e+01   5.2678659e+01   5.5805839e+01   5.7782767e+01   5.3555960e+01   5.6433087e+01   5.7717048e+01   4.7114404e+01   4.1770305e+01   5.5704603e+01   4.5224582e+01   6.1016825e+01   5.8384746e+01   5.6092271e+01   5.1976925e+01   5.6433087e+01   5.2846282e+01   6.0274213e+01   4.8690697e+01   6.5252032e+01   5.3555960e+01   5.4648253e+01   4.4692186e+01   5.9222405e+01   6.3680796e+01   5.4648253e+01   6.2715568e+01   5.7412377e+01   5.8283410e+01   5.3555960e+01
   2.8831371e+01   3.0394767e+01   2.3432894e+01   3.6673782e+01   3.0075066e+01   3.6897385e+01   2.8552735e+01   3.1173723e+01   3.2962000e+01   2.5408047e+01   3.1043059e+01   3.6367428e+01   3.0307862e+01   2.4244740e+01   2.8176420e+01   3.6897385e+01   3.2986050e+01   3.5823507e+01   3.3550411e+01   3.3778794e+01   3.0075066e+01   3.4309669e+01   1.5064047e+01   3.0086805e+01   3.6403791e+01   3.4309669e+01   3.4735152e+01   2.6701159e+01   2.8335367e+01   3.0075066e+01
   1.5988889e+01   6.6659870e+00   9.6341270e+00   1.8350033e+01   1.3545172e+01   1.1322538e+01   1.2816239e+01   1.7579301e+01   1.4097056e+01   1.0200453e+01   1.1484936e+01   1.7882141e+01   1.4189353e+01   1.1654416e+01   1.2686957e+01   1.1322538e+01   1.5794029e+01   1.9495022e+01   6.6440152e+00   1.5137293e+01   1.3545172e+01   1.9588353e-01   4.2516577e+00   9.3723212e+00   2.0634017e+01   1.9588353e-01   6.6498013e+00   9.5674589e+00   3.0064824e+00   1.3545172e+01
   1.6477999e+00   8.2091592e-04   1.8275123e-01   6.2573467e-01   1.4222887e-01   1.1591765e-03   2.2683893e-01   8.6301170e-02   2.0643288e-02   3.6032326e-02   8.5663029e-04   5.4872151e-02   2.7956872e-01   9.4614622e-03   2.1134445e-01   1.1591765e-03   2.1075924e-01   7.7356388e-01   1.0465614e-01   5.9515886e-02   1.4222887e-01   3.7498797e-03   1.1346922e-02   3.3832241e-03   3.5348804e-01   3.7498797e-03   2.3413533e-06   5.4619076e-04   4.0712009e-02   1.4222887e-01
   0.0000000e+00   0.0000000e+00   0.0000000e+00   0.0000000e+00   0.0000000e+00   0.0000000e+00   0.0000000e+00   0.0000000e+00   0.0000000e+00   0.0000000e+00   0.0000000e+00   0.0000000e+00   0.0000000e+00   0.0000000e+00   0.0000000e+00   0.0000000e+00   0.0000000e+00   0.0000000e+00   0.0000000e+00   0.0000000e+00   0.0000000e+00   0.0000000e+00   0.0000000e+00   0.0000000e+00   0.0000000e+00   0.0000000e+00   0.0000000e+00   0.0000000e+00   0.0000000e+00   0.0000000e+00
