   5.5815486e+03   5.5028718e+03   4.6728925e+03   5.0023262e+03   4.6728925e+03   5.2313338e+03   4.9765924e+03   5.5828765e+03   4.1764427e+03   4.3570904e+03   5.5076824e+03   5.1244963e+03   5.5076824e+03   5.3556517e+03   5.3222736e+03   5.2313338e+03   4.7369408e+03   5.7214214e+03   3.3273157e+03   5.7925773e+03   4.6728925e+03   5.5828765e+03   5.1021197e+03   5.3068349e+03   5.4189281e+03   5.5828765e+03   5.1147906e+03   5.3734921e+03   5.4075487e+03   4.6728925e+03
   5.5815486e+03   5.5028718e+03   4.6728925e+03   5.0023262e+03   4.6728925e+03   5.2313338e+03   4.9765924e+03   5.5828765e+03   4.1764427e+03   4.3570904e+03   5.5076824e+03   5.1244963e+03   5.5076824e+03   5.3556517e+03   5.3222736e+03   5.2313338e+03   4.7369408e+03   5.7214214e+03   3.3273157e+03   5.7925773e+03   4.6728925e+03   5.5828765e+03   5.1021197e+03   5.3068349e+03   5.4189281e+03   5.5828765e+03   5.1147906e+03   5.3734921e+03   5.4075487e+03   4.6728925e+03
   5.5815486e+03   5.5028718e+03   4.6728925e+03   5.0023262e+03   4.6728925e+03   5.2313338e+03   4.9765924e+03   5.5828765e+03   4.1764427e+03   4.3570904e+03   5.5076824e+03   5.1244963e+03   5.5076824e+03   5.3556517e+03   5.3222736e+03   5.2313338e+03   4.7369408e+03   5.7214214e+03   3.3273157e+03   5.7925773e+03   4.6728925e+03   5.5828765e+03   5.1021197e+03   5.3068349e+03   5.4189281e+03   5.5828765e+03   5.1147906e+03   5.3734921e+03   5.4075487e+03   4.6728925e+03
   5.5815486e+03   4.7781996e+03   4.6728925e+03   5.0023262e+03   4.6728925e+03   4.5621555e+03   4.9765924e+03   5.5828765e+03   4.1764427e+03   4.3570904e+03   5.4847998e+03   5.1244963e+03   5.4847998e+03   5.3556517e+03   5.2671710e+03   4.5621555e+03   4.7369408e+03   5.4471447e+03   3.3273157e+03   5.3901480e+03   4.6728925e+03   5.5828765e+03   5.1021197e+03   5.3068349e+03   5.4189281e+03   5.5828765e+03   5.1147906e+03   5.3734921e+03   5.4075487e+03   4.6728925e+03
   5.5389879e+03   4.7781996e+03   4.6728925e+03   5.0023262e+03   4.6728925e+03   4.5621555e+03   4.8752899e+03   5.5828765e+03   4.1764427e+03   4.3570904e+03   5.1386379e+03   5.1244963e+03   5.1386379e+03   4.6929669e+03   5.2671710e+03   4.5621555e+03   4.7369408e+03   5.4379161e+03   3.3273157e+03   5.3901480e+03   4.6728925e+03   5.5828765e+03   5.1021197e+03   5.3068349e+03   4.8223871e+03   5.5828765e+03   4.9896049e+03   4.3427638e+03   5.2425309e+03   4.6728925e+03
   5.1170332e+03   4.2460408e+03   4.6728925e+03   4.8832529e+03   4.6728925e+03   4.5621555e+03   4.8752899e+03   4.6664422e+03   4.1764427e+03   4.3570904e+03   5.0150239e+03   4.7425885e+03   5.0150239e+03   4.2414496e+03   5.0291722e+03   4.5621555e+03   4.6024349e+03   5.4195545e+03   3.3273157e+03   5.3126020e+03   4.6728925e+03   4.6664422e+03   5.0614462e+03   4.6067713e+03   4.8223871e+03   4.6664422e+03   4.2107009e+03   4.3427638e+03   4.8474934e+03   4.6728925e+03
   4.1601348e+03   4.2460408e+03   4.6088082e+03   4.7121442e+03   4.6088082e+03   4.5621555e+03   4.6366202e+03   4.6664422e+03   3.9329445e+03   4.3570904e+03   4.5589685e+03   4.7425885e+03   4.5589685e+03   3.9773219e+03   4.5254650e+03   4.5621555e+03   4.2260381e+03   4.9156338e+03   3.3273157e+03   4.5690869e+03   4.6088082e+03   4.6664422e+03   4.4485684e+03   4.5811698e+03   4.5811636e+03   4.6664422e+03   4.2107009e+03   4.2284802e+03   4.3507049e+03   4.6088082e+03
   3.8633202e+03   3.7916272e+03   4.2203715e+03   4.6343373e+03   4.2203715e+03   3.9091560e+03   4.2409793e+03   4.4557650e+03   3.7213951e+03   4.0861829e+03   4.1693868e+03   4.0524865e+03   4.1693868e+03   3.9773219e+03   4.4407453e+03   3.9091560e+03   3.9154678e+03   4.2542840e+03   3.3273157e+03   4.1877010e+03   4.2203715e+03   4.4557650e+03   4.1680379e+03   3.6068907e+03   4.1912152e+03   4.4557650e+03   3.8974695e+03   3.8248966e+03   4.3479753e+03   4.2203715e+03
   3.4479329e+03   3.6020037e+03   3.4678700e+03   3.5549772e+03   3.4678700e+03   3.5585574e+03   3.6219413e+03   4.0142345e+03   3.6803465e+03   3.4678541e+03   3.5575072e+03   3.5890454e+03   3.5575072e+03   3.5633410e+03   3.4071041e+03   3.5585574e+03   3.5019306e+03   3.7219426e+03   3.3273157e+03   3.3250235e+03   3.4678700e+03   4.0142345e+03   3.8392086e+03   2.9834756e+03   3.3813984e+03   4.0142345e+03   3.6239226e+03   3.6258084e+03   3.6791145e+03   3.4678700e+03
   2.9929166e+03   2.5838510e+03   2.6741868e+03   2.7265543e+03   2.6741868e+03   2.7848470e+03   2.9316562e+03   2.9871064e+03   2.7805443e+03   2.9376049e+03   2.8455095e+03   2.8332842e+03   2.8455095e+03   2.8305266e+03   2.5394782e+03   2.7848470e+03   2.3734387e+03   2.6994898e+03   2.4714301e+03   2.8478023e+03   2.6741868e+03   2.9871064e+03   2.9215782e+03   2.4406152e+03   2.4836811e+03   2.9871064e+03   2.7081357e+03   2.4167732e+03   2.5978162e+03   2.6741868e+03
   1.8435175e+03   1.6961447e+03   2.0613119e+03   1.6898530e+03   2.0613119e+03   1.7188929e+03   1.8132582e+03   1.6206897e+03   1.9245485e+03   1.3433494e+03   1.9157788e+03   1.9143706e+03   1.9157788e+03   1.5178524e+03   1.4179273e+03   1.7188929e+03   1.7328054e+03   1.6340092e+03   1.7848070e+03   2.1153124e+03   2.0613119e+03   1.6206897e+03   2.0739636e+03   1.6515123e+03   1.9411191e+03   1.6206897e+03   1.5432338e+03   1.9907967e+03   1.7850357e+03   2.0613119e+03
   1.0858813e+03   1.0160318e+03   8.8976014e+02   8.9299753e+02   8.8976014e+02   9.3646918e+02   9.4828686e+02   1.1486484e+03   1.1235717e+03   8.1332035e+02   1.1242485e+03   1.0764446e+03   1.1242485e+03   1.0343153e+03   7.3162330e+02   9.3646918e+02   9.3457099e+02   1.1015281e+03   9.4246644e+02   1.1133194e+03   8.8976014e+02   1.1486484e+03   1.2951388e+03   1.0258911e+03   1.0354742e+03   1.1486484e+03   1.2841457e+03   9.1393036e+02   1.0308855e+03   8.8976014e+02
   4.0710148e+02   4.3990679e+02   4.2818044e+02   4.6594472e+02   4.2818044e+02   4.3803232e+02   5.9002267e+02   5.9916689e+02   2.7100872e+02   2.2076617e+02   4.1198569e+02   4.7472670e+02   4.1198569e+02   4.5968924e+02   3.9847468e+02   4.3803232e+02   3.8466813e+02   4.5602070e+02   3.6298855e+02   5.1837524e+02   4.2818044e+02   5.9916689e+02   4.7536341e+02   5.0185207e+02   4.7233640e+02   5.9916689e+02   3.6407389e+02   4.3505638e+02   2.6416521e+02   4.2818044e+02
   9.0271440e+01   5.3727006e+01   5.8154089e+01   5.5991307e+01   5.8154089e+01   8.6010772e+01   6.3076641e+01   5.5613450e+01   9.1339315e+01   5.9001740e+01   5.6152891e+01   7.7016415e+01   5.6152891e+01   6.7363280e+01   8.4336521e+01   8.6010772e+01   7.2034433e+01   6.0909965e+01   4.4073078e+01   4.2096162e+01   5.8154089e+01   5.5613450e+01   6.0381859e+01   7.5088548e+01   5.3993510e+01   5.5613450e+01   6.1399288e+01   5.4242895e+01   7.2807753e+01   5.8154089e+01
   2.4590683e+00   2.6076662e+00   2.1226582e+00   2.6920369e+00   2.1226582e+00   2.9063629e+00   2.0405846e+00   2.7629239e+00   1.4278489e+00   1.2629784e+00   2.9613551e+00   3.3827755e+00   2.9613551e+00   1.6588675e+00   3.6990050e+00   2.9063629e+00   1.9754401e+00   2.0467599e+00   1.9598734e+00   3.2482138e+00   2.1226582e+00   2.7629239e+00   1.8653044e+00   1.6451427e+00   1.7560591e+00   2.7629239e+00   1.5158429e+00   1.2745197e+00   2.0431033e+00   2.1226582e+00
   0.0000000e+00   0.0000000e+00   0.0000000e+00   0.0000000e+00   0.0000000e+00   0.0000000e+00   0.0000000e+00   0.0000000e+00   0.0000000e+00   0.0000000e+00   0.0000000e+00   0.0000000e+00   0.0000000e+00   0.0000000e+00   0.0000000e+00   0.0000000e+00   0.0000000e+00   0.0000000e+00   0.0000000e+00   0.0000000e+00   0.0000000e+00   0.0000000e+00   0.0000000e+00   0.0000000e+00   0.0000000e+00   0.0000000e+00   0.0000000e+00   0.0000000e+00   0.0000000e+00   0.0000000e+00
