   5.3324903e+02   6.1885337e+02   3.6518133e+02   4.5214014e+02   3.5564834e+02   3.4020904e+02   4.4053548e+02   3.3567157e+02   6.2646122e+02   2.8745464e+02   5.5500920e+02   2.4878254e+02   5.5500920e+02   3.9987232e+02   2.1651992e+02   3.4020904e+02   4.1999012e+02   4.2631152e+02   6.3437862e+02   6.5233075e+02   3.5564834e+02   4.0855316e+02   5.2932904e+02   4.5749092e+02   2.1609260e+02   2.9936784e+02   2.8967418e+02   2.4761583e+02   3.3804778e+02   3.2331031e+02
   4.6379390e+02   3.1569865e+02   3.2452153e+02   4.4522336e+02   3.5564834e+02   1.9747167e+02   4.1677402e+02   3.3567157e+02   4.0772380e+02   2.8745464e+02   4.8324627e+02   2.4878254e+02   4.8324627e+02   3.9874106e+02   2.1651992e+02   1.9747167e+02   4.1719274e+02   3.9674337e+02   5.4442506e+02   6.1154434e+02   3.5564834e+02   3.7816185e+02   5.1538558e+02   4.1201604e+02   2.1609260e+02   2.9936784e+02   2.8528926e+02   1.9135402e+02   2.6548249e+02   3.2331031e+02
   4.6379390e+02   3.1569865e+02   3.2452153e+02   4.4522336e+02   3.5564834e+02   1.9747167e+02   4.1677402e+02   3.3567157e+02   4.0772380e+02   2.8745464e+02   4.8324627e+02   2.4878254e+02   4.8324627e+02   3.9874106e+02   2.1651992e+02   1.9747167e+02   4.1719274e+02   3.9674337e+02   5.4442506e+02   6.1154434e+02   3.5564834e+02   3.7816185e+02   5.1538558e+02   4.1201604e+02   2.1609260e+02   2.9936784e+02   2.8528926e+02   1.9135402e+02   2.6548249e+02   3.2331031e+02
   3.9490759e+02   3.1190651e+02   3.2452153e+02   3.1035872e+02   2.7322617e+02   1.9747167e+02   2.9633931e+02   3.3567157e+02   3.0346907e+02   1.9925687e+02   2.4747347e+02   2.4878254e+02   2.4747347e+02   3.5265682e+02   2.1651992e+02   1.9747167e+02   3.6920274e+02   2.7080350e+02   2.9709011e+02   3.8142751e+02   2.7322617e+02   2.1226109e+02   4.8550486e+02   4.1201604e+02   2.1609260e+02   2.9936784e+02   2.0383072e+02   1.8137047e+02   2.6548249e+02   2.9819052e+02
   2.8702221e+02   3.0898001e+02   2.3549202e+02   3.1035872e+02   1.9532954e+02   1.9747167e+02   2.9633931e+02   3.2304703e+02   2.6792421e+02   1.9925687e+02   2.0376731e+02   2.4878254e+02   2.0376731e+02   3.5265682e+02   2.1651992e+02   1.9747167e+02   3.0645751e+02   1.8476127e+02   2.6950302e+02   2.1321901e+02   1.9532954e+02   2.1226109e+02   2.3039012e+02   4.0204868e+02   2.0901014e+02   1.9864313e+02   1.3807405e+02   1.8137047e+02   2.6548249e+02   1.8785876e+02
   1.9037913e+02   2.3851046e+02   2.2068722e+02   2.6006611e+02   1.6339946e+02   1.9630479e+02   2.3876190e+02   2.9150186e+02   1.5466715e+02   1.3665784e+02   1.8159226e+02   1.6004859e+02   1.8159226e+02   2.9652595e+02   2.1207978e+02   1.9630479e+02   2.5260944e+02   1.3084883e+02   2.0383971e+02   2.0352830e+02   1.6339946e+02   2.1226109e+02   2.3039012e+02   1.5223970e+02   1.4921759e+02   1.6687400e+02   1.3807405e+02   1.2916299e+02   1.6978488e+02   1.7891706e+02
   1.6306523e+02   1.4286713e+02   2.1317137e+02   1.4717386e+02   1.4955296e+02   1.3255854e+02   1.7426954e+02   1.7551596e+02   1.1036234e+02   1.3665784e+02   1.2510471e+02   1.5835666e+02   1.2510471e+02   1.3995387e+02   1.4857458e+02   1.3255854e+02   1.5235968e+02   1.2936854e+02   1.6561749e+02   1.3667468e+02   1.4955296e+02   1.4478268e+02   1.5463856e+02   1.5223970e+02   1.2308646e+02   1.6687400e+02   1.2041425e+02   1.2082911e+02   1.3553892e+02   1.3272078e+02
   1.0834822e+02   1.1065511e+02   1.2351234e+02   1.2776179e+02   1.2110010e+02   9.5395380e+01   1.2445665e+02   1.0753297e+02   9.6770039e+01   1.2274614e+02   1.0968056e+02   1.3555543e+02   1.0968056e+02   1.3568435e+02   1.0479442e+02   9.5395380e+01   1.3181530e+02   1.1944309e+02   1.3069290e+02   1.0784609e+02   1.2110010e+02   1.1580550e+02   1.2192645e+02   1.2486751e+02   1.1602678e+02   1.2054260e+02   1.2041425e+02   1.1414936e+02   1.0347586e+02   1.1386915e+02
   8.7621767e+01   9.6600152e+01   9.8892351e+01   1.8678784e+00   9.6823800e+01   8.3869344e+01   1.0501777e+02   1.0240013e+02   9.0691467e+01   8.7021215e+01   8.9065755e+01   1.0446714e+02   8.9065755e+01   9.2851258e+01   9.2857437e+01   8.3869344e+01   9.5031926e+01   9.7465033e+01   9.9950722e+01   9.5826924e+01   9.6823800e+01   9.6620364e+01   9.2213906e+01   8.6152097e+01   1.0197513e+02   9.7132557e+01   8.6746113e+01   9.1426346e+01   8.6171491e+01   9.1158301e+01
   8.3470757e+01   7.7443011e+01   8.4953846e+01   1.8678784e+00   8.3987017e+01   7.2362325e+01   7.7656744e+01   7.5892507e+01   7.9248634e+01   8.1135816e+01   8.0731021e+01   8.1047106e+01   8.0731021e+01   8.5482881e+01   7.9794448e+01   7.2362325e+01   7.9522703e+01   7.8072662e+01   8.7030982e+01   8.8893829e+01   8.3987017e+01   7.9337218e+01   8.1066461e+01   8.2458354e+01   8.1033291e+01   8.0333840e+01   8.3333127e+01   8.2517515e+01   8.4893368e+01   8.3368621e+01
   6.8250297e+01   7.2427987e+01   6.6174869e+01   1.8678784e+00   7.7538791e+01   2.2108896e+01   7.6775498e+01   6.0724021e+01   7.5637782e+01   7.3430264e+01   7.6864983e+01   6.6067632e+01   7.6864983e+01   7.7883070e+01   7.4572473e+01   2.2108896e+01   7.1272650e+01   6.8868799e+01   6.6906528e+01   6.5798751e+01   7.7538791e+01   6.6709942e+01   7.7910303e+01   6.0192620e+01   6.5953155e+01   7.5776313e+01   7.7870502e+01   3.5260415e+01   7.5284960e+01   6.1567180e+01
   6.3670647e+01   6.3198315e+01   6.1927131e+01   1.8678784e+00   6.7489415e+01   2.1197600e+01   6.8117432e+01   5.9551526e+01   6.7539826e+01   6.3169941e+01   7.3881681e+01   6.4751452e+01   7.3881681e+01   7.2129949e+01   6.3407937e+01   2.1197600e+01   6.0235764e+01   6.0589395e+01   6.0524073e+01   5.9265142e+01   6.7489415e+01   6.2078657e+01   6.5387649e+01   3.4669892e+01   5.8572518e+01   6.4192862e+01   6.9082053e+01   1.8333097e+01   6.7042946e+01   5.6850912e+01
   6.1993105e+01   6.0867631e+01   5.7511082e+01   1.8678784e+00   6.2900361e+01   1.7912276e+01   4.5721869e+01   5.7433885e+01   5.9986398e+01   6.0116949e+01   7.1181996e+01   6.2129569e+01   7.1181996e+01   6.6097204e+01   6.0657072e+01   1.7912276e+01   5.7186653e+01   5.9184550e+01   5.8757930e+01   5.8790316e+01   6.2900361e+01   5.5620670e+01   5.8506021e+01   1.8424559e+01   5.7648549e+01   6.0794644e+01   1.8373006e+01   1.0593793e+01   5.7614817e+01   5.6516057e+01
   3.8828945e+01   5.6005611e+01   3.3360282e+01   1.3583109e+00   3.0605088e+01   1.6219448e+01   1.7993326e+01   1.1389173e+01   5.9036391e+00   5.6578542e+01   2.3386134e+00   1.3016742e+00   2.3386134e+00   1.2681243e+01   3.1718561e+01   1.6219448e+01   5.4741722e+01   5.4671280e+01   5.4058721e+01   5.4053420e+01   3.0605088e+01   5.3248479e+01   5.5083653e+01   9.2133421e+00   5.6234066e+01   5.6167976e+01   1.1134026e+01   7.2231022e+00   5.4461194e+01   5.4019474e+01
   5.7702202e+00   5.1684326e+01   1.7204143e-01   8.5482316e-01   5.7871222e+00   1.2048515e+00   5.8243797e+00   6.8433828e-01   1.3478576e+00   7.3815828e-01   7.6157511e-02   1.0657517e+00   7.6157511e-02   5.8699838e+00   6.8550368e-01   1.2048515e+00   4.0564344e+00   1.1584342e+00   5.1509644e-02   1.6217991e+00   5.7871222e+00   1.9361109e-01   8.7941744e-02   3.1828958e-01   2.0004670e+00   1.7249449e+00   2.0686950e+00   5.0220152e+00   6.8861935e+00   1.1855876e+00
   0.0000000e+00   0.0000000e+00   0.0000000e+00   0.0000000e+00   0.0000000e+00   0.0000000e+00   0.0000000e+00   0.0000000e+00   0.0000000e+00   0.0000000e+00   0.0000000e+00   0.0000000e+00   0.0000000e+00   5.9739624e-03   0.0000000e+00   0.0000000e+00   0.0000000e+00   0.0000000e+00   0.0000000e+00   0.0000000e+00   0.0000000e+00   0.0000000e+00   0.0000000e+00   0.0000000e+00   0.0000000e+00   0.0000000e+00   0.0000000e+00   0.0000000e+00   0.0000000e+00   0.0000000e+00
