   5.2859846e+03   5.3700228e+03   5.7351062e+03   5.5122665e+03   5.4704828e+03   3.7874133e+03   3.9695885e+03   5.0939981e+03   5.0323515e+03   5.3297178e+03   3.7509963e+03   5.3602468e+03   3.7509963e+03   5.2934191e+03   5.2927630e+03   3.7874133e+03   5.7986383e+03   5.5096819e+03   5.2027352e+03   4.5687745e+03   5.4704828e+03   5.7541104e+03   4.3581804e+03   5.4554606e+03   5.7590343e+03   5.7485285e+03   5.1560357e+03   5.2726194e+03   5.7148273e+03   5.2589779e+03
   5.2859846e+03   5.3700228e+03   5.7351062e+03   5.5122665e+03   5.4704828e+03   3.7874133e+03   3.9695885e+03   5.0939981e+03   5.0323515e+03   5.3297178e+03   3.7509963e+03   5.3602468e+03   3.7509963e+03   5.2934191e+03   5.2927630e+03   3.7874133e+03   5.7986383e+03   5.5096819e+03   5.2027352e+03   4.5687745e+03   5.4704828e+03   5.7541104e+03   4.3581804e+03   5.4554606e+03   5.7590343e+03   5.7485285e+03   5.1560357e+03   5.2726194e+03   5.7148273e+03   5.2589779e+03
   5.2859846e+03   5.3700228e+03   5.7351062e+03   5.5122665e+03   5.4704828e+03   3.7874133e+03   3.9695885e+03   5.0939981e+03   5.0323515e+03   5.3297178e+03   3.7509963e+03   5.3602468e+03   3.7509963e+03   5.2934191e+03   5.2927630e+03   3.7874133e+03   5.7986383e+03   5.5096819e+03   5.2027352e+03   4.5687745e+03   5.4704828e+03   5.7541104e+03   4.3581804e+03   5.4554606e+03   5.7590343e+03   5.7485285e+03   5.1560357e+03   5.2726194e+03   5.7148273e+03   5.2589779e+03
   5.0523577e+03   5.3700228e+03   5.6364965e+03   5.3405305e+03   5.3830663e+03   3.5416347e+03   3.9695885e+03   5.0939981e+03   4.2671764e+03   5.2394837e+03   3.6979931e+03   5.3602468e+03   3.6979931e+03   4.8822204e+03   5.0322834e+03   3.5416347e+03   4.6035995e+03   5.4499536e+03   5.2027352e+03   4.5687745e+03   5.3830663e+03   5.5489170e+03   4.3581804e+03   5.3348097e+03   5.3286940e+03   5.7485285e+03   5.1560357e+03   5.1061033e+03   5.4210492e+03   5.2589779e+03
   5.0304762e+03   4.5716305e+03   5.3426611e+03   5.3405305e+03   4.3125949e+03   3.1937637e+03   3.6735185e+03   3.7998669e+03   4.2671764e+03   4.3437328e+03   3.6979931e+03   5.2643024e+03   3.6979931e+03   4.8307947e+03   4.7491011e+03   3.1937637e+03   4.5374551e+03   5.2406993e+03   5.2027352e+03   4.5378938e+03   4.3125949e+03   5.5489170e+03   4.2922470e+03   4.3970785e+03   5.3172402e+03   5.0013054e+03   4.6673837e+03   5.1061033e+03   5.4210492e+03   5.1463364e+03
   4.9550578e+03   4.5716305e+03   5.0370254e+03   4.0062602e+03   3.6589687e+03   3.1937637e+03   3.6735185e+03   3.7998669e+03   4.1525562e+03   4.3437328e+03   3.3005382e+03   4.7928967e+03   3.3005382e+03   4.3508204e+03   4.4763163e+03   3.1937637e+03   4.1497422e+03   5.2406993e+03   4.9800827e+03   4.3922882e+03   3.6589687e+03   4.3563254e+03   3.4439336e+03   4.3203245e+03   4.4722076e+03   4.5443692e+03   4.4842920e+03   4.9076890e+03   4.5632110e+03   3.7904272e+03
   3.5230482e+03   2.7139253e+03   3.6683892e+03   3.9220406e+03   3.4218647e+03   3.1937637e+03   3.2628050e+03   3.4030673e+03   3.0933935e+03   2.8202724e+03   3.1067143e+03   4.4672103e+03   3.1067143e+03   3.9574643e+03   3.4339546e+03   3.1937637e+03   3.8555092e+03   4.3796509e+03   3.6918434e+03   3.6217704e+03   3.4218647e+03   4.3563254e+03   3.4269090e+03   3.7719585e+03   3.7178540e+03   4.5443692e+03   4.1890838e+03   2.5790200e+03   4.0960500e+03   3.7904272e+03
   3.2078528e+03   2.5743534e+03   2.6538752e+03   3.0561061e+03   2.5320718e+03   1.7556075e+03   2.7341692e+03   2.5985748e+03   2.5180978e+03   2.2161474e+03   3.0441594e+03   3.3825127e+03   3.0441594e+03   1.8879128e+03   3.1844612e+03   1.7556075e+03   3.1145145e+03   3.5158034e+03   2.0976050e+03   2.8478945e+03   2.5320718e+03   3.1040605e+03   2.5061361e+03   2.5352222e+03   2.4997077e+03   3.4277656e+03   3.3629087e+03   2.2828242e+03   2.7094996e+03   3.1456759e+03
   2.1388221e+03   1.4230581e+03   1.4508748e+03   2.1251018e+03   1.8017917e+03   1.6632369e+03   1.9161809e+03   1.9182311e+03   2.3123311e+03   1.4745650e+03   1.1318277e+03   1.3713937e+03   1.1318277e+03   1.3301200e+03   1.5997735e+03   1.6632369e+03   1.7897799e+03   2.2291319e+03   1.8316913e+03   2.0836561e+03   1.8017917e+03   2.2961777e+03   1.5136653e+03   1.7311884e+03   1.7222358e+03   1.9831923e+03   2.3999775e+03   1.5817000e+03   1.6274901e+03   1.8178073e+03
   1.0332212e+03   1.1817489e+03   8.3657300e+02   1.1585349e+03   7.4905132e+02   9.4648970e+02   1.2558030e+03   1.2922794e+03   9.2314693e+02   8.8243010e+02   8.1551136e+02   1.0972805e+03   8.1551136e+02   8.0903637e+02   9.5483347e+02   9.4648970e+02   7.5988466e+02   1.2598856e+03   1.2142923e+03   1.4094234e+03   7.4905132e+02   1.1411173e+03   1.2226148e+03   9.9649558e+02   1.2427135e+03   9.8219265e+02   1.2012195e+03   1.0218371e+03   1.0279237e+03   8.8395080e+02
   4.4274183e+02   4.3820814e+02   3.3690683e+02   5.0797035e+02   4.5455283e+02   4.2634802e+02   3.8358122e+02   3.2857047e+02   5.4215948e+02   4.4902646e+02   3.8866626e+02   4.3473692e+02   3.8866626e+02   3.9015670e+02   3.8943985e+02   4.2634802e+02   5.2147415e+02   4.6772536e+02   5.2706347e+02   4.6053813e+02   4.5455283e+02   3.2587268e+02   3.6280147e+02   3.9463409e+02   3.4148931e+02   5.7259309e+02   4.4537423e+02   4.2652226e+02   4.6632829e+02   5.2248644e+02
   2.2541337e+02   2.1018126e+02   2.3566893e+02   2.3242065e+02   2.1237004e+02   2.6801693e+02   2.1700005e+02   1.7415017e+02   2.3358398e+02   1.9544480e+02   2.4643267e+02   2.5041724e+02   2.4643267e+02   2.1201085e+02   2.2817631e+02   2.6801693e+02   2.2630067e+02   2.0992831e+02   2.3985746e+02   2.5266539e+02   2.1237004e+02   1.9831338e+02   2.1675807e+02   2.2154483e+02   1.8581920e+02   2.4778568e+02   2.3517763e+02   2.0984889e+02   2.1228777e+02   2.4198220e+02
   1.3932443e+02   1.4262994e+02   1.3531384e+02   1.4081352e+02   1.3967658e+02   1.4736187e+02   1.3578807e+02   1.4287940e+02   1.3849496e+02   1.3207856e+02   1.4208267e+02   1.4416220e+02   1.4208267e+02   1.3626322e+02   1.3349950e+02   1.4736187e+02   1.5293704e+02   1.6342509e+02   1.5275236e+02   1.4987257e+02   1.3967658e+02   1.3276434e+02   1.2802997e+02   1.2376732e+02   1.2669935e+02   1.3656221e+02   1.4247335e+02   1.4201784e+02   1.4003536e+02   1.5804645e+02
   1.0937009e+02   1.0740387e+02   1.0021112e+02   1.0404766e+02   1.0639911e+02   1.1093255e+02   1.0861568e+02   1.1695347e+02   1.0559616e+02   1.0106700e+02   1.1639634e+02   1.0311369e+02   1.1639634e+02   1.0257610e+02   1.0977151e+02   1.1093255e+02   1.0956668e+02   1.1338241e+02   1.0612561e+02   1.0343805e+02   1.0639911e+02   1.0349321e+02   1.0792011e+02   1.0263055e+02   1.0702856e+02   1.1443297e+02   1.1535125e+02   1.1319900e+02   1.0300128e+02   1.1356773e+02
   1.0000000e+02   1.0000000e+02   1.0000000e+02   1.0000000e+02   1.0000000e+02   1.0000000e+02   1.0000000e+02   1.0000000e+02   1.0000000e+02   1.0000000e+02   1.0000000e+02   1.0000000e+02   1.0000000e+02   1.0000000e+02   1.0000000e+02   1.0000000e+02   1.0000000e+02   1.0000000e+02   1.0000000e+02   1.0000000e+02   1.0000000e+02   1.0000000e+02   1.0000000e+02   1.0000000e+02   1.0000000e+02   1.0000000e+02   1.0000000e+02   1.0000000e+02   1.0000000e+02   1.0000000e+02
   1.0000000e+02   1.0000000e+02   1.0000000e+02   1.0000000e+02   1.0000000e+02   1.0000000e+02   1.0000000e+02   1.0000000e+02   1.0000000e+02   1.0000000e+02   1.0000000e+02   1.0000000e+02   1.0000000e+02   1.0000000e+02   1.0000000e+02   1.0000000e+02   1.0000000e+02   1.0000000e+02   1.0000000e+02   1.0000000e+02   1.0000000e+02   1.0000000e+02   1.0000000e+02   1.0000000e+02   1.0000000e+02   1.0000000e+02   1.0000000e+02   1.0000000e+02   1.0000000e+02   4.4416802e+01
