   3.2477361e+03   2.7900927e+03   3.2999624e+03   2.6929006e+03   2.9720845e+03   2.7569410e+03   2.5469551e+03   3.1180507e+03   2.5246259e+03   2.7994920e+03   2.5834473e+03   2.9656593e+03   2.9720845e+03   2.8267152e+03   2.9201738e+03   2.4407944e+03   3.5171435e+03   2.5817440e+03   2.8886921e+03   3.0918614e+03   2.4910862e+03   2.7341447e+03   3.0923634e+03   2.5319391e+03   2.8369723e+03   2.8621071e+03   2.1944481e+03   2.8198024e+03   2.9537706e+03   2.8055966e+03
   2.7641732e+03   2.7900927e+03   3.0852700e+03   2.6929006e+03   2.4716906e+03   2.2107568e+03   2.5469551e+03   2.3925124e+03   1.6730321e+03   2.7994920e+03   2.5834473e+03   2.9656593e+03   2.4716906e+03   2.7503587e+03   2.9201738e+03   2.2007491e+03   1.8659450e+03   2.5817440e+03   2.4408367e+03   2.7410772e+03   2.4910862e+03   2.2804575e+03   3.0923634e+03   2.5061516e+03   2.8369723e+03   2.8621071e+03   2.1944481e+03   2.2622613e+03   2.2876471e+03   2.2864267e+03
   2.7641732e+03   1.6478250e+03   2.5464791e+03   2.3645524e+03   2.4716906e+03   2.2107568e+03   2.5469551e+03   1.9541974e+03   1.6730321e+03   2.4977089e+03   2.0255147e+03   2.8510651e+03   2.4716906e+03   2.6592505e+03   2.1977183e+03   2.2007491e+03   1.8659450e+03   2.5817440e+03   2.4408367e+03   2.3638988e+03   2.3807349e+03   1.9475491e+03   2.7187775e+03   2.5061516e+03   2.3462465e+03   2.4785309e+03   2.1944481e+03   2.2622613e+03   2.2876471e+03   2.2864267e+03
   2.7641732e+03   1.6478250e+03   2.5464791e+03   2.3645524e+03   2.4716906e+03   2.2107568e+03   2.5469551e+03   1.9541974e+03   1.6730321e+03   2.4977089e+03   2.0255147e+03   2.8510651e+03   2.4716906e+03   2.6592505e+03   2.1977183e+03   2.2007491e+03   1.8659450e+03   2.5817440e+03   2.4408367e+03   2.3638988e+03   2.3807349e+03   1.9475491e+03   2.7187775e+03   2.5061516e+03   2.3462465e+03   2.4785309e+03   2.1944481e+03   2.2622613e+03   2.2876471e+03   2.2864267e+03
   2.7641732e+03   1.6478250e+03   2.5464791e+03   2.3645524e+03   2.4716906e+03   2.2107568e+03   2.5469551e+03   1.9541974e+03   1.6730321e+03   2.4977089e+03   2.0255147e+03   2.8510651e+03   2.4716906e+03   2.6592505e+03   2.1977183e+03   2.2007491e+03   1.8659450e+03   2.5817440e+03   2.4408367e+03   2.3638988e+03   2.3807349e+03   1.9475491e+03   2.7187775e+03   2.5061516e+03   2.3462465e+03   2.4785309e+03   2.1944481e+03   2.2622613e+03   2.2876471e+03   2.2864267e+03
   2.7641732e+03   1.6478250e+03   2.5464791e+03   2.3645524e+03   2.4716906e+03   2.2107568e+03   2.5469551e+03   1.9541974e+03   1.6730321e+03   2.4977089e+03   2.0255147e+03   2.8510651e+03   2.4716906e+03   2.6592505e+03   2.1977183e+03   2.2007491e+03   1.8659450e+03   2.5817440e+03   2.4408367e+03   2.3638988e+03   2.3807349e+03   1.9475491e+03   2.7187775e+03   2.5061516e+03   2.3462465e+03   2.4785309e+03   2.1944481e+03   2.2622613e+03   2.2876471e+03   2.2864267e+03
   2.7641732e+03   1.6478250e+03   2.5464791e+03   2.3645524e+03   2.4716906e+03   2.2107568e+03   2.5469551e+03   1.9541974e+03   1.6730321e+03   2.4977089e+03   2.0255147e+03   2.8510651e+03   2.4716906e+03   2.6592505e+03   2.1977183e+03   2.2007491e+03   1.8659450e+03   2.5817440e+03   2.4408367e+03   2.3638988e+03   2.3807349e+03   1.9475491e+03   2.7187775e+03   2.5061516e+03   2.3462465e+03   2.4785309e+03   2.1944481e+03   2.2622613e+03   2.2876471e+03   2.2864267e+03
   2.7641732e+03   1.6478250e+03   2.5464791e+03   2.3645524e+03   2.4716906e+03   2.2107568e+03   2.5469551e+03   1.9541974e+03   1.6730321e+03   2.4977089e+03   2.0255147e+03   2.8510651e+03   2.4716906e+03   2.6592505e+03   2.1977183e+03   2.2007491e+03   1.8659450e+03   2.5817440e+03   2.4408367e+03   2.3638988e+03   2.3807349e+03   1.9475491e+03   2.7187775e+03   2.5061516e+03   2.3462465e+03   2.4785309e+03   2.1944481e+03   2.2622613e+03   2.2876471e+03   2.2864267e+03
   2.7641732e+03   1.6478250e+03   2.5464791e+03   2.3645524e+03   2.4716906e+03   2.2107568e+03   2.5469551e+03   1.9541974e+03   1.6730321e+03   2.4977089e+03   2.0255147e+03   2.8510651e+03   2.4716906e+03   2.6592505e+03   2.1977183e+03   2.2007491e+03   1.8659450e+03   2.5817440e+03   2.4408367e+03   2.3638988e+03   2.3807349e+03   1.9475491e+03   2.7187775e+03   2.5061516e+03   2.3462465e+03   2.4785309e+03   2.1944481e+03   2.2622613e+03   2.2876471e+03   2.2864267e+03
   2.7641732e+03   1.6478250e+03   2.5464791e+03   2.3645524e+03   2.4716906e+03   2.2107568e+03   2.5469551e+03   1.9541974e+03   1.6730321e+03   2.4977089e+03   2.0255147e+03   2.8510651e+03   2.4716906e+03   2.6592505e+03   2.1977183e+03   2.2007491e+03   1.8659450e+03   2.5817440e+03   2.4408367e+03   2.3638988e+03   2.3807349e+03   1.9475491e+03   2.7187775e+03   2.5061516e+03   2.3462465e+03   2.4785309e+03   2.1944481e+03   2.2622613e+03   2.2876471e+03   2.2864267e+03
   2.7641732e+03   1.6478250e+03   2.5464791e+03   2.3645524e+03   2.4716906e+03   2.2107568e+03   2.5469551e+03   1.9541974e+03   1.6730321e+03   2.4977089e+03   2.0255147e+03   2.8510651e+03   2.4716906e+03   2.6592505e+03   2.1977183e+03   2.2007491e+03   1.8659450e+03   2.5817440e+03   2.4408367e+03   2.3638988e+03   2.3807349e+03   1.9475491e+03   2.7187775e+03   2.5061516e+03   2.3462465e+03   2.4785309e+03   2.1944481e+03   2.2622613e+03   2.2876471e+03   2.2864267e+03
   2.7641732e+03   1.6478250e+03   2.5464791e+03   2.3645524e+03   2.4716906e+03   2.2107568e+03   2.5469551e+03   1.9541974e+03   1.6730321e+03   2.4977089e+03   2.0255147e+03   2.8510651e+03   2.4716906e+03   2.6592505e+03   2.1977183e+03   2.2007491e+03   1.8659450e+03   2.5817440e+03   2.4408367e+03   2.3638988e+03   2.3807349e+03   1.9475491e+03   2.7187775e+03   2.5061516e+03   2.3462465e+03   2.4785309e+03   2.1944481e+03   2.2622613e+03   2.2876471e+03   2.2864267e+03
   2.7641732e+03   1.6478250e+03   2.5464791e+03   2.3645524e+03   2.4716906e+03   2.2107568e+03   2.5469551e+03   1.9541974e+03   1.6730321e+03   2.4977089e+03   2.0255147e+03   2.8510651e+03   2.4716906e+03   2.6592505e+03   2.1977183e+03   2.2007491e+03   1.8659450e+03   2.5817440e+03   2.4408367e+03   2.3638988e+03   2.3807349e+03   1.9475491e+03   2.7187775e+03   2.5061516e+03   2.3462465e+03   2.4785309e+03   2.1944481e+03   2.2622613e+03   2.2876471e+03   2.2864267e+03
   2.7641732e+03   1.6478250e+03   2.5464791e+03   2.3645524e+03   2.4716906e+03   2.2107568e+03   2.5469551e+03   1.9541974e+03   1.6730321e+03   2.4977089e+03   2.0255147e+03   2.8510651e+03   2.4716906e+03   2.6592505e+03   2.1977183e+03   2.2007491e+03   1.8659450e+03   2.5817440e+03   2.4408367e+03   2.3638988e+03   2.3807349e+03   1.9475491e+03   2.7187775e+03   2.5061516e+03   2.3462465e+03   2.4785309e+03   2.1944481e+03   2.2622613e+03   2.2876471e+03   2.2864267e+03
   2.9593436e+01   4.4124988e+01   7.0452320e+01   6.6734181e+01   5.2046022e+01   3.8095978e+01   4.3091302e+01   5.6537713e+01   3.6887293e+01   2.9717896e+01   3.8315075e+01   3.6622101e+01   5.2046022e+01   3.2344254e+01   4.9659432e+01   3.6868586e+01   3.5690914e+01   5.2539180e+01   3.7241480e+01   3.6406935e+01   3.4825930e+01   3.5953996e+01   6.2513763e+01   5.2277083e+01   8.0829072e+01   5.3461988e+01   4.5531308e+01   5.5085656e+01   3.9116122e+01   5.3024173e+01
   6.1483149e-01   5.7557741e-01   6.4766892e-01   6.5733405e-01   6.0204877e-01   5.1950223e-01   7.3489396e-01   6.1323747e-01   1.1810349e+00   7.8625759e-01   5.6737443e-01   7.0473317e-01   6.0204877e-01   8.9239914e-01   6.6546229e-01   1.2470661e+00   7.8309923e-01   2.2181389e-01   6.9327921e-01   4.2606163e-01   7.0135658e-01   5.5652511e-01   8.1154679e-01   7.6098844e-01   5.8124176e-01   7.2575037e-01   7.7049943e-01   5.7907446e-01   6.5414494e-01   6.5729929e-01
