   2.1623064e+03   1.7960210e+03   2.0945956e+03   2.1472494e+03   2.3694328e+03   1.9723073e+03   1.7786669e+03   2.0071940e+03   1.9314932e+03   2.2389951e+03   2.3785441e+03   2.6349250e+03   2.3694328e+03   1.7198860e+03   1.8152262e+03   2.1856377e+03   2.2302917e+03   1.9619236e+03   2.1996407e+03   1.9512650e+03   1.8623827e+03   2.0701593e+03   1.8652462e+03   2.2701001e+03   1.7700456e+03   2.4592572e+03   2.1506608e+03   2.3893230e+03   2.2712713e+03   2.3571384e+03
   2.1212536e+03   1.7960210e+03   2.0945956e+03   2.1472494e+03   2.3353894e+03   1.9723073e+03   1.7786669e+03   2.0071940e+03   1.9314932e+03   2.2389951e+03   1.9585014e+03   2.4555749e+03   2.3353894e+03   1.7198860e+03   1.8152262e+03   2.1355493e+03   2.2302917e+03   1.7854099e+03   2.1996407e+03   1.9512650e+03   1.8623827e+03   2.0701593e+03   1.8652462e+03   2.2701001e+03   1.7700456e+03   2.0892326e+03   2.1506608e+03   1.9072293e+03   2.0292788e+03   2.3571384e+03
   1.9714453e+03   1.7960210e+03   2.0945956e+03   2.1472494e+03   2.2381617e+03   1.9723073e+03   1.7786669e+03   2.0071940e+03   1.9314932e+03   1.9247946e+03   1.7919238e+03   1.9925679e+03   2.2381617e+03   1.7198860e+03   1.8152262e+03   2.0532287e+03   1.9207591e+03   1.7854099e+03   1.9001403e+03   1.9512650e+03   1.8623827e+03   1.9238216e+03   1.8652462e+03   2.1563343e+03   1.7700456e+03   2.0892326e+03   2.0178259e+03   1.9072293e+03   1.6625025e+03   1.7279317e+03
   1.9714453e+03   1.7960210e+03   1.8667816e+03   2.1472494e+03   1.7303454e+03   1.8748355e+03   1.7786669e+03   1.7526044e+03   1.5720839e+03   1.8322125e+03   1.7919238e+03   1.9824213e+03   1.7303454e+03   1.7198860e+03   1.8152262e+03   1.7040547e+03   1.9207591e+03   1.5702934e+03   1.9001403e+03   1.6469996e+03   1.8623827e+03   1.9238216e+03   1.8652462e+03   2.1563343e+03   1.6770084e+03   1.8413953e+03   1.9814626e+03   1.9072293e+03   1.6625025e+03   1.7279317e+03
   1.8545258e+03   1.7960210e+03   1.8667816e+03   1.7526360e+03   1.7303454e+03   1.8748355e+03   1.7786669e+03   1.7526044e+03   1.5720839e+03   1.7573211e+03   1.7241702e+03   1.9295915e+03   1.7303454e+03   1.7198860e+03   1.7076863e+03   1.7040547e+03   1.4274392e+03   1.5702934e+03   1.9001403e+03   1.6469996e+03   1.6327062e+03   1.4126432e+03   1.8652462e+03   1.6446144e+03   1.6770084e+03   1.6188322e+03   1.9178671e+03   1.8400800e+03   1.6625025e+03   1.7279317e+03
   1.6155063e+03   1.2783785e+03   1.8667816e+03   1.6493058e+03   1.3338739e+03   1.4564531e+03   1.1547439e+03   1.7373674e+03   1.5167736e+03   1.7199633e+03   1.4939763e+03   1.5183533e+03   1.3338739e+03   1.7195729e+03   1.6390169e+03   1.3727550e+03   1.1990672e+03   1.4191860e+03   1.2721289e+03   1.6469996e+03   1.5071990e+03   1.4126432e+03   1.3162239e+03   1.3184180e+03   1.6770084e+03   1.6188322e+03   1.6491251e+03   1.4200069e+03   1.5438825e+03   1.5982738e+03
   1.1901193e+03   1.2783785e+03   1.1011524e+03   1.2478239e+03   1.3338739e+03   1.4564531e+03   1.1547439e+03   1.3673556e+03   1.4849277e+03   1.1801730e+03   1.4939763e+03   1.1142593e+03   1.3338739e+03   1.2066966e+03   1.1011809e+03   1.3727550e+03   1.1990672e+03   1.4191860e+03   1.2721289e+03   1.4970709e+03   1.2812097e+03   1.4126432e+03   1.3162239e+03   1.0630620e+03   1.4338686e+03   1.5713402e+03   1.2509997e+03   1.4200069e+03   1.2954236e+03   1.4449575e+03
   1.1744016e+03   1.0665122e+03   1.0650652e+03   8.7624880e+02   1.0635587e+03   1.1473271e+03   1.1547439e+03   1.2745769e+03   7.9597905e+02   1.0085751e+03   1.2763664e+03   9.4255462e+02   1.0635587e+03   8.4718072e+02   1.1011809e+03   6.5704889e+02   9.9305111e+02   1.2742046e+03   1.2721289e+03   1.3072152e+03   1.2726628e+03   1.0633664e+03   1.1898302e+03   1.0630620e+03   9.3760659e+02   1.0285840e+03   1.0579798e+03   1.1252342e+03   1.2489597e+03   1.0626720e+03
   7.4696354e+02   8.3693198e+02   8.7307517e+02   8.7624880e+02   8.8679062e+02   6.6056348e+02   1.1547439e+03   7.5915007e+02   7.9097457e+02   8.1385057e+02   1.0701930e+03   9.4255462e+02   8.8679062e+02   8.4718072e+02   1.1011809e+03   6.5704889e+02   9.9305111e+02   1.1363758e+03   7.7508211e+02   8.1572930e+02   9.4321105e+02   9.3857940e+02   1.0712199e+03   1.0378670e+03   9.3760659e+02   9.3141249e+02   1.0579798e+03   9.6253477e+02   9.9970394e+02   9.0327681e+02
   5.9990225e+02   6.7371932e+02   7.5184933e+02   8.7624880e+02   2.7922801e+02   6.6056348e+02   7.5947626e+02   5.4763641e+02   6.5072585e+02   6.2049569e+02   5.4866937e+02   6.8891332e+02   2.7922801e+02   7.6841788e+02   4.1275835e+02   6.5704889e+02   7.1728025e+02   6.0798498e+02   3.0051805e+02   7.9185584e+02   7.0369141e+02   7.1283459e+02   6.5683895e+02   7.5337283e+02   8.0707844e+02   6.2545347e+02   7.0807304e+02   8.0951221e+02   6.0009253e+02   7.5563588e+02
   3.8536852e+02   2.9831278e+02   5.1179997e+02   4.8670297e+02   2.7922801e+02   3.4805081e+02   3.0649471e+02   2.3644791e+02   4.1613627e+02   3.0091588e+02   2.3553347e+02   4.0890765e+02   2.7922801e+02   3.5374296e+02   1.2790654e+02   4.6729174e+02   5.0255450e+02   2.7666017e+02   9.6091296e+01   1.4131538e+02   3.1497077e+02   3.5117080e+02   3.9773061e+02   5.0616599e+02   3.2311723e+02   3.3683187e+02   3.9499343e+02   3.5352261e+02   1.9272988e+02   3.8386047e+02
   8.5790221e+01   1.4045778e+02   1.6113105e+02   1.7330769e+02   1.4027553e+02   8.6859633e+01   6.0260550e+01   1.3220308e+02   1.4050434e+02   1.3464030e+02   1.6334771e+02   1.4118919e+02   1.4027553e+02   1.9352502e+02   1.2790654e+02   7.0631025e+01   9.9024796e+01   8.1979354e+01   7.4544949e+01   1.0939343e+02   1.1868069e+02   1.1610354e+02   1.3361341e+02   2.0331696e+02   1.3670058e+02   1.3517996e+02   7.0342305e+01   8.2083251e+01   1.2805260e+02   1.3335365e+02
   2.8450219e+01   2.8506798e+01   3.2929063e+01   3.0758565e+01   1.7849526e+01   2.4148879e+01   2.0442435e+01   2.6043778e+01   3.4393843e+01   2.0405570e+01   3.7874538e+01   2.4519116e+01   1.7849526e+01   2.7152784e+01   2.0813307e+01   1.6818988e+01   2.0878369e+01   3.1840678e+01   1.6732930e+01   2.5423435e+01   1.6028480e+01   2.6914007e+01   3.4156205e+01   3.8495394e+01   4.9032254e+01   3.6618111e+01   2.4056799e+01   3.3110750e+01   1.9114718e+01   4.2125503e+01
   1.4104682e+00   1.5121243e+00   8.3639886e-01   1.5465867e+00   1.2348719e+00   1.2832419e+00   6.1874060e-01   2.1398026e+00   2.1089619e+00   7.0345069e-01   5.8609916e+00   1.2331494e+00   1.2348719e+00   2.2602421e+00   6.0291509e-01   1.2759614e+00   1.6316356e+00   1.9149883e+00   9.4205720e-01   1.9753826e+00   1.0804805e+00   1.8539660e+00   1.4861497e+00   1.0029374e+00   3.2540966e+00   3.5654045e-01   6.0160046e-01   2.6781937e+00   6.3062914e-01   4.6692098e-01
   6.2454441e-02   1.2490888e-01   0.0000000e+00   0.0000000e+00   0.0000000e+00   6.2454441e-02   6.2454441e-02   0.0000000e+00   6.2454441e-02   6.2454441e-02   1.8736332e-01   0.0000000e+00   0.0000000e+00   6.2454441e-02   0.0000000e+00   6.2454441e-02   0.0000000e+00   6.2454441e-02   0.0000000e+00   0.0000000e+00   0.0000000e+00   0.0000000e+00   1.2490888e-01   6.2454441e-02   6.2454441e-02   0.0000000e+00   0.0000000e+00   6.2454441e-02   1.2490888e-01   6.2454441e-02
   6.2454441e-02   1.2490888e-01   0.0000000e+00   0.0000000e+00   0.0000000e+00   6.2454441e-02   6.2454441e-02   0.0000000e+00   6.2454441e-02   6.2454441e-02   1.8736332e-01   0.0000000e+00   0.0000000e+00   6.2454441e-02   0.0000000e+00   6.2454441e-02   0.0000000e+00   6.2454441e-02   0.0000000e+00   0.0000000e+00   0.0000000e+00   0.0000000e+00   1.2490888e-01   6.2454441e-02   6.2454441e-02   0.0000000e+00   0.0000000e+00   6.2454441e-02   1.2490888e-01   6.2454441e-02
