   3.2477361e+03   2.7900927e+03   3.2999624e+03   2.6929006e+03   2.9720845e+03   2.7569410e+03   2.5469551e+03   3.1180507e+03   2.5246259e+03   2.7994920e+03   2.5834473e+03   2.9656593e+03   2.9720845e+03   2.8267152e+03   2.9201738e+03   2.4407944e+03   3.5171435e+03   2.5817440e+03   2.8886921e+03   3.0918614e+03   2.4910862e+03   2.7341447e+03   3.0923634e+03   2.5319391e+03   2.8369723e+03   2.8621071e+03   2.1944481e+03   2.8198024e+03   2.9537706e+03   2.8055966e+03
   2.7641732e+03   2.7900927e+03   3.0852700e+03   2.6929006e+03   2.4716906e+03   2.2107568e+03   2.5469551e+03   2.3925124e+03   1.6730321e+03   2.7994920e+03   2.5834473e+03   2.9656593e+03   2.4716906e+03   2.7503587e+03   2.9201738e+03   2.2007491e+03   1.8659450e+03   2.5817440e+03   2.4408367e+03   2.7410772e+03   2.4910862e+03   2.2804575e+03   3.0923634e+03   2.5061516e+03   2.8369723e+03   2.8621071e+03   2.1944481e+03   2.2622613e+03   2.2876471e+03   2.2864267e+03
   2.7641732e+03   1.6478250e+03   2.5464791e+03   2.3645524e+03   2.4716906e+03   2.2107568e+03   2.5469551e+03   1.9541974e+03   1.6730321e+03   2.4977089e+03   2.0255147e+03   2.8510651e+03   2.4716906e+03   2.6592505e+03   2.1977183e+03   2.2007491e+03   1.8659450e+03   2.5817440e+03   2.4408367e+03   2.3638988e+03   2.3807349e+03   1.9475491e+03   2.7187775e+03   2.5061516e+03   2.3462465e+03   2.4785309e+03   2.1944481e+03   2.2622613e+03   2.2876471e+03   2.2864267e+03
   2.7641732e+03   1.6478250e+03   2.5464791e+03   2.3645524e+03   2.4716906e+03   2.2107568e+03   2.5469551e+03   1.9541974e+03   1.6730321e+03   2.4977089e+03   2.0255147e+03   2.8510651e+03   2.4716906e+03   2.6592505e+03   2.1977183e+03   2.2007491e+03   1.8659450e+03   2.5817440e+03   2.4408367e+03   2.3638988e+03   2.3807349e+03   1.9475491e+03   2.7187775e+03   2.5061516e+03   2.3462465e+03   2.4785309e+03   2.1944481e+03   2.2622613e+03   2.2876471e+03   2.2864267e+03
   2.7641732e+03   1.6478250e+03   2.5464791e+03   2.3645524e+03   2.4716906e+03   2.2107568e+03   2.5469551e+03   1.9541974e+03   1.6730321e+03   2.4977089e+03   2.0255147e+03   2.8510651e+03   2.4716906e+03   2.6592505e+03   2.1977183e+03   2.2007491e+03   1.8659450e+03   2.5817440e+03   2.4408367e+03   2.3638988e+03   2.3807349e+03   1.9475491e+03   2.7187775e+03   2.5061516e+03   2.3462465e+03   2.4785309e+03   2.1944481e+03   2.2622613e+03   2.2876471e+03   2.2864267e+03
   2.7641732e+03   1.6478250e+03   2.5464791e+03   2.3645524e+03   2.4716906e+03   2.2107568e+03   2.5469551e+03   1.9541974e+03   1.6730321e+03   2.4977089e+03   2.0255147e+03   2.8510651e+03   2.4716906e+03   2.6592505e+03   2.1977183e+03   2.2007491e+03   1.8659450e+03   2.5817440e+03   2.4408367e+03   2.3638988e+03   2.3807349e+03   1.9475491e+03   2.7187775e+03   2.5061516e+03   2.3462465e+03   2.4785309e+03   2.1944481e+03   2.2622613e+03   2.2876471e+03   2.2864267e+03
   2.7641732e+03   1.6478250e+03   2.5464791e+03   2.3645524e+03   2.4716906e+03   2.2107568e+03   2.5469551e+03   1.9541974e+03   1.6730321e+03   2.4977089e+03   2.0255147e+03   2.8510651e+03   2.4716906e+03   2.6592505e+03   2.1977183e+03   2.2007491e+03   1.8659450e+03   2.5817440e+03   2.4408367e+03   2.3638988e+03   2.3807349e+03   1.9475491e+03   2.7187775e+03   2.5061516e+03   2.3462465e+03   2.4785309e+03   2.1944481e+03   2.2622613e+03   2.2876471e+03   2.2864267e+03
   2.7641732e+03   1.6478250e+03   2.5464791e+03   2.3645524e+03   2.4716906e+03   2.2107568e+03   2.5469551e+03   1.9541974e+03   1.6730321e+03   2.4977089e+03   2.0255147e+03   2.8510651e+03   2.4716906e+03   2.6592505e+03   2.1977183e+03   2.2007491e+03   1.8659450e+03   2.5817440e+03   2.4408367e+03   2.3638988e+03   2.3807349e+03   1.9475491e+03   2.7187775e+03   2.5061516e+03   2.3462465e+03   2.4785309e+03   2.1944481e+03   2.2622613e+03   2.2876471e+03   2.2864267e+03
   2.7641732e+03   1.6478250e+03   2.5464791e+03   2.3645524e+03   2.4716906e+03   2.2107568e+03   2.5469551e+03   1.9541974e+03   1.6730321e+03   2.4977089e+03   2.0255147e+03   2.8510651e+03   2.4716906e+03   2.6592505e+03   2.1977183e+03   2.2007491e+03   1.8659450e+03   2.5817440e+03   2.4408367e+03   2.3638988e+03   2.3807349e+03   1.9475491e+03   2.7187775e+03   2.5061516e+03   2.3462465e+03   2.4785309e+03   2.1944481e+03   2.2622613e+03   2.2876471e+03   2.2864267e+03
   2.7641732e+03   1.6478250e+03   2.5464791e+03   2.3645524e+03   2.4716906e+03   2.2107568e+03   2.5469551e+03   1.9541974e+03   1.6730321e+03   2.4977089e+03   2.0255147e+03   2.8510651e+03   2.4716906e+03   2.6592505e+03   2.1977183e+03   2.2007491e+03   1.8659450e+03   2.5817440e+03   2.4408367e+03   2.3638988e+03   2.3807349e+03   1.9475491e+03   2.7187775e+03   2.5061516e+03   2.3462465e+03   2.4785309e+03   2.1944481e+03   2.2622613e+03   2.2876471e+03   2.2864267e+03
   2.7641732e+03   1.6478250e+03   2.5464791e+03   2.3645524e+03   2.4716906e+03   2.2107568e+03   2.5469551e+03   1.9541974e+03   1.6730321e+03   2.4977089e+03   2.0255147e+03   2.8510651e+03   2.4716906e+03   2.6592505e+03   2.1977183e+03   2.2007491e+03   1.8659450e+03   2.5817440e+03   2.4408367e+03   2.3638988e+03   2.3807349e+03   1.9475491e+03   2.7187775e+03   2.5061516e+03   2.3462465e+03   2.4785309e+03   2.1944481e+03   2.2622613e+03   2.2876471e+03   2.2864267e+03
   2.7641732e+03   1.6478250e+03   2.5464791e+03   2.3645524e+03   2.4716906e+03   2.2107568e+03   2.5469551e+03   1.9541974e+03   1.6730321e+03   2.4977089e+03   2.0255147e+03   2.8510651e+03   2.4716906e+03   2.6592505e+03   2.1977183e+03   2.2007491e+03   1.8659450e+03   2.5817440e+03   2.4408367e+03   2.3638988e+03   2.3807349e+03   1.9475491e+03   2.7187775e+03   2.5061516e+03   2.3462465e+03   2.4785309e+03   2.1944481e+03   2.2622613e+03   2.2876471e+03   2.2864267e+03
   2.7641732e+03   1.6478250e+03   2.5464791e+03   2.3645524e+03   2.4716906e+03   2.2107568e+03   2.5469551e+03   1.9541974e+03   1.6730321e+03   2.4977089e+03   2.0255147e+03   2.8510651e+03   2.4716906e+03   2.6592505e+03   2.1977183e+03   2.2007491e+03   1.8659450e+03   2.5817440e+03   2.4408367e+03   2.3638988e+03   2.3807349e+03   1.9475491e+03   2.7187775e+03   2.5061516e+03   2.3462465e+03   2.4785309e+03   2.1944481e+03   2.2622613e+03   2.2876471e+03   2.2864267e+03
   2.7641732e+03   1.6478250e+03   2.5464791e+03   2.3645524e+03   2.4716906e+03   2.2107568e+03   2.5469551e+03   1.9541974e+03   1.6730321e+03   2.4977089e+03   2.0255147e+03   2.8510651e+03   2.4716906e+03   2.6592505e+03   2.1977183e+03   2.2007491e+03   1.8659450e+03   2.5817440e+03   2.4408367e+03   2.3638988e+03   2.3807349e+03   1.9475491e+03   2.7187775e+03   2.5061516e+03   2.3462465e+03   2.4785309e+03   2.1944481e+03   2.2622613e+03   2.2876471e+03   2.2864267e+03
   2.9593436e+01   4.4124988e+01   7.0221177e+01   6.8804518e+01   5.2046022e+01   3.8095979e+01   4.3091302e+01   5.6537713e+01   3.6887293e+01   2.9717896e+01   3.8315075e+01   3.6622101e+01   5.2046022e+01   3.2344254e+01   4.9659432e+01   3.6868589e+01   3.5690914e+01   5.2539180e+01   3.7241479e+01   3.6406935e+01   4.0283805e+01   3.5953996e+01   6.8902993e+01   4.3215134e+01   7.6241504e+01   4.4721920e+01   4.5531308e+01   5.5085657e+01   3.9116122e+01   5.3024173e+01
   6.6670257e-01   6.4825978e-01   7.6475349e-01   4.1401776e-01   5.6538160e-01   4.0063245e-01   5.8520015e-01   7.9381803e-01   6.1189180e-01   4.2877519e-01   5.2583333e-01   5.4697612e-01   5.6538160e-01   6.0343420e-01   3.2470365e-01   9.1766696e-01   1.0131439e+00   4.4341232e-01   4.8124704e-01   6.0824509e-01   6.0041696e-01   9.7150344e-01   1.2178287e+00   3.6916710e-01   5.5081274e-01   7.1459757e-01   1.1317456e+00   6.8372299e-01   4.1621338e-01   6.8585722e-01
