   2.4786702e+07   4.5538709e+07   6.1037039e+07   4.8639541e+07   8.9762404e+07   1.0399816e+07   3.4101464e+07   2.0869690e+07   2.6470872e+07   2.3964532e+07   1.4878220e+07   1.0029111e+07   5.4476493e+07   5.8542822e+06   1.3949530e+07   1.0854340e+07   4.5989422e+07   2.0830139e+07   6.4514451e+07   4.5007476e+07   2.7646510e+07   6.9923306e+07   9.0443087e+07   5.4217248e+07   4.5160182e+06   7.8757233e+07   4.9378393e+07   7.2787544e+07   1.7034534e+07   2.4477387e+07
   2.4786702e+07   2.7052502e+07   1.6779929e+07   2.8781995e+07   1.7151636e+07   1.0399816e+07   3.0400104e+06   2.0869690e+07   2.6470872e+07   1.1434553e+07   1.4878220e+07   1.0029111e+07   8.6088637e+06   5.8542822e+06   3.6841609e+06   1.0854340e+07   1.0382724e+07   5.4697324e+06   4.6266558e+07   3.1166414e+07   2.7646510e+07   3.7103858e+07   4.9268167e+06   3.6389272e+06   4.5160182e+06   5.8355505e+07   4.2053572e+07   1.9141464e+07   1.7034534e+07   2.4444662e+07
   2.4786702e+07   2.7052502e+07   1.6779929e+07   2.8781995e+07   1.7151636e+07   1.0399816e+07   3.0400104e+06   2.0869690e+07   2.1895003e+07   1.1434553e+07   1.1527980e+07   1.0029111e+07   8.6088637e+06   5.8542822e+06   3.6841609e+06   1.0854340e+07   1.0382724e+07   5.4697324e+06   3.4311210e+07   1.2255072e+07   2.7646510e+07   2.0524775e+06   4.0595294e+06   3.6389272e+06   4.5160182e+06   1.0556715e+06   1.0824180e+07   7.7149984e+06   1.7034534e+07   2.3368972e+07
   2.4786702e+07   2.7052502e+07   1.6779929e+07   2.8781995e+07   1.7151636e+07   1.0399816e+07   3.0400104e+06   2.0869690e+07   2.1895003e+07   1.1434553e+07   1.1527980e+07   1.0029111e+07   8.6088637e+06   5.8542822e+06   3.6841609e+06   1.0854340e+07   1.0382724e+07   5.4697324e+06   3.4311210e+07   1.2255072e+07   2.7646510e+07   2.0524775e+06   4.0595294e+06   3.6389272e+06   4.5160182e+06   1.0556715e+06   1.0824180e+07   7.7149984e+06   1.7034534e+07   2.3368972e+07
   2.4786702e+07   2.7052502e+07   1.6779929e+07   2.8781995e+07   1.7151636e+07   1.0399816e+07   3.0400104e+06   2.0869690e+07   2.1895003e+07   1.1434553e+07   1.1527980e+07   1.0029111e+07   8.6088637e+06   5.8542822e+06   3.6841609e+06   1.0854340e+07   1.0382724e+07   5.4697324e+06   3.4311210e+07   1.2255072e+07   2.7646510e+07   2.0524775e+06   4.0595294e+06   3.6389272e+06   4.5160182e+06   1.0556715e+06   1.0824180e+07   7.7149984e+06   1.7034534e+07   2.3368972e+07
   2.4786702e+07   2.7052502e+07   1.6779929e+07   2.8781995e+07   1.7151636e+07   1.0399816e+07   3.0400104e+06   2.0869690e+07   2.1895003e+07   1.1434553e+07   1.1527980e+07   1.0029111e+07   8.6088637e+06   5.8542822e+06   3.6841609e+06   1.0854340e+07   1.0382724e+07   5.4697324e+06   3.4311210e+07   1.2255072e+07   2.7646510e+07   2.0524775e+06   4.0595294e+06   3.6389272e+06   4.5160182e+06   1.0556715e+06   1.0824180e+07   7.7149984e+06   1.7034534e+07   2.3368972e+07
   2.4786702e+07   2.7052502e+07   1.6779929e+07   2.8781995e+07   1.7151636e+07   1.0399816e+07   3.0400104e+06   2.0869690e+07   2.1895003e+07   1.1434553e+07   1.1527980e+07   1.0029111e+07   8.6088637e+06   5.8542822e+06   3.6841609e+06   1.0854340e+07   1.0382724e+07   5.4697324e+06   3.4311210e+07   1.2255072e+07   2.7646510e+07   2.0524775e+06   4.0595294e+06   3.6389272e+06   4.5160182e+06   1.0556715e+06   1.0824180e+07   7.7149984e+06   1.7034534e+07   2.3368972e+07
   2.4786702e+07   2.7052502e+07   1.6779929e+07   2.8781995e+07   1.7151636e+07   1.0399816e+07   3.0400104e+06   2.0869690e+07   2.1895003e+07   1.1434553e+07   1.1527980e+07   1.0029111e+07   8.6088637e+06   5.8542822e+06   3.6841609e+06   1.0854340e+07   1.0382724e+07   5.4697324e+06   3.4311210e+07   1.2255072e+07   2.7646510e+07   2.0524775e+06   4.0595294e+06   3.6389272e+06   4.5160182e+06   1.0556715e+06   1.0824180e+07   7.7149984e+06   1.7034534e+07   2.3368972e+07
   2.4786702e+07   2.7052502e+07   1.6779929e+07   2.8781995e+07   1.7151636e+07   1.0399816e+07   3.0400104e+06   2.0869690e+07   2.1895003e+07   1.1434553e+07   1.1527980e+07   1.0029111e+07   8.6088637e+06   5.8542822e+06   3.6841609e+06   1.0854340e+07   1.0382724e+07   5.4697324e+06   3.4311210e+07   1.2255072e+07   2.7646510e+07   2.0524775e+06   4.0595294e+06   3.6389272e+06   4.5160182e+06   1.0556715e+06   1.0824180e+07   7.7149984e+06   1.7034534e+07   2.3368972e+07
   2.4786702e+07   2.7052502e+07   1.6779929e+07   2.8781995e+07   1.7151636e+07   1.0399816e+07   3.0400104e+06   2.0869690e+07   2.1895003e+07   1.1434553e+07   1.1527980e+07   1.0029111e+07   8.6088637e+06   5.8542822e+06   3.6841609e+06   1.0854340e+07   1.0382724e+07   5.4697324e+06   3.4311210e+07   1.2255072e+07   2.7646510e+07   2.0524775e+06   4.0595294e+06   3.6389272e+06   4.5160182e+06   1.0556715e+06   1.0824180e+07   7.7149984e+06   1.7034534e+07   2.3368972e+07
   2.4786702e+07   2.7052502e+07   1.6779929e+07   2.8781995e+07   1.7151636e+07   1.0399816e+07   3.0400104e+06   2.0869690e+07   2.1895003e+07   1.1434553e+07   1.1527980e+07   1.0029111e+07   8.6088637e+06   5.8542822e+06   3.6841609e+06   1.0854340e+07   1.0382724e+07   5.4697324e+06   3.4311210e+07   1.2255072e+07   2.7646510e+07   2.0524775e+06   4.0595294e+06   3.6389272e+06   4.5160182e+06   1.0556715e+06   1.0824180e+07   7.7149984e+06   1.7034534e+07   2.3368972e+07
   2.4786702e+07   2.7052502e+07   1.6779929e+07   2.8781995e+07   1.7151636e+07   1.0399816e+07   3.0400104e+06   2.0869690e+07   2.1895003e+07   1.1434553e+07   1.1527980e+07   1.0029111e+07   8.6088637e+06   5.8542822e+06   3.6841609e+06   1.0854340e+07   1.0382724e+07   5.4697324e+06   3.4311210e+07   1.2255072e+07   2.7646510e+07   2.0524775e+06   4.0595294e+06   3.6389272e+06   4.5160182e+06   1.0556715e+06   1.0824180e+07   7.7149984e+06   1.7034534e+07   2.3368972e+07
   2.4786702e+07   2.7052502e+07   1.6779929e+07   2.8781995e+07   1.7151636e+07   1.0399816e+07   3.0400104e+06   2.0869690e+07   2.1895003e+07   1.1434553e+07   1.1527980e+07   1.0029111e+07   8.6088637e+06   5.8542822e+06   3.6841609e+06   1.0854340e+07   1.0382724e+07   5.4697324e+06   3.4311210e+07   1.2255072e+07   2.7646510e+07   2.0524775e+06   4.0595294e+06   3.6389272e+06   4.5160182e+06   1.0556715e+06   1.0824180e+07   7.7149984e+06   1.7034534e+07   2.3368972e+07
   2.4786702e+07   2.7052502e+07   1.6779929e+07   2.8781995e+07   1.7151636e+07   1.0399816e+07   3.0400104e+06   2.0869690e+07   2.1895003e+07   1.1434553e+07   1.1527980e+07   1.0029111e+07   8.6088637e+06   5.8542822e+06   3.6841609e+06   1.0854340e+07   1.0382724e+07   5.4697324e+06   3.4311210e+07   1.2255072e+07   2.7646510e+07   2.0524775e+06   4.0595294e+06   3.6389272e+06   4.5160182e+06   1.0556715e+06   1.0824180e+07   7.7149984e+06   1.7034534e+07   2.3368972e+07
   1.9742907e+02   1.8558825e+02   1.6385139e+02   8.6950266e+01   2.6068030e+02   1.8233420e+02   1.9631503e+02   2.8664600e+02   1.8878780e+02   1.5507497e+02   1.7205338e+02   2.4677229e+02   2.3478722e+02   3.2842578e+02   2.0125383e+02   2.7263914e+02   1.7300365e+02   2.5577956e+02   2.2619509e+02   3.0881514e+02   9.4602124e+01   3.0569817e+02   2.9194803e+02   2.2420457e+02   2.0844396e+02   3.3221972e+02   3.2881492e+02   1.3189531e+02   2.3003762e+02   2.2580423e+02
   6.7554746e-01   1.0173542e+01   9.1605556e+00   9.4776766e-01   1.3237558e+02   3.8634083e-01   2.9928550e+01   2.9358733e+01   1.3306426e+00   1.8116129e+00   8.0710116e-01   1.2944326e+02   1.0951027e+00   1.8908769e+00   1.7532422e+00   1.3221724e+02   2.9918642e+01   8.9892523e+00   9.5672607e+00   1.9664797e+00   4.2064988e+00   2.9748429e+01   8.1206946e-01   8.0174173e-01   6.3302594e-01   2.9928261e+01   1.2755289e+01   4.5278161e+00   8.9942594e+00   9.6043215e-01
