2.06112295e+003 2.48778911e+003 2.28858533e+003 1.84851133e+003 2.24887226e+003 2.36047366e+003 2.08623137e+003 2.62163894e+003 1.80216499e+003 1.79809172e+003 2.26340534e+003 2.22914918e+003 2.21745915e+003 2.50147455e+003 2.31974780e+003 2.31170564e+003 2.36484071e+003 2.25124204e+003 2.47929042e+003 2.35448811e+003 1.65966738e+003 2.35906306e+003 2.30556351e+003 2.46359486e+003 1.90444325e+003 2.64796350e+003 2.10724353e+003 2.38369123e+003 2.65080185e+003 2.09198112e+003 
2.06112295e+003 2.48778911e+003 2.28858533e+003 1.84851133e+003 2.24887226e+003 2.36047366e+003 2.08623137e+003 2.06471300e+003 1.80216499e+003 1.79809172e+003 2.19827453e+003 2.22914918e+003 2.21745915e+003 2.35431255e+003 2.31974780e+003 2.31170564e+003 2.06269020e+003 2.09108201e+003 2.47929042e+003 2.25384674e+003 1.65966738e+003 2.35906306e+003 2.30556351e+003 2.46359486e+003 1.90444325e+003 2.46235012e+003 2.10724353e+003 2.38369123e+003 2.42357169e+003 2.09198112e+003 
2.06112295e+003 1.98774776e+003 2.28858533e+003 1.84851133e+003 2.04500536e+003 1.68850366e+003 2.08623137e+003 2.06471300e+003 1.80216499e+003 1.72367968e+003 1.38102023e+003 2.22914918e+003 2.21745915e+003 2.16422038e+003 2.13095319e+003 2.02590277e+003 1.46589204e+003 1.87410047e+003 2.06270428e+003 2.25384674e+003 1.65966738e+003 1.68292331e+003 1.97249517e+003 2.29834650e+003 1.90444325e+003 2.32055353e+003 2.00665363e+003 2.05520816e+003 2.17230321e+003 2.09198112e+003 
1.03403431e+003 1.98774776e+003 2.18425751e+003 1.84668227e+003 2.04500536e+003 1.68850366e+003 1.75071014e+003 2.06471300e+003 1.80216499e+003 1.72367968e+003 1.38102023e+003 1.88500021e+003 1.92843657e+003 2.14029980e+003 2.13095319e+003 1.47622125e+003 1.46589204e+003 1.27585757e+003 1.94535526e+003 2.25384674e+003 1.65966738e+003 1.34315279e+003 1.82747538e+003 1.92597812e+003 1.90444325e+003 2.00032516e+003 1.91102040e+003 2.04532589e+003 2.17230321e+003 2.09198112e+003 
1.03403431e+003 1.97837261e+003 2.08610216e+003 1.29581426e+003 2.01904294e+003 1.68850366e+003 1.60756814e+003 1.97247032e+003 1.80216499e+003 1.72367968e+003 1.38102023e+003 1.66769709e+003 1.79932670e+003 1.64795836e+003 1.88513343e+003 1.47622125e+003 1.12486526e+003 1.15303526e+003 1.26280521e+003 1.97613343e+003 1.65966738e+003 1.34315279e+003 1.50406512e+003 1.79462673e+003 1.89718409e+003 1.88994593e+003 1.91102040e+003 1.84002589e+003 2.07954697e+003 1.61389874e+003 
1.03403431e+003 1.40606119e+003 1.84466165e+003 1.29581426e+003 1.62515007e+003 1.68850366e+003 1.60756814e+003 1.58057948e+003 1.60919335e+003 1.72367968e+003 1.38102023e+003 1.64896081e+003 1.68353258e+003 1.64795836e+003 1.56057235e+003 1.47622125e+003 1.12486526e+003 1.15303526e+003 1.26280521e+003 1.37866120e+003 1.65966738e+003 1.34315279e+003 1.50406512e+003 1.71748978e+003 1.38292582e+003 1.81372737e+003 1.49436883e+003 1.84002589e+003 1.43245013e+003 1.61389874e+003 
1.03403431e+003 1.40606119e+003 1.38530208e+003 1.19543020e+003 1.24433395e+003 1.50082171e+003 1.21328724e+003 1.14164913e+003 1.47713099e+003 1.29195588e+003 1.38102023e+003 1.64896081e+003 1.46154376e+003 1.31071001e+003 1.05668379e+003 1.26438020e+003 8.83773198e+002 1.15303526e+003 1.26280521e+003 1.37866120e+003 1.47188017e+003 1.34315279e+003 1.11066513e+003 1.57403373e+003 1.38292582e+003 1.44869029e+003 1.39722021e+003 1.35171039e+003 1.43245013e+003 1.51014338e+003 
1.03403431e+003 1.26401362e+003 1.38530208e+003 1.19543020e+003 1.15558592e+003 1.36239357e+003 1.21328724e+003 1.14164913e+003 1.34972257e+003 1.25069448e+003 1.31697953e+003 1.10750751e+003 1.03103153e+003 9.03358628e+002 1.05668379e+003 1.22711216e+003 8.83773198e+002 1.15303526e+003 1.13749197e+003 1.37866120e+003 1.38146978e+003 1.34315279e+003 1.11066513e+003 1.50894295e+003 9.60090504e+002 1.30273989e+003 8.25230968e+002 1.30960398e+003 1.37630745e+003 1.29402858e+003 
1.03403431e+003 1.22345979e+003 9.93846355e+002 8.20275102e+002 1.15558592e+003 1.15563543e+003 7.86588345e+002 1.08258754e+003 7.82484127e+002 7.31301154e+002 9.83662589e+002 7.64457934e+002 1.00465070e+003 9.03358628e+002 9.73474299e+002 1.21596107e+003 8.83773198e+002 6.57009396e+002 9.21023879e+002 8.90819557e+002 1.13096289e+003 1.18973915e+003 1.10168405e+003 1.00056143e+003 8.94475033e+002 1.02787267e+003 8.25230968e+002 1.16419387e+003 1.21123736e+003 1.04159605e+003 
3.64009459e+002 8.10554437e+002 6.97061362e+002 7.00141272e+002 7.11003127e+002 6.45106209e+002 7.86588345e+002 9.78595462e+002 7.58829563e+002 6.41740066e+002 6.33422322e+002 7.15559483e+002 6.83830662e+002 8.67957365e+002 9.20376456e+002 6.72958324e+002 6.75335912e+002 6.28066788e+002 5.43981178e+002 8.80458337e+002 6.82223385e+002 8.24893405e+002 6.82054848e+002 6.03341848e+002 6.27281873e+002 1.02787267e+003 2.68690105e+002 7.99772571e+002 8.05975420e+002 9.24552859e+002 
3.64009459e+002 3.16472372e+002 6.92820574e+002 5.05912469e+002 5.07936993e+002 3.34106189e+002 3.25780637e+002 5.52499342e+002 5.89287399e+002 3.54005502e+002 2.00702342e+002 4.71727399e+002 3.39097286e+002 5.37730375e+002 3.19434189e+002 4.52214989e+002 4.26160497e+002 4.57088988e+002 3.55379667e+002 4.86111473e+002 4.14989032e+002 5.15884503e+002 3.44833009e+002 3.35832813e+002 4.24805940e+002 5.11986753e+002 2.68690105e+002 2.35176446e+002 4.97463381e+002 4.77959217e+002 
2.96334374e+002 1.48697237e+002 1.07846210e+002 1.40660639e+002 2.18543469e+002 1.74255497e+002 1.76483561e+002 1.53524483e+002 1.60175503e+002 1.42415535e+002 1.37116762e+002 1.91147637e+002 1.41638364e+002 1.61651449e+002 1.10220508e+002 8.15923861e+001 1.43860685e+002 1.39924270e+002 3.55379667e+002 2.38232611e+002 1.73963803e+002 1.89867787e+002 2.03060193e+002 1.71284004e+002 1.48856033e+002 1.78234269e+002 2.68690105e+002 1.03675809e+002 1.59859725e+002 1.53518921e+002 
6.50878345e+001 6.16253398e+001 4.59063240e+001 3.72723353e+000 3.65403249e+001 5.56607471e+001 2.68244790e+001 3.87776158e+001 3.49286372e+001 3.01814953e+001 5.44923763e+001 5.33577102e+001 4.73140596e+001 3.91016530e+001 1.03697933e+001 3.66478127e+000 4.38847633e+001 1.03073381e+001 6.89237911e+000 2.56767213e+001 1.35973887e+001 4.29149992e+001 6.95483141e+000 4.99309052e+001 2.79950069e+001 4.29141113e+001 6.95483453e+000 2.66992850e+001 3.21597832e+001 3.72724201e+000 
1.69498953e+001 3.85424363e+000 2.77882811e+000 3.72723353e+000 3.80319229e+000 2.82129671e+000 3.74727986e-001 1.40391240e+000 2.42605130e+000 1.01824294e+001 3.78968880e+000 1.55132564e+000 1.61615837e+000 1.02448831e+001 1.03697933e+001 3.66478127e+000 1.73559997e+000 1.03073381e+001 6.89237911e+000 3.63555546e+000 1.35973887e+001 2.25559478e+000 6.95483141e+000 3.27125455e+000 1.03073413e+001 1.49094314e+000 6.95483453e+000 1.02448835e+001 3.53987206e+000 3.72724201e+000 
5.12730282e-001 2.49818169e-001 3.12273267e-001 5.83198102e-001 1.87363569e-001 1.87368165e-001 3.74727986e-001 0.00000000e+000 0.00000000e+000 1.01824294e+001 1.49512980e+000 0.00000000e+000 2.49818078e-001 3.40174859e-001 3.53986981e+000 1.17311614e+000 0.00000000e+000 3.74727802e-001 6.89237911e+000 1.24909504e-001 3.60232572e+000 1.24909837e-001 4.51342579e-002 2.49819400e-001 6.24561072e-002 0.00000000e+000 9.66431378e-002 1.01824288e+001 2.49818212e-001 4.05189241e-002 
0.00000000e+000 0.00000000e+000 0.00000000e+000 6.24544412e-002 6.24544410e-002 0.00000000e+000 0.00000000e+000 0.00000000e+000 0.00000000e+000 6.24544410e-002 1.87363323e-001 0.00000000e+000 0.00000000e+000 0.00000000e+000 6.24544411e-002 0.00000000e+000 0.00000000e+000 6.24544411e-002 6.24544411e-002 6.24544410e-002 1.24908882e-001 6.24544411e-002 0.00000000e+000 0.00000000e+000 6.24544411e-002 0.00000000e+000 0.00000000e+000 6.24544411e-002 0.00000000e+000 0.00000000e+000 
