1.03971794e+003 7.17791002e+002 1.17424822e+003 6.60463477e+002 1.10563495e+003 9.08335822e+002 7.83598092e+002 6.76924529e+002 8.38005526e+002 9.52197137e+002 1.07483554e+003 1.14873827e+003 1.03371811e+003 7.02866316e+002 1.24588235e+003 1.01621299e+003 6.46752030e+002 9.27197928e+002 7.67087633e+002 1.17302323e+003 6.43226488e+002 1.02940708e+003 8.10989264e+002 1.01681834e+003 9.69661286e+002 1.04093605e+003 8.31667785e+002 1.00501087e+003 9.74100720e+002 1.28180749e+003 
8.70412340e+002 7.17791002e+002 7.68066580e+002 6.58768236e+002 9.92113403e+002 9.08335822e+002 7.83598092e+002 6.76924529e+002 7.28692377e+002 9.52197137e+002 6.55045493e+002 8.49119178e+002 7.29043024e+002 7.02866316e+002 1.24588235e+003 8.83741610e+002 6.46752030e+002 9.27197928e+002 7.67087633e+002 6.14829627e+002 6.43226488e+002 1.02940708e+003 8.10989264e+002 1.01681834e+003 8.69637111e+002 6.22592100e+002 8.31667785e+002 1.00501087e+003 9.74100720e+002 7.91511723e+002 
8.70412340e+002 7.05869071e+002 7.68066580e+002 6.58768236e+002 9.18134980e+002 9.08335822e+002 5.06034201e+002 6.76924529e+002 6.83954440e+002 7.81572572e+002 5.09982681e+002 8.08089810e+002 7.29043024e+002 7.02866316e+002 9.21612007e+002 8.49770911e+002 6.46752030e+002 3.28432525e+002 6.95607410e+002 6.14829627e+002 6.43226488e+002 8.50010808e+002 6.29318926e+002 6.26230423e+002 6.52718750e+002 6.22592100e+002 8.31667785e+002 5.59616514e+002 7.39252198e+002 7.91511723e+002 
4.36470341e+002 6.16186711e+002 4.70080366e+002 6.18849019e+002 2.45763084e+002 6.10514653e+002 5.06034201e+002 6.30080622e+002 6.47125297e+002 6.84375712e+002 5.09982681e+002 7.09314888e+002 4.54298272e+002 7.02866316e+002 8.51480938e+002 6.50460273e+002 5.59720174e+002 3.28432525e+002 6.95607410e+002 3.97212757e+002 4.47100359e+002 8.50010808e+002 6.29318926e+002 4.31351191e+002 5.77427601e+002 5.59555682e+002 8.31667785e+002 5.25065977e+002 6.39949883e+002 6.19129285e+002 
4.20683004e+002 5.96262375e+002 4.70080366e+002 5.33107126e+002 2.45763084e+002 5.55601980e+002 4.15752931e+002 2.62985679e+002 2.54247239e+002 5.01281407e+002 4.26366747e+002 3.91749131e+002 3.82165602e+002 2.84759865e+002 4.30948453e+002 3.66333916e+002 5.59720174e+002 3.04429990e+002 3.81133860e+002 3.97212757e+002 4.43529638e+002 4.28767896e+002 6.07220652e+002 4.31351191e+002 5.77427601e+002 4.64836138e+002 5.64989034e+002 5.18899169e+002 5.96320987e+002 5.46424058e+002 
2.80125088e+002 3.00058053e+002 2.24231785e+002 4.18563707e+002 2.45763084e+002 3.29203218e+002 2.59959808e+002 2.11667063e+002 2.06159699e+002 4.01463653e+002 2.13630468e+002 3.14960024e+002 1.69604767e+002 1.96062101e+002 4.24653612e+002 2.73013584e+002 4.00212029e+002 3.04429990e+002 3.81133860e+002 3.18664802e+002 3.14395845e+002 3.97347612e+002 4.31399515e+002 3.22243394e+002 2.67909251e+002 4.30053248e+002 3.36385830e+002 4.15114629e+002 4.68291414e+002 1.93551721e+002 
2.62437583e+002 2.89849007e+002 2.24231785e+002 2.91105664e+002 8.10308214e+001 6.48705215e+001 7.43066783e+001 1.78889027e+002 2.02509940e+002 3.89497184e+002 1.69676969e+002 2.11678290e+002 1.22023804e+002 1.96062101e+002 1.70821962e+002 2.17184556e+002 3.64649915e+002 1.55660686e+002 2.39168396e+002 3.18296647e+002 1.75430627e+002 2.97397673e+002 3.33201223e+002 1.06945782e+002 1.58488433e+002 2.45132895e+002 2.73863090e+002 2.37015823e+002 3.13906558e+002 1.88724488e+002 
1.85683014e+002 1.92291235e+002 9.86649595e+001 2.88823450e+002 8.10308214e+001 6.48705215e+001 7.43066783e+001 6.37094340e+001 2.00271074e+002 1.03195459e+002 1.41317110e+002 1.10946431e+002 8.40562121e+001 1.16204987e+002 1.70821962e+002 8.36306244e+001 1.10668177e+002 1.12774676e+002 1.34975759e+002 1.36098929e+002 1.72861933e+002 2.44816086e+002 1.76414250e+002 1.06945782e+002 1.06234648e+002 2.45132895e+002 1.45435930e+002 1.20631388e+002 1.91105807e+002 1.11797254e+002 
1.75337965e+002 9.59959686e+001 7.19900589e+001 9.82964609e+001 7.98741941e+001 6.48705215e+001 7.43066783e+001 6.37094340e+001 1.20659564e+002 6.35597048e+001 5.74532828e+001 9.02825387e+001 5.94826401e+001 1.03598201e+002 1.15760859e+002 7.97028208e+001 5.03928723e+001 7.50231934e+001 1.20653960e+002 1.14204730e+002 1.62573573e+002 1.60812113e+002 1.37117073e+002 6.79935878e+001 1.05051986e+002 9.86091339e+001 6.22723233e+001 3.38316979e+001 7.40387622e+001 9.68227398e+001 
7.93096176e+001 6.20298511e+001 5.70839964e+001 6.39283401e+001 6.54713076e+001 1.81498744e+000 7.22191512e+001 3.68763857e+001 6.58121180e+001 6.07278213e+001 5.74532828e+001 9.02825387e+001 2.92538445e+001 6.89524323e+001 7.76911479e+001 8.37667658e+000 4.11915652e+001 6.41867381e+001 2.43041863e+001 6.45383736e+001 3.77840925e+001 5.98806004e+001 1.12818157e+002 4.27869979e+001 7.92464943e+001 7.15605727e+001 5.37167961e+001 3.38316979e+001 4.41522401e+001 4.07425646e+001 
2.16579382e+001 1.28520879e+001 2.34762256e+001 2.69791881e+001 2.60514178e+001 1.81498744e+000 4.36384009e+001 2.41064802e+001 4.69219088e+001 2.22375795e+001 2.77758631e+001 3.68613328e+001 1.96379284e+001 2.65709006e+001 2.58270326e+001 1.92649124e+000 3.00062204e+001 2.95149608e+001 1.43754067e+001 2.95700446e+001 1.88132862e+000 1.65406877e+001 6.08400568e+001 2.89711845e+001 2.76896007e+001 4.10228500e+001 1.82388367e+001 2.12109334e+000 3.69016922e+001 2.14095687e+001 
3.83060419e+000 1.98137743e+000 1.25273194e+000 1.36079912e+000 2.22295246e+000 1.81498744e+000 1.50944746e+001 8.64293519e+000 1.05911814e+001 9.27925895e+000 1.84441776e+000 1.86136427e+001 5.19561002e+000 1.76183640e+000 1.50152012e+001 1.92649124e+000 1.12287485e+001 1.88336943e+001 9.07809223e+000 1.30193440e+000 1.88132862e+000 1.93804738e+000 1.03678570e+001 1.39008871e+001 1.17394705e+001 2.26188487e+000 1.87330898e+000 2.12109334e+000 1.61644628e+000 1.64863598e+000 
1.40636618e+000 1.98137743e+000 1.25273194e+000 1.36079912e+000 2.22295246e+000 1.81498744e+000 2.12587781e+000 1.91228574e+000 1.64342737e+000 8.01746820e-001 1.84441776e+000 2.99681035e+000 1.62084281e+000 1.36406167e+000 1.00892791e+000 9.83824278e-001 5.24825142e+000 5.26239535e+000 1.84401613e+000 1.30193440e+000 1.88132862e+000 1.93804738e+000 1.76797789e+000 1.47125035e+000 2.73429369e+000 2.26188487e+000 1.40533072e+000 2.12109334e+000 1.61644628e+000 1.64863598e+000 
1.28245249e+000 1.98137743e+000 1.25273194e+000 1.36079912e+000 1.76303745e+000 1.81498744e+000 2.12587781e+000 1.91228574e+000 1.64342737e+000 8.01746820e-001 1.42639921e+000 1.27017656e+000 1.62084281e+000 1.36339260e+000 1.00892791e+000 9.83824278e-001 7.82130967e-001 1.71320551e+000 1.84401613e+000 1.30193440e+000 1.88132862e+000 1.51449135e+000 1.76797789e+000 1.47125035e+000 1.04657094e+000 1.97756599e+000 1.40533072e+000 1.93368880e+000 1.61644628e+000 1.56496419e+000 
1.28245249e+000 1.32677336e+000 1.25273194e+000 9.67580970e-001 1.62366377e+000 1.49205754e+000 1.43319471e+000 1.57344826e+000 4.66727307e-001 6.63607070e-001 1.03129693e+000 5.69375522e-001 1.08818713e+000 1.36339260e+000 1.00892791e+000 9.83824278e-001 7.82130967e-001 5.33789743e-001 7.04328351e-001 9.99270279e-001 8.49393512e-001 1.36213638e+000 1.22856572e+000 1.33067221e+000 5.92170184e-001 1.23701178e+000 9.02781958e-001 1.73644241e+000 3.75496127e-001 6.61183229e-001 
7.78821177e-001 8.63486605e-001 5.15424728e-001 7.80387098e-001 1.38079794e+000 1.25214622e+000 4.13419212e-001 1.28356635e+000 4.66727307e-001 6.63607070e-001 1.03129693e+000 5.69375522e-001 6.39486697e-001 1.12075774e+000 4.72490255e-001 7.51497367e-001 3.92600084e-001 5.33789743e-001 7.04328351e-001 2.61917219e-002 5.14729043e-001 8.65087335e-001 1.00999942e+000 1.09980721e+000 5.92170184e-001 3.17627541e-001 9.02781958e-001 9.26277316e-001 3.75496127e-001 6.61183229e-001 
