2.08560972e+003 2.29169349e+003 1.74237763e+003 2.86541455e+003 2.62195104e+003 1.90160989e+003 2.30714902e+003 1.97921377e+003 2.72456226e+003 2.47986814e+003 2.14156820e+003 2.36274164e+003 2.38953645e+003 1.96432054e+003 2.22589985e+003 2.50064229e+003 2.01586774e+003 2.81760807e+003 2.55420526e+003 2.32750660e+003 2.20506275e+003 2.54941809e+003 2.51847882e+003 2.96387937e+003 2.45380521e+003 2.52162277e+003 2.33548140e+003 2.87787351e+003 2.15160287e+003 2.62541137e+003 
2.08560972e+003 2.29169349e+003 1.74237763e+003 2.86541455e+003 2.62195104e+003 1.90160989e+003 2.30714902e+003 1.97921377e+003 2.72456226e+003 2.47986814e+003 2.14156820e+003 2.36274164e+003 2.38953645e+003 1.96432054e+003 2.22589985e+003 2.50064229e+003 2.01586774e+003 2.81760807e+003 2.55420526e+003 2.32750660e+003 2.20506275e+003 2.54941809e+003 2.51847882e+003 2.96387937e+003 2.45380521e+003 2.52162277e+003 2.33548140e+003 2.87787351e+003 2.15160287e+003 2.62541137e+003 
2.08560972e+003 2.29169349e+003 1.74237763e+003 1.84358110e+003 2.62195104e+003 1.90160989e+003 1.98878463e+003 1.97921377e+003 2.72456226e+003 2.47986814e+003 2.14156820e+003 2.36274164e+003 2.38953645e+003 1.96432054e+003 2.22589985e+003 2.39069426e+003 2.01586774e+003 2.81760807e+003 2.51039644e+003 2.32750660e+003 2.20506275e+003 2.52103801e+003 2.51847882e+003 2.87405643e+003 2.44164722e+003 2.52162277e+003 2.33548140e+003 2.87787351e+003 2.15160287e+003 2.62541137e+003 
2.08560972e+003 2.03940830e+003 1.74237763e+003 1.84358110e+003 1.74220833e+003 1.90160989e+003 1.98878463e+003 1.97921377e+003 2.26676406e+003 2.07543322e+003 2.11805122e+003 2.24484269e+003 2.04740912e+003 1.96432054e+003 1.81837331e+003 2.25612661e+003 1.88639076e+003 1.93449679e+003 1.87810172e+003 1.93334797e+003 2.20506275e+003 1.93147478e+003 2.18597460e+003 1.75180389e+003 2.26555963e+003 2.22348999e+003 2.33548140e+003 2.64235556e+003 2.15160287e+003 2.52344766e+003 
2.08560972e+003 1.76417104e+003 1.74237763e+003 1.07857055e+003 1.74220833e+003 1.67903613e+003 1.65309180e+003 1.97921377e+003 1.83174574e+003 1.93553321e+003 1.68038505e+003 1.92257226e+003 1.53441999e+003 1.46748832e+003 1.70191166e+003 1.31739215e+003 1.88639076e+003 1.93449679e+003 1.78198895e+003 1.46465929e+003 1.87332731e+003 1.93147478e+003 1.84288890e+003 1.72524880e+003 2.04994170e+003 1.91910982e+003 1.91559103e+003 1.88869171e+003 2.15160287e+003 2.05970606e+003 
1.74921052e+003 1.44618325e+003 1.14306092e+003 1.07857055e+003 1.44470658e+003 1.56300943e+003 1.37524344e+003 1.70821862e+003 1.62146646e+003 1.47433451e+003 1.61224199e+003 1.43254045e+003 1.47923152e+003 1.46748832e+003 1.26254586e+003 1.31739215e+003 1.40850433e+003 1.41087568e+003 1.54973642e+003 1.28599779e+003 1.60292545e+003 1.60217380e+003 1.27174856e+003 1.39762355e+003 1.56961856e+003 1.73200442e+003 1.46435541e+003 1.23814392e+003 1.47446703e+003 1.39507638e+003 
1.25989472e+003 1.08749217e+003 1.14306092e+003 6.78477116e+002 1.26514822e+003 7.29384697e+002 1.07411774e+003 1.08412988e+003 1.12656459e+003 1.09766354e+003 1.10189807e+003 1.22296655e+003 1.06591193e+003 9.73623875e+002 1.15063361e+003 1.08063787e+003 1.08372629e+003 9.78687625e+002 1.18517010e+003 1.15747067e+003 1.21369662e+003 1.13712100e+003 1.22498821e+003 8.51062685e+002 9.92655349e+002 1.59707475e+003 1.08193306e+003 1.23814392e+003 9.70857776e+002 1.25798952e+003 
8.49123315e+002 6.98644331e+002 7.94773211e+002 6.72200277e+002 7.75177896e+002 7.29384697e+002 6.25256391e+002 7.87153529e+002 8.11179667e+002 8.03525217e+002 8.16575157e+002 7.87037801e+002 8.89690111e+002 8.53166275e+002 7.21763215e+002 1.02262155e+003 9.37468843e+002 7.27662989e+002 5.35270185e+002 8.04566706e+002 8.69240559e+002 8.76216918e+002 7.44619301e+002 7.97521262e+002 8.53708587e+002 7.86867648e+002 8.63637048e+002 7.61799524e+002 9.70857776e+002 7.89697302e+002 
5.72787971e+002 4.11387231e+002 4.62815080e+002 6.72200277e+002 4.17649369e+002 4.78197241e+002 5.05602380e+002 3.47328547e+002 6.01002551e+002 5.62551322e+002 5.30742478e+002 7.19113563e+002 5.38326347e+002 4.88998270e+002 5.82382473e+002 5.64769287e+002 5.58190772e+002 7.11419040e+002 5.35270185e+002 6.56758424e+002 6.10533683e+002 5.92619016e+002 4.77391333e+002 4.48645863e+002 5.19837973e+002 6.40411297e+002 5.32748555e+002 6.96568743e+002 6.22359530e+002 7.06521046e+002 
3.83436836e+002 3.32230430e+002 3.57633865e+002 4.23648425e+002 3.42251503e+002 3.90813147e+002 2.54210853e+002 3.47328547e+002 2.43459822e+002 4.64025343e+002 3.70899197e+002 4.13084616e+002 3.29203095e+002 4.15741680e+002 2.01939231e+002 2.59362829e+002 3.05096793e+002 4.83090302e+002 4.46647639e+002 3.23334786e+002 4.20555196e+002 2.05558363e+002 3.99680715e+002 4.07434331e+002 2.66752731e+002 3.85600341e+002 4.52995060e+002 1.63098722e+002 3.93058246e+002 3.29173078e+002 
2.04523455e+002 1.68530745e+002 2.44550121e+002 2.54285578e+002 1.62796378e+002 2.21986464e+002 1.71953590e+002 2.17828550e+002 1.41980307e+002 1.46519806e+002 1.17973215e+002 2.01912571e+002 2.30727629e+002 2.24987725e+002 1.68067824e+002 1.56143453e+002 2.07686289e+002 2.62352166e+002 1.99735883e+002 2.23921095e+002 1.93990084e+002 1.37729692e+002 1.82383244e+002 2.41319742e+002 1.92044363e+002 2.44254427e+002 2.45857632e+002 1.63098722e+002 1.40948064e+002 2.49851543e+002 
9.05902974e+001 8.60315158e+001 8.41952368e+001 7.23100382e+001 6.56522465e+001 7.59528538e+001 6.35308907e+001 9.08135443e+001 5.40170188e+001 9.60733824e+001 7.65352859e+001 9.26598950e+001 7.22526172e+001 7.23834967e+001 6.19779220e+001 9.47480426e+001 6.11189022e+001 9.92298443e+001 8.74851345e+001 5.39148854e+001 9.21883601e+001 5.84623424e+001 7.85483954e+001 9.67913727e+001 6.69255862e+001 1.02707947e+002 8.56039092e+001 5.76900892e+001 6.99327160e+001 5.68394481e+001 
1.29059800e+001 1.18439432e+001 1.23209328e+001 1.21116515e+001 8.90714081e+000 1.98568379e+001 1.38012962e+001 1.72720601e+001 8.72704945e+000 1.44968834e+001 1.47569870e+001 1.63508937e+001 1.80946539e+001 1.64051405e+001 1.03514439e+001 1.67466070e+001 1.88127779e+001 1.35591110e+001 9.67766917e+000 1.53114521e+001 1.19932596e+001 1.62006747e+001 1.63707553e+001 1.50215361e+001 1.65729332e+001 1.78049468e+001 1.33332441e+001 1.47624236e+001 9.80391106e+000 1.71749371e+001 
3.43618439e+000 3.42552232e+000 3.28272013e+000 3.65425944e+000 3.32092925e+000 3.07499073e+000 3.16187638e+000 3.52746749e+000 2.99325578e+000 3.34474314e+000 3.15573485e+000 3.44745653e+000 3.46538218e+000 3.16011555e+000 3.14380662e+000 3.50986064e+000 3.44126830e+000 2.99944425e+000 3.19854167e+000 3.29824001e+000 3.05857666e+000 2.49981953e+000 3.00408595e+000 2.65802565e+000 3.20662107e+000 3.65389445e+000 3.21605767e+000 2.88880890e+000 3.25568126e+000 2.88546980e+000 
9.39068066e-001 7.13385970e-001 1.29730826e+000 1.13679879e+000 9.21013545e-001 1.04246898e+000 9.11948036e-001 1.03279093e+000 9.24759612e-001 8.28309469e-001 8.94505880e-001 5.82976803e-001 8.23505234e-001 1.15794384e+000 9.77178131e-001 9.41534053e-001 8.36560624e-001 7.88033702e-001 1.06645054e+000 1.09461693e+000 9.99835073e-001 1.12994805e+000 7.12125023e-001 8.28033482e-001 6.80312343e-001 1.11072721e+000 7.11291701e-001 1.11919328e+000 7.85412475e-001 8.14087372e-001 
5.49028839e-001 4.78101934e-001 6.18690261e-001 5.39665121e-001 5.09198070e-001 6.03868111e-001 5.05434402e-001 4.12127936e-001 5.81432921e-001 5.09814824e-001 4.84269852e-001 4.32407338e-001 1.84034891e-001 5.07916801e-001 6.05691531e-001 4.06600539e-001 3.44222281e-001 4.98171600e-001 3.22499948e-001 3.18982629e-001 4.11255592e-001 4.61232667e-001 5.19683756e-001 6.44828560e-001 6.04073360e-001 4.41375220e-001 3.82257277e-001 5.51883547e-001 6.31351868e-001 2.79208457e-001 
