3.34184267e+002 4.34816686e+002 5.11778205e+002 3.62646742e+002 4.16190691e+002 3.18452440e+002 3.87543793e+002 3.94390660e+002 3.46559711e+002 2.10547698e+002 3.01910342e+002 4.00623819e+002 4.51222917e+002 3.47190238e+002 3.51619262e+002 3.81248674e+002 4.54978015e+002 3.52210563e+002 3.55840138e+002 4.30948354e+002 4.69964930e+002 4.24417958e+002 3.35741004e+002 3.32486633e+002 4.46745709e+002 3.85173076e+002 2.24281039e+002 3.57001201e+002 3.60025757e+002 4.42222954e+002 
3.34184267e+002 2.51392600e+002 3.54527837e+002 3.09744861e+002 3.01571360e+002 3.18452440e+002 3.87543793e+002 3.59094460e+002 3.46559711e+002 2.10547698e+002 3.01910342e+002 3.23019655e+002 3.89879472e+002 2.54218387e+002 3.32502817e+002 3.81248674e+002 3.24104671e+002 3.07787090e+002 3.32793415e+002 3.29473751e+002 3.74571077e+002 2.85073844e+002 3.35741004e+002 3.32486633e+002 3.05925398e+002 2.64859490e+002 2.24281039e+002 3.57001201e+002 2.52850380e+002 3.31315095e+002 
2.41115951e+002 1.81519295e+002 3.54527837e+002 3.09744861e+002 2.22422192e+002 2.82841383e+002 3.15035481e+002 2.57769540e+002 3.32519471e+002 2.10547698e+002 2.35755247e+002 3.22461683e+002 2.36074957e+002 2.54218387e+002 3.16344984e+002 2.44925591e+002 2.26663902e+002 2.49635419e+002 3.28112546e+002 2.63788267e+002 2.67972375e+002 2.55657693e+002 2.57671400e+002 2.77403660e+002 2.49198401e+002 2.64859490e+002 2.24281039e+002 2.36049401e+002 2.52850380e+002 3.20099031e+002 
2.06657305e+002 1.81519295e+002 2.89598454e+002 2.18381145e+002 2.22422192e+002 2.48717251e+002 2.35002228e+002 2.32849721e+002 2.27556738e+002 1.77143851e+002 1.99780056e+002 2.62890291e+002 1.66073454e+002 1.95121502e+002 2.04052230e+002 1.98082969e+002 1.95830508e+002 2.28183527e+002 2.44563745e+002 2.10294188e+002 1.65698642e+002 2.23691350e+002 2.27551914e+002 2.51521667e+002 2.17779566e+002 2.60719193e+002 2.04080079e+002 2.18640499e+002 1.68878577e+002 2.52199691e+002 
1.66415011e+002 1.75046176e+002 1.96615385e+002 1.67965425e+002 1.68045862e+002 1.42052458e+002 2.32706939e+002 1.52886148e+002 1.73584940e+002 1.53494469e+002 1.80378216e+002 1.86700915e+002 1.66073454e+002 1.95121502e+002 2.04052230e+002 1.78503408e+002 1.91776612e+002 1.61078139e+002 2.05986483e+002 1.99209988e+002 1.65698642e+002 1.65283584e+002 1.81362673e+002 1.70569704e+002 1.87647426e+002 2.01801359e+002 1.81867507e+002 1.15089759e+002 1.67193331e+002 1.76501093e+002 
1.39029178e+002 1.35048481e+002 1.71090871e+002 1.28297667e+002 1.43798729e+002 1.42052458e+002 1.51351394e+002 1.52886148e+002 1.65397008e+002 1.42931652e+002 1.57261093e+002 1.24372621e+002 1.51411383e+002 1.44132420e+002 1.49828091e+002 9.05403922e+001 1.19309293e+002 1.48361889e+002 1.48878348e+002 1.50991772e+002 1.32787112e+002 1.35759527e+002 1.30529354e+002 1.10290511e+002 1.80086063e+002 1.65464863e+002 1.54538859e+002 1.15089759e+002 1.26015364e+002 1.52999704e+002 
1.19117236e+002 1.09457719e+002 1.31457406e+002 1.19192286e+002 1.00933322e+002 1.08794874e+002 1.19355943e+002 1.08843478e+002 1.15175557e+002 1.13918513e+002 1.15046270e+002 1.11794838e+002 8.58573410e+001 9.35656262e+001 1.07459002e+002 8.02271167e+001 1.00715779e+002 7.62299778e+001 1.17707047e+002 1.07419055e+002 9.94445153e+001 8.69483235e+001 9.24424170e+001 1.02165573e+002 1.15896973e+002 1.08801300e+002 8.86272268e+001 1.15089759e+002 1.17448960e+002 1.18604438e+002 
7.04954704e+001 8.48276780e+001 7.68199661e+001 7.41510894e+001 7.38257193e+001 7.29064871e+001 8.23854036e+001 8.20239935e+001 8.79868974e+001 7.78201272e+001 8.26380482e+001 6.61065817e+001 6.40430989e+001 6.76292079e+001 8.83022655e+001 6.21910087e+001 8.55556516e+001 7.62299778e+001 8.46745840e+001 7.47828368e+001 9.26310429e+001 8.04188755e+001 8.44678468e+001 6.79879966e+001 8.05533029e+001 8.12446064e+001 8.27758604e+001 7.58687977e+001 8.33424948e+001 8.45789258e+001 
6.49174012e+001 5.18644020e+001 5.65584214e+001 5.41739422e+001 3.54784432e+001 5.05764541e+001 6.21976181e+001 5.88931287e+001 6.35635080e+001 6.14275016e+001 6.69999968e+001 5.45288877e+001 6.19434052e+001 6.01814514e+001 5.30799998e+001 4.72076644e+001 5.50092387e+001 5.35644627e+001 6.09321453e+001 6.95846008e+001 5.06091286e+001 5.73866295e+001 6.59400660e+001 6.40277350e+001 5.69392602e+001 4.80818743e+001 6.23521967e+001 5.82388885e+001 5.44116394e+001 6.45272125e+001 
4.31672697e+001 3.82076853e+001 4.67686789e+001 4.58075889e+001 3.54784432e+001 4.67178770e+001 4.99425765e+001 4.34783455e+001 4.81497144e+001 3.76765640e+001 4.40628123e+001 4.48999082e+001 3.19191603e+001 3.98818385e+001 4.81065369e+001 3.22641078e+001 4.53008406e+001 5.30446229e+001 3.76564063e+001 4.39353430e+001 4.25522918e+001 4.94251584e+001 4.30646115e+001 4.66223991e+001 4.07497637e+001 4.37067746e+001 4.51750013e+001 4.07068885e+001 4.59971956e+001 4.96391963e+001 
3.18109359e+001 3.01857663e+001 3.73629781e+001 3.17652136e+001 0.00000000e+000 3.11351996e+001 3.58016138e+001 3.19809922e+001 3.66630839e+001 3.36707092e+001 3.71619615e+001 3.24671321e+001 3.19191603e+001 3.02106971e+001 3.26776369e+001 2.92990070e+001 3.84019223e+001 2.91972074e+001 3.00959095e+001 3.14697751e+001 3.11841696e+001 3.23658365e+001 2.89168716e+001 2.78661010e+001 3.98672712e+001 3.88396667e+001 2.68234312e+001 3.54639538e+001 3.67094023e+001 3.72986486e+001 
1.86653278e+001 2.08327837e+001 1.98088015e+001 2.28066203e+001 0.00000000e+000 1.71819744e+001 2.14577619e+001 2.20006727e+001 2.32924189e+001 2.07512731e+001 2.16247507e+001 2.11471072e+001 1.08736795e+001 1.85391177e+001 2.09517666e+001 1.59971267e+001 2.01324906e+001 1.95490502e+001 1.74802774e+001 2.13142627e+001 1.82783902e+001 2.16573272e+001 2.15976430e+001 1.82105206e+001 2.18943376e+001 2.13775501e+001 1.72227039e+001 2.10460123e+001 2.08457700e+001 1.25122861e+001 
1.25407410e+001 1.24720201e+001 1.31392349e+001 1.32240161e+001 0.00000000e+000 1.35614434e+001 1.30114441e+001 1.33378275e+001 1.44298205e+001 1.28453703e+001 1.29055185e+001 1.31190642e+001 1.08736795e+001 1.33919619e+001 1.36721231e+001 1.23332319e+001 1.33473662e+001 1.33931167e+001 1.29077202e+001 1.23084665e+001 1.08736794e+001 1.27449638e+001 1.30255879e+001 1.33716940e+001 1.26224775e+001 1.34690433e+001 1.72227039e+001 1.29804721e+001 1.08736808e+001 1.25122861e+001 
1.08958087e+001 1.08839899e+001 1.08845376e+001 1.08898357e+001 0.00000000e+000 1.09051662e+001 1.08861856e+001 1.09460118e+001 1.08736793e+001 1.08881648e+001 1.25122858e+001 1.08844989e+001 1.08736795e+001 1.09992590e+001 1.08833335e+001 1.08744369e+001 1.09074009e+001 1.12014012e+001 1.08736795e+001 1.08780961e+001 1.08736794e+001 1.08840641e+001 1.09104262e+001 1.08863431e+001 1.08736793e+001 1.09182489e+001 1.37410110e+001 1.09119700e+001 1.08736808e+001 1.19065774e+001 
8.20249710e-001 0.00000000e+000 0.00000000e+000 1.08736793e+001 0.00000000e+000 1.08736793e+001 1.08736793e+001 1.08736793e+001 1.08736793e+001 1.08736793e+001 1.08736793e+001 1.08736793e+001 1.08736793e+001 5.11255411e+000 0.00000000e+000 1.08736793e+001 1.08736793e+001 1.08736800e+001 1.08736793e+001 0.00000000e+000 1.08736793e+001 2.01643664e+000 1.08736793e+001 0.00000000e+000 1.08736793e+001 1.08736793e+001 1.08736793e+001 1.08736793e+001 1.08736793e+001 1.08736793e+001 
0.00000000e+000 0.00000000e+000 0.00000000e+000 0.00000000e+000 0.00000000e+000 1.08736793e+001 0.00000000e+000 1.03956398e+000 0.00000000e+000 1.08736793e+001 0.00000000e+000 0.00000000e+000 0.00000000e+000 0.00000000e+000 0.00000000e+000 0.00000000e+000 0.00000000e+000 1.08736793e+001 1.08736793e+001 0.00000000e+000 0.00000000e+000 0.00000000e+000 0.00000000e+000 0.00000000e+000 1.08736793e+001 3.39988999e+000 0.00000000e+000 1.08736793e+001 0.00000000e+000 0.00000000e+000 
