5.76506617e+002 5.98376259e+002 5.16220713e+002 3.32057737e+002 3.10429095e+002 4.56315698e+002 5.32559117e+002 5.71920904e+002 3.98276653e+002 4.74219134e+002 5.16478268e+002 3.70035406e+002 4.41595058e+002 6.36764500e+002 6.24460704e+002 3.60797760e+002 6.61652082e+002 5.11840031e+002 6.38892296e+002 4.62653155e+002 7.05302693e+002 5.49065806e+002 4.82218779e+002 4.22679038e+002 5.17116134e+002 3.54699472e+002 5.61112649e+002 5.10435586e+002 4.15545189e+002 5.73823587e+002 
5.76506617e+002 5.29493318e+002 3.84912501e+002 3.32057737e+002 3.10429095e+002 2.50858285e+002 4.29973542e+002 4.53589824e+002 3.98276653e+002 4.41120766e+002 4.35460597e+002 3.66405520e+002 4.21169563e+002 5.49775114e+002 6.24460704e+002 3.07134071e+002 6.20838686e+002 3.37634717e+002 5.77462943e+002 4.62653155e+002 4.97989365e+002 5.49065806e+002 1.62828777e+002 4.22679038e+002 4.11520360e+002 3.54699472e+002 4.17495788e+002 5.10435586e+002 4.15545189e+002 5.29724128e+002 
3.41053062e+002 4.24801055e+002 3.47181368e+002 2.97897333e+002 3.00534009e+002 2.50858285e+002 3.69979415e+002 3.24717086e+002 3.98276653e+002 4.37196696e+002 4.30836708e+002 3.66405520e+002 4.21070284e+002 3.70467478e+002 3.39348047e+002 3.07134071e+002 4.26000156e+002 2.48872658e+002 4.55350578e+002 3.68340320e+002 2.58738608e+002 3.86114681e+002 1.62828777e+002 3.28754661e+002 4.11520360e+002 3.54699472e+002 3.45746575e+002 3.62209004e+002 3.58544713e+002 3.09560429e+002 
2.09040725e+002 1.97146174e+002 2.20900942e+002 2.97897333e+002 3.00534009e+002 2.50858285e+002 3.09764818e+002 1.93557317e+002 2.81594590e+002 2.14558815e+002 2.89029999e+002 2.98379935e+002 3.37991618e+002 3.13675656e+002 1.73671475e+002 3.07134071e+002 3.03851226e+002 2.48872658e+002 2.52890580e+002 2.70843611e+002 2.58738608e+002 3.32804207e+002 1.62828777e+002 1.64074587e+002 3.13404939e+002 3.07500041e+002 3.00494737e+002 2.86246650e+002 2.54493788e+002 3.02954575e+002 
2.09040725e+002 1.54122611e+002 2.12076974e+002 2.72912488e+002 2.31412126e+002 1.64759546e+002 1.73988264e+002 1.93557317e+002 2.48342269e+002 2.14558815e+002 1.41546917e+002 1.22261470e+002 2.60247551e+002 1.94035133e+002 1.51946915e+002 2.14754732e+002 1.65990303e+002 1.75150420e+002 2.37197675e+002 2.06862488e+002 1.70630679e+002 2.58817006e+002 1.57110650e+002 1.64074587e+002 2.02486735e+002 2.53189687e+002 2.16916004e+002 2.45922230e+002 1.93104025e+002 1.84181364e+002 
1.60224859e+002 1.49138852e+002 1.14354898e+002 1.28075017e+002 1.56659624e+002 1.45568629e+002 1.45400408e+002 9.58315255e+001 1.10734051e+002 1.73029953e+002 1.41546917e+002 1.22261470e+002 1.63911872e+002 1.40808691e+002 1.51946915e+002 1.47156729e+002 1.65990303e+002 1.47436114e+002 1.59702706e+002 1.67270944e+002 1.33270526e+002 1.40559258e+002 1.57110650e+002 1.43026939e+002 1.52707986e+002 1.29079666e+002 1.55710479e+002 1.68375577e+002 1.12024307e+002 1.24013044e+002 
8.81784861e+001 1.09675750e+002 9.87144925e+001 1.03772998e+002 9.31749943e+001 1.13403942e+002 1.21102791e+002 8.75937337e+001 1.07294971e+002 9.26053573e+001 1.02976237e+002 1.16791819e+002 9.98526255e+001 1.11759561e+002 9.11127730e+001 1.06846173e+002 9.26617289e+001 1.00981849e+002 9.90035347e+001 1.17187867e+002 1.05703015e+002 9.88507187e+001 1.16999563e+002 1.16853653e+002 1.13250057e+002 1.07280184e+002 1.17789828e+002 1.01747263e+002 1.08920304e+002 1.10291896e+002 
6.23931909e+001 5.35230322e+001 7.32901105e+001 7.81336341e+001 6.09302625e+001 7.70892897e+001 6.63904099e+001 7.70336548e+001 6.46177790e+001 7.45154762e+001 7.81899942e+001 7.43081751e+001 7.63394206e+001 7.27821368e+001 7.04167621e+001 7.05238905e+001 7.49484512e+001 6.53340725e+001 8.07201594e+001 7.44961949e+001 6.63337664e+001 5.88019686e+001 8.02558567e+001 7.96240556e+001 6.77021767e+001 8.00474303e+001 6.99390789e+001 6.93038535e+001 7.47908873e+001 7.86629887e+001 
2.85444759e+001 3.24889296e+001 3.66082750e+001 4.33268824e+001 3.31350048e+001 2.92734738e+001 4.06046918e+001 2.87498289e+001 3.99236192e+001 3.60290932e+001 4.02999484e+001 4.06229892e+001 3.41877545e+001 3.40388889e+001 3.15874423e+001 3.49800330e+001 2.60208396e+001 3.92730819e+001 2.64712421e+001 3.52167935e+001 3.72040858e+001 3.43032661e+001 3.35631231e+001 2.78269600e+001 4.01413513e+001 4.07407732e+001 5.07444551e+001 3.35788831e+001 3.37222404e+001 3.98656842e+001 
1.09058853e+001 9.97194084e+000 9.75184566e+000 1.17899416e+001 1.04451081e+001 9.00366354e+000 9.57165146e+000 1.18693349e+001 1.24134147e+001 9.76937938e+000 1.10478748e+001 1.01465840e+001 1.09345098e+001 1.13207436e+001 9.41437158e+000 1.11557131e+001 1.10564755e+001 1.02704295e+001 1.18439143e+001 9.63122735e+000 1.18299170e+001 9.86582893e+000 9.55083575e+000 1.14850925e+001 1.10138752e+001 1.02938226e+001 1.23495114e+001 1.07060425e+001 9.85838096e+000 1.11745207e+001 
1.98319417e-001 2.34377178e-001 1.96442293e-001 2.22676780e-001 1.84027247e-001 2.10885981e-001 1.55359689e-001 4.02882045e-001 3.86524669e-001 3.32677706e-001 2.81919194e-001 2.44973098e-001 4.03867943e-001 2.20001531e-001 2.81836981e-001 3.40058458e-001 2.00384822e-001 2.13844927e-001 3.14853253e-001 2.10944270e-001 2.83985883e-001 2.13020561e-001 3.31782293e-001 3.07059147e-001 2.72342711e-001 1.76592149e-001 4.47336678e-001 2.48916742e-001 3.74998111e-001 3.29914420e-001 
6.03062590e-004 5.54396819e-004 6.22740360e-004 7.18114059e-004 6.65596637e-004 5.66692008e-004 7.13390749e-004 1.12111877e-003 1.29575743e-003 1.12108832e-003 6.26681780e-004 7.06899042e-004 1.14661634e-003 7.40874534e-004 7.26955682e-004 9.10968014e-004 5.15661885e-004 6.15007505e-004 1.03231437e-003 7.14269634e-004 8.40635901e-004 6.39364268e-004 8.21775494e-004 1.01336344e-003 1.12519898e-003 5.52656873e-004 9.54361845e-004 8.19812780e-004 8.51948329e-004 9.19088355e-004 
2.83607733e-008 3.97903932e-008 2.85808710e-008 8.38722372e-008 6.41239239e-008 4.78348738e-008 4.63005563e-008 5.94909579e-008 8.28413249e-008 6.53922143e-008 8.11728569e-008 5.63686626e-008 3.63861545e-008 7.05458660e-008 3.51374183e-008 7.12452675e-008 3.91050889e-008 6.48183232e-008 1.28387910e-007 4.55620466e-008 6.25564098e-008 5.14205567e-008 4.90099410e-008 8.77657840e-008 1.04422725e-007 2.79042069e-008 7.02925718e-008 5.44409886e-008 5.47543095e-008 4.78989932e-008 
0.00000000e+000 0.00000000e+000 0.00000000e+000 0.00000000e+000 0.00000000e+000 0.00000000e+000 0.00000000e+000 0.00000000e+000 0.00000000e+000 0.00000000e+000 0.00000000e+000 0.00000000e+000 0.00000000e+000 0.00000000e+000 0.00000000e+000 0.00000000e+000 0.00000000e+000 0.00000000e+000 0.00000000e+000 0.00000000e+000 0.00000000e+000 0.00000000e+000 0.00000000e+000 0.00000000e+000 0.00000000e+000 0.00000000e+000 0.00000000e+000 0.00000000e+000 0.00000000e+000 0.00000000e+000 
0.00000000e+000 0.00000000e+000 0.00000000e+000 0.00000000e+000 0.00000000e+000 0.00000000e+000 0.00000000e+000 0.00000000e+000 0.00000000e+000 0.00000000e+000 0.00000000e+000 0.00000000e+000 0.00000000e+000 0.00000000e+000 0.00000000e+000 0.00000000e+000 0.00000000e+000 0.00000000e+000 0.00000000e+000 0.00000000e+000 0.00000000e+000 0.00000000e+000 0.00000000e+000 0.00000000e+000 0.00000000e+000 0.00000000e+000 0.00000000e+000 0.00000000e+000 0.00000000e+000 0.00000000e+000 
0.00000000e+000 0.00000000e+000 0.00000000e+000 0.00000000e+000 0.00000000e+000 0.00000000e+000 0.00000000e+000 0.00000000e+000 0.00000000e+000 0.00000000e+000 0.00000000e+000 0.00000000e+000 0.00000000e+000 0.00000000e+000 0.00000000e+000 0.00000000e+000 0.00000000e+000 0.00000000e+000 0.00000000e+000 0.00000000e+000 0.00000000e+000 0.00000000e+000 0.00000000e+000 0.00000000e+000 0.00000000e+000 0.00000000e+000 0.00000000e+000 0.00000000e+000 0.00000000e+000 0.00000000e+000 
