5.89810960e+003 4.93214214e+003 5.70381756e+003 5.77864782e+003 3.62949961e+003 5.42879800e+003 5.10482800e+003 5.27838373e+003 5.60268815e+003 5.43403154e+003 5.82790563e+003 5.39688748e+003 5.40497540e+003 5.03158937e+003 5.68432415e+003 4.02580940e+003 5.63735485e+003 5.21111847e+003 5.44377281e+003 4.97967894e+003 2.43936721e+003 6.16125238e+003 5.57605637e+003 5.60922973e+003 5.64498032e+003 3.13955579e+003 5.48437965e+003 5.62478460e+003 5.32708361e+003 4.96322349e+003 
5.89810960e+003 4.93214214e+003 5.70381756e+003 5.77864782e+003 3.62949961e+003 5.42879800e+003 5.10482800e+003 5.27838373e+003 5.60268815e+003 5.43403154e+003 5.82790563e+003 5.39688748e+003 5.40497540e+003 5.03158937e+003 5.68432415e+003 4.02580940e+003 5.63735485e+003 5.21111847e+003 5.44377281e+003 4.97967894e+003 2.43936721e+003 6.16125238e+003 5.57605637e+003 5.60922973e+003 5.64498032e+003 3.13955579e+003 5.48437965e+003 5.62478460e+003 5.32708361e+003 4.96322349e+003 
5.89810960e+003 4.93214214e+003 5.70381756e+003 5.76666157e+003 3.62949961e+003 5.42879800e+003 5.10482800e+003 5.27838373e+003 5.60268815e+003 4.78256813e+003 5.82790563e+003 4.82486679e+003 5.40497540e+003 5.03158937e+003 5.42264401e+003 4.02580940e+003 5.63735485e+003 5.16240345e+003 5.44377281e+003 4.68560518e+003 2.43936721e+003 5.94252055e+003 4.62266844e+003 5.60922973e+003 5.64498032e+003 3.07759542e+003 5.48437965e+003 5.62478460e+003 5.32708361e+003 4.96322349e+003 
4.81859864e+003 4.30332186e+003 4.67018709e+003 5.31706657e+003 3.62949961e+003 4.78091699e+003 5.10482800e+003 4.36957102e+003 5.52965784e+003 4.78256813e+003 4.10748522e+003 4.82486679e+003 5.24996647e+003 4.63635891e+003 4.53777387e+003 4.02580940e+003 5.63735485e+003 5.16240345e+003 5.28461923e+003 4.68560518e+003 2.43936721e+003 4.40736368e+003 4.62266844e+003 5.24834549e+003 5.17883167e+003 3.07759542e+003 3.96548307e+003 4.09822663e+003 5.32708361e+003 4.89281290e+003 
4.80166942e+003 4.09300639e+003 4.35146056e+003 3.77382180e+003 3.20292683e+003 4.62809295e+003 3.89447093e+003 3.28079157e+003 3.82911401e+003 4.06419245e+003 3.75836533e+003 4.64003492e+003 3.79631186e+003 2.82600292e+003 3.45975436e+003 4.02580940e+003 4.08188031e+003 3.97081255e+003 3.40297808e+003 3.05588364e+003 2.43936721e+003 4.40736368e+003 3.77445158e+003 4.05033724e+003 3.66213582e+003 3.07759542e+003 3.84561116e+003 3.90664642e+003 4.35688329e+003 4.89281290e+003 
2.96593428e+003 2.96325682e+003 3.02585226e+003 2.08152084e+003 3.20292683e+003 3.37966121e+003 1.66450203e+003 3.27443437e+003 2.91725998e+003 2.39781115e+003 2.41798490e+003 2.43506396e+003 2.46108121e+003 2.78932680e+003 3.43088938e+003 3.02368584e+003 1.78781036e+003 2.33433273e+003 1.87963709e+003 2.40997455e+003 2.43936721e+003 3.27752526e+003 2.68756081e+003 2.84765232e+003 3.13576012e+003 2.06645954e+003 2.83568997e+003 2.43556664e+003 2.85542106e+003 3.15529813e+003 
1.34148887e+003 1.67968677e+003 1.68041680e+003 1.50281155e+003 1.51624013e+003 1.74985774e+003 1.25549205e+003 1.71900179e+003 1.76996995e+003 1.39762422e+003 1.22472028e+003 1.09488765e+003 1.28649474e+003 1.33129339e+003 1.53097744e+003 1.27793108e+003 1.35279720e+003 1.46286035e+003 1.43509286e+003 1.20172022e+003 1.82068566e+003 1.67294206e+003 1.89993647e+003 1.64992161e+003 1.92151026e+003 1.50306328e+003 1.37578612e+003 1.41661638e+003 1.92378260e+003 1.42305255e+003 
7.68893874e+002 5.88998380e+002 9.90935770e+002 6.71828285e+002 9.12590916e+002 9.88575907e+002 6.05874089e+002 9.22891238e+002 8.61715893e+002 8.36446723e+002 6.26703516e+002 7.82042785e+002 6.69048908e+002 6.89577049e+002 8.04751138e+002 7.14203771e+002 7.48777349e+002 7.67613645e+002 8.34494092e+002 6.56369364e+002 1.11835393e+003 8.82094484e+002 6.49501796e+002 6.84070796e+002 1.04325452e+003 5.65066408e+002 8.32133349e+002 7.89000424e+002 7.77463188e+002 9.22612108e+002 
3.30008837e+002 2.91490834e+002 3.36336903e+002 2.55455930e+002 3.23550161e+002 3.94978722e+002 3.09248911e+002 2.83321570e+002 2.95427840e+002 3.40760358e+002 2.84081849e+002 3.09808069e+002 2.88539042e+002 2.99810096e+002 3.00729265e+002 3.65288433e+002 3.17719494e+002 2.59665716e+002 2.21351645e+002 2.75651855e+002 3.57236719e+002 3.59797301e+002 3.68409251e+002 3.35264712e+002 3.20234289e+002 3.05152616e+002 2.54682607e+002 2.91295994e+002 3.97852951e+002 3.56049413e+002 
1.28829079e+002 1.24733947e+002 1.34834131e+002 1.26223539e+002 1.32208874e+002 1.37868946e+002 1.31138325e+002 1.37907494e+002 1.32267954e+002 1.31176712e+002 1.25897126e+002 1.32779100e+002 1.28704905e+002 1.28458951e+002 1.27966705e+002 1.30398235e+002 1.29672388e+002 1.30594147e+002 1.22735241e+002 1.24588876e+002 1.36778461e+002 1.36092780e+002 1.34734898e+002 1.28941998e+002 1.33945263e+002 1.26304520e+002 1.26483380e+002 1.28369732e+002 1.44198902e+002 1.32206238e+002 
1.01381732e+002 1.02562115e+002 1.02690906e+002 1.02044705e+002 1.02854978e+002 1.03320346e+002 1.03412202e+002 1.05108159e+002 1.03215624e+002 1.02593775e+002 1.02345447e+002 1.02985552e+002 1.01267463e+002 1.02546527e+002 1.02644347e+002 1.02852978e+002 1.02126011e+002 1.02725400e+002 1.01748627e+002 1.02743671e+002 1.05480110e+002 1.04273839e+002 1.03153390e+002 1.03046480e+002 1.03512450e+002 1.01667292e+002 1.01940107e+002 1.03700063e+002 1.03460932e+002 1.03551425e+002 
1.00000157e+002 1.00000158e+002 1.00000154e+002 1.00000080e+002 1.00000192e+002 1.00000147e+002 1.00000127e+002 1.00000261e+002 1.00000106e+002 1.00000090e+002 1.00000104e+002 1.00000096e+002 1.00000088e+002 1.00000107e+002 1.00000132e+002 1.00000200e+002 1.00000115e+002 1.00000131e+002 1.00000077e+002 1.00000126e+002 1.00000292e+002 1.00000158e+002 1.00000153e+002 1.00000106e+002 1.00000121e+002 1.00000115e+002 1.00000144e+002 1.00000190e+002 1.00000223e+002 1.00000184e+002 
1.00000000e+002 1.00000000e+002 1.00000000e+002 1.00000000e+002 1.00000000e+002 1.00000000e+002 1.00000000e+002 1.00000000e+002 1.00000000e+002 1.00000000e+002 1.00000000e+002 1.00000000e+002 1.00000000e+002 1.00000000e+002 1.00000000e+002 1.00000000e+002 1.00000000e+002 1.00000000e+002 1.00000000e+002 1.00000000e+002 1.00000000e+002 1.00000000e+002 1.00000000e+002 1.00000000e+002 1.00000000e+002 1.00000000e+002 1.00000000e+002 1.00000000e+002 1.00000000e+002 1.00000000e+002 
1.00000000e+002 1.00000000e+002 1.00000000e+002 1.00000000e+002 1.00000000e+002 1.00000000e+002 1.00000000e+002 1.00000000e+002 1.00000000e+002 1.00000000e+002 1.00000000e+002 1.00000000e+002 1.00000000e+002 1.00000000e+002 1.00000000e+002 1.00000000e+002 1.00000000e+002 1.00000000e+002 1.00000000e+002 1.00000000e+002 1.00000000e+002 1.00000000e+002 1.00000000e+002 1.00000000e+002 1.00000000e+002 1.00000000e+002 1.00000000e+002 1.00000000e+002 1.00000000e+002 1.00000000e+002 
1.00000000e+002 1.00000000e+002 1.00000000e+002 1.00000000e+002 1.00000000e+002 1.00000000e+002 1.00000000e+002 1.00000000e+002 1.00000000e+002 1.00000000e+002 1.00000000e+002 1.00000000e+002 1.00000000e+002 1.00000000e+002 1.00000000e+002 1.00000000e+002 1.00000000e+002 1.00000000e+002 1.00000000e+002 1.00000000e+002 1.00000000e+002 1.00000000e+002 1.00000000e+002 1.00000000e+002 1.00000000e+002 1.00000000e+002 1.00000000e+002 1.00000000e+002 1.00000000e+002 1.00000000e+002 
1.00000000e+002 1.00000000e+002 1.00000000e+002 2.86500409e+001 1.00000000e+002 1.00000000e+002 1.00000000e+002 1.00000000e+002 1.00000000e+002 1.00000000e+002 1.00000000e+002 1.00000000e+002 1.00000000e+002 1.00000000e+002 1.00000000e+002 1.00000000e+002 1.00000000e+002 1.00000000e+002 1.00000000e+002 1.00000000e+002 1.00000000e+002 1.00000000e+002 1.00000000e+002 1.00000000e+002 1.00000000e+002 1.00000000e+002 1.00000000e+002 1.00000000e+002 1.00000000e+002 1.00000000e+002 
