1.10147925e+005 1.16630301e+005 4.45025704e+004 1.81682443e+004 3.02139773e+004 6.65067361e+004 5.48101129e+004 2.17207390e+003 6.47836572e+004 1.65028488e+004 1.51734899e+005 1.77398383e+004 1.24350575e+005 2.91518425e+004 2.71054337e+004 2.86472871e+003 1.06357295e+004 1.16506919e+004 1.05816957e+005 9.65993048e+004 3.77922770e+004 1.93727316e+005 9.99380575e+004 3.64116641e+002 8.37421410e+004 6.66234468e+004 7.94628112e+004 1.29771518e+005 2.54983826e+004 2.38302671e+005 
4.94859790e+004 8.01179789e+003 2.86158306e+004 1.81682443e+004 1.06184837e+004 4.11747229e+004 2.01199026e+004 2.17207390e+003 4.30689237e+004 1.65028488e+004 1.02778092e+005 9.26472997e+003 1.50931893e+004 1.08750408e+004 3.75103532e+003 2.86472871e+003 4.92965354e+003 1.16506919e+004 4.05670561e+004 8.46379231e+004 3.77922770e+004 8.14293108e+004 4.26605493e+003 3.64116641e+002 1.49627936e+004 3.02887634e+004 3.74823930e+004 1.83004178e+004 2.80550647e+003 1.47931049e+005 
2.29850101e+004 8.01179789e+003 3.37942406e+003 9.89037332e+003 6.49645063e+003 9.10326236e+003 1.18202946e+004 9.92889142e+002 1.30173041e+004 1.13332865e+004 1.28814837e+004 4.65160940e+003 8.56780408e+003 3.02035760e+002 3.75103532e+003 2.86472871e+003 7.07073350e+002 1.16506919e+004 1.43770297e+004 2.55843403e+004 6.02570040e+003 8.70860565e+003 4.88755166e+002 3.64116641e+002 7.58665810e+003 5.16846428e+003 1.25033288e+004 4.98084646e+003 2.80550647e+003 3.33897628e+002 
4.01838052e+003 9.89096099e+002 2.04162544e+003 2.27300243e+003 2.26714394e+003 2.72520261e+002 1.65075870e+003 8.28885047e+002 8.97744423e+002 1.10417611e+003 2.82164429e+002 3.36815865e+002 3.69831669e+003 3.02035760e+002 3.81627755e+002 2.55015883e+002 2.55097843e+002 1.62173273e+003 7.80861936e+001 3.49891430e+003 1.42830742e+003 4.66844026e+003 4.88755166e+002 3.64116641e+002 7.58665810e+003 1.69459304e+003 1.05303500e+003 3.27554463e+002 1.53731000e+003 1.38479632e+002 
3.50074395e+002 4.87354063e+002 1.74889823e+002 9.94316767e+001 6.79934687e+001 1.91041936e+002 4.09036179e+002 3.32946538e+002 8.97744423e+002 2.51105674e+002 1.71788231e+002 2.29013500e+002 2.33499098e+002 1.55196314e+002 3.81627755e+002 9.35789786e+001 2.03261889e+002 4.15502950e+002 7.80861936e+001 6.89285177e+002 3.16240340e+002 3.97332463e+001 4.88755166e+002 1.71671494e+002 2.30416518e+002 7.51000599e+002 1.34759770e+002 1.04603126e+002 5.61788380e+002 1.38479632e+002 
6.26493198e+001 2.69313772e+001 6.47087864e+001 1.79818970e+001 3.12771955e+001 2.73766121e+001 9.91426015e+001 4.20317942e+001 4.87246121e+001 1.16960599e+002 3.68244683e+001 5.13680007e+001 7.06231703e+001 2.56960860e+001 1.06637612e+002 5.05376131e+001 3.36055422e+001 1.50847631e+002 4.70090714e+001 3.36056615e+001 5.78982760e+001 3.97332463e+001 7.85880368e+001 1.03906314e+002 1.64159068e+001 1.76022529e+001 3.27176326e+001 1.04603126e+002 4.00759640e+001 7.95603359e+001 
1.58400692e+001 2.29126620e+001 2.67166485e+001 1.48472225e+001 1.72386264e+001 2.73766121e+001 2.33048560e+001 1.45226024e+001 2.41997336e+001 1.08008383e+001 2.25173290e+001 1.19583821e+001 1.84876651e+001 1.30803684e+001 2.06765525e+001 2.84518696e+001 2.83794601e+001 1.30202653e+001 3.03989205e+001 1.75278177e+001 1.00354326e+001 1.80593071e+001 2.41594235e+001 1.38644350e+001 1.16321103e+001 1.51426156e+001 1.52180239e+001 1.28722762e+001 1.57087627e+001 9.08372970e+000 
8.29207976e+000 1.13675497e+001 1.10129054e+001 8.92475971e+000 9.13076779e+000 1.17302899e+001 1.07575836e+001 8.24192869e+000 1.07720956e+001 9.49293194e+000 9.50828319e+000 7.45724789e+000 1.05005817e+001 6.14990742e+000 1.04316750e+001 9.06736311e+000 1.04298264e+001 1.06512942e+001 1.27049495e+001 9.91970447e+000 6.98444445e+000 1.15458706e+001 1.13840636e+001 8.80313114e+000 9.01236372e+000 9.33306871e+000 7.66988986e+000 7.59093733e+000 8.37352268e+000 8.52195031e+000 
5.54509862e+000 5.91839612e+000 6.34904066e+000 4.23977606e+000 4.50093924e+000 5.27664154e+000 6.15987535e+000 5.95986560e+000 5.71981553e+000 4.54131842e+000 5.95943427e+000 3.99094169e+000 6.29518531e+000 5.11560485e+000 3.78279259e+000 6.44105723e+000 4.14583862e+000 5.74356931e+000 4.50886371e+000 5.35268134e+000 5.69311321e+000 4.25413068e+000 5.11202222e+000 5.34511405e+000 4.17115195e+000 3.92708357e+000 4.74516790e+000 6.49389848e+000 3.90282225e+000 4.21900865e+000 
3.69917971e+000 2.86916971e+000 3.65208474e+000 3.43831999e+000 3.40742762e+000 3.06355737e+000 2.40970868e+000 3.69765591e+000 3.06719151e+000 3.16594078e+000 3.59387605e+000 2.76431272e+000 4.46698110e+000 3.26878261e+000 3.78279259e+000 2.92421875e+000 2.73579024e+000 2.60734893e+000 4.20096131e+000 4.47943301e+000 3.57170867e+000 3.21379125e+000 2.80353463e+000 2.88030652e+000 3.65525924e+000 3.72910911e+000 3.82603985e+000 2.83232683e+000 3.15828942e+000 3.10006078e+000 
2.50567541e+000 1.06464935e+000 3.03935115e+000 2.43430294e+000 2.77691559e+000 8.13669745e-001 2.40970868e+000 2.95889685e+000 2.67953983e+000 2.78075972e+000 2.71228398e+000 9.11182619e-001 2.66123393e+000 2.16920563e+000 2.67407394e+000 2.38220592e+000 2.39167575e+000 2.55206137e+000 2.93686067e+000 2.89386089e+000 3.20096905e+000 2.55183069e+000 1.67759863e+000 2.30592121e+000 2.57633474e+000 2.78233865e+000 1.49616708e+000 5.69524148e-001 2.55897923e+000 2.54591913e+000 
1.16220222e+000 1.06464935e+000 2.36530193e+000 1.39534930e+000 8.21193991e-001 8.13669745e-001 8.38657718e-001 5.86035186e-001 1.75492439e+000 1.56095632e+000 1.81002081e+000 9.11182619e-001 1.41480496e+000 9.76898356e-001 1.44085006e+000 1.47339172e+000 1.96676686e+000 9.60434349e-001 1.37510163e+000 1.92182365e+000 1.84063132e+000 1.63278377e+000 9.71045161e-001 8.92713802e-001 1.42616779e+000 1.66789638e+000 5.26203208e-001 5.69524148e-001 1.64164053e+000 5.03188543e-001 
5.65927717e-001 6.14785756e-001 1.03829500e+000 7.19149937e-001 8.21193991e-001 7.80314023e-001 8.38657718e-001 5.86035186e-001 9.91247314e-001 8.85415442e-001 1.22098976e+000 9.11182619e-001 8.20002372e-001 6.91230932e-001 5.36670768e-001 3.62812467e-001 8.28812868e-001 7.30420632e-001 5.27819309e-001 5.43316000e-001 9.65680957e-001 7.62888171e-001 9.71045161e-001 8.92713802e-001 9.36482280e-001 8.29284106e-001 5.26203208e-001 5.69524148e-001 7.54227787e-001 5.03188543e-001 
5.20220608e-001 6.14785756e-001 2.73000909e-001 3.52089103e-001 8.21193991e-001 3.31404838e-001 5.40809669e-001 5.86035186e-001 5.52885357e-001 6.78931909e-001 4.07710382e-001 6.68944614e-001 5.53116304e-001 6.91230932e-001 5.36670768e-001 3.62812467e-001 8.28812868e-001 7.30420632e-001 5.27819309e-001 5.43316000e-001 6.41701986e-001 4.76658997e-001 8.91978644e-001 4.73783149e-001 2.28727705e-001 6.47257055e-001 3.56186313e-001 5.10857117e-001 3.68413003e-001 5.03188543e-001 
5.20220608e-001 4.50507364e-001 2.73000909e-001 3.52089103e-001 4.63478306e-001 3.31404838e-001 4.66803077e-001 4.83314840e-001 4.25053550e-001 4.23805357e-001 3.97372432e-001 3.70272330e-001 5.53116304e-001 4.85731965e-001 5.36670768e-001 3.62812467e-001 3.86283450e-001 3.79843362e-001 3.89509164e-001 5.43316000e-001 6.31595260e-001 1.62754972e-001 4.20867152e-001 4.73783149e-001 2.28727705e-001 3.96761672e-001 3.56186313e-001 5.10857117e-001 3.07295000e-001 3.94154815e-001 
5.94716421e-002 9.88915044e-002 1.98216968e-002 5.96771726e-002 2.61983929e-001 2.96965754e-002 1.97823882e-002 1.79043163e-001 1.96848983e-001 6.98360298e-002 2.49433481e-001 1.99213714e-001 1.90016370e-001 1.09263344e-001 1.48709027e-001 1.38818311e-001 1.99210632e-001 8.94122809e-002 1.00117847e-001 6.91275944e-002 6.94596942e-002 7.93789313e-002 6.94375385e-002 1.68234044e-001 1.10145471e-001 1.77856226e-001 6.94279057e-002 5.92547687e-002 1.58196137e-001 1.87436001e-001 
