   1.5704062e+03   1.7586844e+03   2.8808948e+03   2.9198330e+03   3.0821929e+03   1.9958543e+03   1.9550351e+03   1.4461236e+03   2.3759945e+03   3.9422621e+03   1.5798395e+03   2.0805488e+03   1.9963598e+03   2.9447285e+03   1.9543639e+03   1.6282710e+03   2.2882662e+03   1.8447769e+03   2.6676974e+03   2.6428091e+03   2.2181220e+03   2.3112606e+03   1.8147382e+03   2.0917015e+03   2.1624262e+03   2.1889468e+03   2.1899132e+03   2.1531480e+03   1.9673496e+03   1.5329345e+03
   1.5704062e+03   1.7586844e+03   2.8808948e+03   2.9198330e+03   3.0821929e+03   1.9958543e+03   1.9550351e+03   1.4461236e+03   2.3759945e+03   3.9422621e+03   1.5798395e+03   2.0805488e+03   1.9963598e+03   2.9447285e+03   1.9543639e+03   1.6282710e+03   2.2882662e+03   1.8447769e+03   2.6676974e+03   2.6428091e+03   2.2181220e+03   2.3112606e+03   1.8147382e+03   2.0917015e+03   2.1624262e+03   2.1889468e+03   2.1899132e+03   2.1531480e+03   1.9673496e+03   1.5329345e+03
   1.5704062e+03   1.7586844e+03   2.8808948e+03   2.9198330e+03   3.0821929e+03   1.9958543e+03   1.9550351e+03   1.4461236e+03   2.3759945e+03   3.9422621e+03   1.5798395e+03   2.0805488e+03   1.9963598e+03   2.9447285e+03   1.9543639e+03   1.6282710e+03   2.2882662e+03   1.8447769e+03   2.6676974e+03   2.6428091e+03   2.2181220e+03   2.3112606e+03   1.8147382e+03   2.0917015e+03   2.1624262e+03   2.1889468e+03   2.1899132e+03   2.1531480e+03   1.9673496e+03   1.5329345e+03
   1.5704062e+03   1.7586844e+03   2.8808948e+03   2.9198330e+03   3.0821929e+03   1.9958543e+03   1.9550351e+03   1.4461236e+03   2.3759945e+03   3.9422621e+03   1.5798395e+03   2.0805488e+03   1.9963598e+03   2.9447285e+03   1.9543639e+03   1.6282710e+03   2.2882662e+03   1.8447769e+03   2.6676974e+03   2.6428091e+03   2.2181220e+03   2.3112606e+03   1.8147382e+03   2.0917015e+03   2.1624262e+03   2.1889468e+03   2.1899132e+03   2.1531480e+03   1.9673496e+03   1.5329345e+03
   1.5704062e+03   1.7586844e+03   2.8808948e+03   2.9198330e+03   3.0821929e+03   1.9958543e+03   1.9172947e+03   1.4461236e+03   2.3759945e+03   3.9422621e+03   1.5798395e+03   2.0805488e+03   1.9963598e+03   2.9447285e+03   1.9543639e+03   1.6282710e+03   2.2882662e+03   1.8447769e+03   2.6676974e+03   2.6428091e+03   2.2181220e+03   2.3112606e+03   1.8147382e+03   2.0917015e+03   2.1624262e+03   2.1889468e+03   2.1899132e+03   2.1531480e+03   1.9673496e+03   1.5329345e+03
   1.5704062e+03   1.7586844e+03   2.8808948e+03   1.9452849e+03   3.0821929e+03   1.8689465e+03   1.2439928e+03   1.4461236e+03   1.9677530e+03   3.9422621e+03   1.5798395e+03   2.0805488e+03   1.3076476e+03   2.9447285e+03   1.9543639e+03   1.6282710e+03   9.8607877e+02   1.8447769e+03   2.6676974e+03   1.8497446e+03   2.2181220e+03   2.3112606e+03   1.8147382e+03   1.3682400e+03   1.5708633e+03   1.5957027e+03   1.2329148e+03   2.1531480e+03   1.3372781e+03   1.5168640e+03
   1.0429301e+03   5.9056620e+02   1.5018928e+03   1.3837335e+03   1.5659453e+03   1.0727327e+03   1.0777976e+03   8.0293276e+02   1.5011016e+03   2.5711552e+03   7.9894320e+02   1.5852536e+03   8.8366066e+02   1.4222903e+03   1.0731712e+03   8.1689377e+02   7.7863764e+02   8.1446625e+02   2.0421170e+03   1.2359092e+03   8.5406052e+02   8.2058205e+02   1.2015461e+03   1.3592884e+03   9.6811848e+02   1.0846625e+03   9.0412795e+02   1.3604122e+03   9.0697336e+02   8.5331779e+02
   6.0261518e+02   4.6186218e+02   9.0224858e+02   9.8541068e+02   8.2124366e+02   9.0769452e+02   4.6834880e+02   4.0927375e+02   9.4752134e+02   1.4411587e+03   6.3591664e+02   8.4582152e+02   3.2694884e+02   5.6679426e+02   5.1354206e+02   5.9344022e+02   3.8430694e+02   4.4108702e+02   9.0964029e+02   8.1698033e+02   6.5725735e+02   6.4293265e+02   6.3081561e+02   1.0319526e+03   5.7547576e+02   4.6678722e+02   3.7198191e+02   5.9788460e+02   6.0127803e+02   4.3339092e+02
   3.0370968e+02   1.6660080e+02   2.4263112e+02   2.9848642e+02   2.7950251e+02   2.5216069e+02   1.7209785e+02   1.9485434e+02   3.5140490e+02   6.8810391e+02   2.6825450e+02   2.9142698e+02   1.8405034e+02   2.1403403e+02   2.0985318e+02   2.1392942e+02   2.1464270e+02   1.9455098e+02   3.5003240e+02   4.3426060e+02   2.2910389e+02   2.3237232e+02   2.8294668e+02   3.3676954e+02   2.2318884e+02   1.9133626e+02   1.8830755e+02   2.5399542e+02   2.5561998e+02   2.1347761e+02
   1.6183737e+02   1.3940843e+02   1.6292617e+02   1.5954380e+02   1.6026483e+02   1.7783440e+02   1.7167652e+02   1.6064791e+02   1.8748292e+02   2.0697372e+02   1.4506830e+02   1.9360148e+02   1.8384813e+02   1.4766323e+02   1.7181458e+02   1.4568052e+02   1.6895214e+02   1.7098166e+02   1.7632844e+02   1.8416491e+02   1.4752420e+02   1.6722288e+02   1.5059875e+02   1.5481542e+02   1.7021181e+02   1.3799985e+02   1.7371686e+02   1.6802603e+02   1.8982538e+02   1.7184556e+02
   1.6183737e+02   1.3514928e+02   1.5187531e+02   1.5954380e+02   8.6174213e+01   1.3888034e+02   1.5606205e+02   1.5690812e+02   1.5767629e+02   1.3888319e+02   1.4506830e+02   1.6202210e+02   1.3326433e+02   1.4255417e+02   1.4987950e+02   1.4568052e+02   1.2466579e+02   1.5354057e+02   1.6686384e+02   1.7567451e+02   1.4752420e+02   1.3722407e+02   1.5059875e+02   5.6341675e+01   1.5663981e+02   1.3799985e+02   1.4967142e+02   1.1759627e+02   1.5393924e+02   1.3838606e+02
   1.5129854e+02   1.3514928e+02   1.3267090e+02   1.5107920e+02   3.0956978e+01   2.7012495e+01   1.2996032e+02   3.8854721e+01   3.4570147e+01   1.3888319e+02   2.8054595e+01   1.4717643e+02   1.3326433e+02   1.3202296e+02   1.3496235e+02   1.2323767e+02   1.2466579e+02   1.3563498e+02   1.5471132e+02   1.3970432e+02   1.4614251e+02   1.0618579e+02   3.0609569e+01   4.3888045e+01   1.3296182e+02   1.3799985e+02   1.4659841e+02   2.3581567e+01   1.4465720e+02   1.3184721e+02
   3.2207143e+01   1.3514928e+02   4.2712350e+01   3.0396082e+01   3.0954562e+01   2.6953513e+01   1.2996032e+02   2.9130087e+01   3.1568723e+01   2.7883772e+01   2.7865751e+01   3.2200938e+01   1.3326433e+02   1.2350351e+02   1.3496235e+02   1.2323767e+02   1.2273296e+02   1.3563498e+02   2.8182432e+01   2.9114227e+01   3.3105025e+01   3.2218895e+01   2.7251590e+01   4.3887945e+01   1.1282555e+02   1.3448661e+02   1.3491785e+02   2.3548617e+01   1.2439212e+02   1.2508491e+02
   3.2200890e+01   2.5093023e+01   3.1586730e+01   2.7549667e+01   2.3320770e+01   2.6953513e+01   3.0060333e+01   2.9130087e+01   2.8813260e+01   2.5028075e+01   2.7865751e+01   3.2200890e+01   2.5409107e+01   2.6321345e+01   2.9428164e+01   3.3131141e+01   7.7197440e+01   2.7865750e+01   2.8181835e+01   2.9112079e+01   3.0954561e+01   3.2218895e+01   2.7251590e+01   2.3549179e+01   2.6953513e+01   1.3448661e+02   1.3460368e+02   2.3548617e+01   2.6023268e+01   3.0954560e+01
   2.1390050e+01   2.3864701e+01   2.1390889e+01   2.1706134e+01   2.1091973e+01   2.0776458e+01   2.3846694e+01   2.2618372e+01   2.3548617e+01   2.1390050e+01   2.2985708e+01   2.3232533e+01   2.5409107e+01   2.4776939e+01   2.6023268e+01   2.5743198e+01   2.3250590e+01   2.6637429e+01   2.0775889e+01   2.1390050e+01   2.2320295e+01   2.3864701e+01   2.0161728e+01   2.0161728e+01   2.4478862e+01   2.2934456e+01   2.1390050e+01   2.2618372e+01   2.2020322e+01   2.1706134e+01
   2.0161728e+01   2.0161728e+01   2.0161728e+01   2.0781462e+01   2.0775889e+01   2.0161728e+01   2.0161728e+01   2.0161728e+01   2.0161728e+01   2.0161728e+01   2.0161728e+01   2.0161728e+01   2.0775889e+01   2.0161728e+01   2.0161728e+01   2.0161728e+01   2.0161728e+01   2.0161728e+01   2.0161728e+01   2.0161728e+01   2.0775889e+01   2.0161728e+01   2.0161728e+01   2.0161728e+01   2.0161728e+01   2.0161728e+01   2.0161728e+01   2.0161728e+01   2.0161728e+01   2.0161728e+01
