   1.8649837e+10   4.4092299e+08   2.3460739e+10   1.0926432e+09   3.7191924e+08   6.8279444e+08   7.4158151e+09   5.7945887e+09   1.5528336e+10   1.2599021e+10   1.6552474e+09   6.8930567e+09   9.4286119e+09   4.3931198e+09   1.1057344e+09   7.8916795e+09   3.1347809e+09   7.2150096e+08   7.2467985e+09   7.4152387e+09   1.5981421e+09   2.3181340e+08   4.5266732e+09   2.0063648e+10   1.8482146e+10   1.9959173e+10   1.2450363e+08   2.0735259e+08   2.0129951e+09   1.3212790e+10
   1.8649837e+10   4.4092299e+08   2.3460739e+10   1.0926432e+09   3.7191924e+08   6.8279444e+08   7.4158151e+09   5.7945887e+09   1.5528336e+10   1.2599021e+10   1.6552474e+09   6.8930567e+09   9.4286119e+09   4.3931198e+09   1.1057344e+09   7.8916795e+09   3.1347809e+09   7.2150096e+08   7.2467985e+09   7.4152387e+09   1.5981421e+09   2.3181340e+08   4.5266732e+09   2.0063648e+10   1.8482146e+10   1.9959173e+10   1.2450363e+08   2.0735259e+08   2.0129951e+09   1.3212790e+10
   1.8649837e+10   4.4092299e+08   2.3460739e+10   1.0926432e+09   3.7191924e+08   6.8279444e+08   7.4158151e+09   5.7945887e+09   1.5528336e+10   1.2599021e+10   1.6552474e+09   6.8930567e+09   9.4286119e+09   4.3931198e+09   1.1057344e+09   7.8916795e+09   3.1347809e+09   7.2150096e+08   7.2467985e+09   7.4152387e+09   1.5981421e+09   2.3181340e+08   4.5266732e+09   2.0063648e+10   1.8482146e+10   1.9959173e+10   1.2450363e+08   2.0735259e+08   2.0129951e+09   1.3212790e+10
   1.8649837e+10   4.4092299e+08   2.3460739e+10   1.0926432e+09   3.7191924e+08   6.8279444e+08   7.4158151e+09   5.7945887e+09   1.5528336e+10   1.2599021e+10   1.6552474e+09   6.8930567e+09   9.4286119e+09   4.3931198e+09   1.1057344e+09   7.8916795e+09   3.1347809e+09   7.2150096e+08   7.2467985e+09   7.4152387e+09   1.5981421e+09   2.3181340e+08   4.5266732e+09   2.0063648e+10   1.8482146e+10   1.9959173e+10   1.2450363e+08   2.0735259e+08   2.0129951e+09   1.3212790e+10
   1.8649837e+10   4.4092299e+08   1.5989333e+10   6.6522176e+08   1.9453936e+08   6.8279444e+08   7.4158151e+09   8.3181662e+08   1.1108482e+10   1.2599021e+10   1.6552474e+09   2.7791189e+09   8.0410414e+09   4.3931198e+09   1.1057344e+09   4.4181762e+09   3.1347809e+09   7.2150096e+08   2.9881877e+09   1.2700424e+09   1.5981421e+09   2.3181340e+08   4.5266732e+09   2.0063648e+10   1.8482146e+10   1.9959173e+10   1.2450363e+08   2.0735259e+08   2.0129951e+09   1.3212790e+10
   2.5819232e+09   6.8772165e+06   2.1631685e+09   1.2799812e+07   6.8100934e+07   5.8956896e+07   5.7823378e+07   4.7993647e+07   3.6161917e+08   9.6202886e+08   4.6685837e+08   5.2700871e+07   3.5883287e+08   1.9075922e+08   3.4354246e+08   2.6753053e+08   3.6474497e+08   6.1812644e+07   3.4959725e+07   1.6737897e+08   9.9139838e+07   3.7992764e+07   3.6544661e+08   1.0094019e+08   1.6347302e+09   3.0203554e+08   1.1650281e+07   1.2075437e+08   1.1710542e+08   1.4389501e+08
   5.0183241e+07   6.8772165e+06   5.5109288e+07   1.2799812e+07   4.5548859e+07   1.5003468e+07   5.7823378e+07   3.9053882e+07   5.3316065e+07   5.1674068e+08   9.8381452e+07   3.0848721e+07   7.6935927e+07   8.0955775e+07   2.3888469e+07   9.3001572e+07   5.7475339e+07   2.9185662e+07   3.4959725e+07   2.1387065e+07   3.4196987e+07   9.2013364e+06   5.1755748e+07   1.0094019e+08   9.5884247e+07   7.7200778e+07   7.2247249e+06   9.9694091e+06   2.0204899e+07   8.5643522e+06
   2.7429611e+07   2.3488497e+06   5.2766975e+07   2.6099527e+06   2.0275006e+07   1.5003468e+07   2.2495811e+06   1.2735627e+06   1.3602464e+07   1.0637379e+07   1.5000540e+07   1.0370218e+07   1.4060037e+07   4.5889540e+06   8.4011428e+06   4.1137609e+07   1.1395614e+07   1.2860807e+07   2.1580560e+07   1.3601550e+07   1.3935952e+07   3.4775906e+06   7.2035556e+06   2.1061043e+07   7.5598726e+06   2.2136929e+07   5.4240101e+06   1.2513686e+06   1.1294467e+07   3.2632275e+06
   8.6584577e+06   9.4347211e+05   2.0384305e+06   1.8112883e+06   1.2496951e+07   3.1549544e+06   6.9324013e+05   1.1631056e+06   2.6905258e+06   3.7465814e+06   7.0877133e+06   4.5258346e+05   4.1063647e+06   1.0778583e+06   3.1317159e+06   2.6127935e+06   2.4471257e+06   5.3510292e+06   1.0428024e+06   7.2616466e+05   7.4176200e+06   2.7720220e+06   3.1837518e+06   6.1599209e+05   3.3734212e+06   2.4706976e+06   5.8808338e+05   6.6361811e+05   2.5392096e+06   7.9296121e+05
   1.7114062e+06   7.2988339e+05   7.1456331e+05   1.4776386e+05   2.5660369e+06   1.2806843e+06   2.7893071e+05   6.5766641e+05   9.1529197e+05   1.3398048e+06   2.1126676e+06   7.4815260e+04   6.0776655e+05   3.4457362e+05   2.9794844e+05   9.1439987e+05   1.8284310e+06   3.6031901e+05   5.3717978e+05   5.4822892e+05   2.3049892e+06   1.1994752e+06   2.0384769e+06   4.8720292e+05   1.5424284e+06   6.2393125e+05   2.1628133e+05   6.2887182e+05   9.1121689e+05   2.5172498e+05
   2.5123965e+05   4.6493826e+05   4.4599854e+05   2.7874667e+04   3.3705795e+05   1.3454196e+05   1.6547923e+05   2.6947755e+05   3.8868088e+05   2.8975330e+05   5.3754377e+05   3.4662809e+04   5.7613822e+04   1.2570214e+05   1.0707368e+05   3.0879726e+05   3.0114781e+05   1.3398361e+05   7.3610081e+04   4.0472752e+05   5.3530822e+05   4.9904729e+04   6.9982562e+05   2.3682688e+05   5.5243868e+05   3.1703173e+05   1.3488090e+05   4.9162773e+05   5.0367693e+05   8.1660027e+04
   3.7742181e+04   4.5686203e+04   1.2136239e+05   1.1030067e+04   4.4781715e+04   3.2980421e+03   7.4129332e+03   4.2607847e+04   4.1385759e+04   5.7353206e+04   4.9998776e+04   1.2529950e+04   1.8334692e+04   5.1700453e+04   4.4336615e+04   1.8815488e+04   4.8708464e+04   5.8327493e+04   1.8130763e+04   2.4895853e+04   1.4378581e+05   2.9517757e+04   1.0093594e+05   5.1357617e+04   3.5320543e+04   3.2232387e+04   7.3006420e+04   1.5796540e+04   1.3445388e+04   1.7148743e+04
   7.7929136e+02   1.4582712e+03   1.4667251e+03   1.3452270e+03   2.2252289e+03   1.5488355e+03   2.1846739e+03   9.7127024e+02   1.2022091e+03   3.6133918e+03   1.4038169e+03   1.9778414e+03   1.0715426e+03   1.3661274e+03   1.0818589e+03   2.0813345e+03   1.3927064e+03   1.7882560e+03   1.8588331e+03   7.3742813e+02   7.7454747e+02   1.6971477e+03   2.4433561e+03   1.7888737e+03   1.5707217e+03   1.1645731e+03   3.0855168e+03   1.0542842e+03   2.1736595e+03   2.4294374e+03
   5.8626310e+02   1.3363963e+03   1.1168959e+03   1.1305195e+03   9.5591441e+02   1.0652737e+03   1.1752172e+03   8.7107637e+02   1.1379378e+03   1.6857506e+03   1.1373928e+03   1.8501519e+03   9.5608208e+02   1.1335922e+03   7.8040209e+02   1.5001459e+03   1.0308822e+03   1.4098619e+03   8.6179954e+02   3.9308188e+02   5.4367343e+02   1.4927733e+03   1.8590887e+03   1.5342328e+03   8.5031965e+02   1.0053105e+03   1.3745402e+03   7.6116049e+02   1.4339110e+03   1.6700072e+03
   5.8481431e+02   1.2405202e+03   1.1167746e+03   6.5042061e+02   6.8022348e+02   1.0640873e+03   1.1410474e+03   6.0008479e+02   1.1378967e+03   9.7839261e+02   6.0224793e+02   8.4527795e+02   9.0715031e+02   7.4517205e+02   7.7979070e+02   1.0779481e+03   6.6047878e+02   5.1050430e+02   6.4731037e+02   3.9212002e+02   5.4345759e+02   1.1562923e+03   1.8590518e+03   1.4360213e+03   8.4164577e+02   1.0053040e+03   1.2138780e+03   3.9662529e+02   1.5553107e+02   8.3204225e+02
   1.7036980e+02   2.0204157e+02   2.8423938e+02   3.8015156e+02   3.9734949e+02   3.4844850e+02   3.8023967e+02   3.2839799e+02   3.8554756e+02   3.8406835e+02   5.5039851e+02   4.3100765e+02   1.7398143e+02   3.2529994e+02   2.3506637e+02   3.4254781e+02   1.6762917e+02   4.8935458e+02   1.7325372e+02   2.4681719e+02   1.6017793e+02   3.6199069e+02   1.6413588e+02   2.2244186e+02   5.1890249e+02   3.1087274e+02   2.4297739e+02   1.6703857e+02   1.5373713e+02   2.2985148e+02
