   2.4900099e+09   8.8111977e+08   2.7206390e+09   3.2078185e+09   1.4711671e+10   2.0452116e+06   7.6089084e+06   1.1750569e+06   3.2438464e+06   5.3932507e+07   7.9927306e+08   2.6478570e+08   3.9743627e+09   4.0305227e+07   8.2671084e+09   4.3558833e+09   6.7789230e+09   1.8382525e+09   7.7099230e+08   1.7597256e+09   1.4426791e+06   1.0172161e+08   4.8663871e+09   9.3816397e+08   9.6472760e+09   3.1104997e+09   4.7099138e+07   4.1240614e+09   1.1445877e+10   3.0980935e+09
   2.2318942e+09   8.8111977e+08   3.8803380e+08   8.0302439e+08   4.2213882e+09   2.0452116e+06   7.6089084e+06   1.1750569e+06   3.2438464e+06   5.3932507e+07   7.9927306e+08   1.1422507e+08   3.9743627e+09   4.0305227e+07   8.3525798e+08   2.6775892e+08   5.0966150e+08   1.4247385e+08   7.7099230e+08   1.7597256e+09   1.4426791e+06   1.0172161e+08   3.3217238e+09   9.3816397e+08   9.6472760e+09   3.1104997e+09   3.4491695e+07   4.1240614e+09   2.0717354e+07   3.7441691e+08
   2.2318942e+09   8.8111977e+08   4.3673930e+06   8.0302439e+08   6.0150171e+08   2.0452116e+06   7.6089084e+06   1.1750569e+06   3.2438464e+06   5.0038271e+07   9.7293174e+07   1.1422507e+08   2.7679607e+07   2.7420853e+06   3.5648176e+06   1.7962118e+08   3.6558542e+07   1.4247385e+08   2.8501859e+07   1.2662895e+07   1.4426791e+06   1.0172161e+08   3.3217238e+09   1.7791509e+08   5.8978840e+08   8.1185065e+08   1.0849762e+07   4.1240614e+09   2.0717354e+07   1.8245823e+06
   1.2479664e+07   8.8111977e+08   4.3673930e+06   1.7273670e+07   3.8624470e+06   2.0452116e+06   5.8401906e+05   4.4679921e+05   1.2247594e+06   5.0038271e+07   2.0198194e+07   9.0478925e+05   2.7679607e+07   7.8574645e+04   3.5648176e+06   1.2933577e+07   3.6558542e+07   4.5429437e+06   4.2228367e+06   3.7745384e+05   1.4426791e+06   4.2942443e+06   4.6814978e+07   2.0695364e+07   4.6403174e+07   1.9953528e+06   6.9508511e+06   1.3885078e+07   2.0717354e+07   1.1413226e+06
   4.3961308e+06   8.2030868e+07   1.2155341e+06   1.6884685e+07   3.8624470e+06   6.5812718e+05   5.8401906e+05   3.4914033e+05   1.2247594e+06   3.6446739e+04   5.4520273e+06   9.0478925e+05   7.2451620e+06   7.8574645e+04   3.1065422e+06   5.3477913e+06   6.9030853e+06   4.1247153e+06   2.4462450e+06   4.9075443e+04   1.2424453e+05   1.1503282e+06   1.3979058e+07   1.8690859e+06   4.6403174e+07   1.9953528e+06   4.9300124e+05   1.3885078e+07   2.0717354e+07   1.1413226e+06
   1.1762128e+06   8.2030868e+07   8.0256362e+05   8.0730860e+05   1.3023178e+05   1.1195711e+05   5.8401906e+05   3.4914033e+05   1.0281365e+05   3.6446739e+04   5.4520273e+06   4.3628224e+05   3.4643175e+06   1.5077799e+04   5.2765795e+05   3.4000318e+06   1.0495360e+06   3.6649892e+05   1.5039216e+06   2.2471516e+04   6.9878040e+04   8.2650388e+05   2.4984227e+06   1.0116334e+06   7.8710286e+05   1.5363979e+06   5.3464918e+04   7.6320057e+05   3.3153075e+06   9.3693549e+05
   2.5608977e+05   1.9973161e+06   2.9274821e+04   8.0730860e+05   1.3023178e+05   1.1195711e+05   5.8401906e+05   6.5179537e+04   1.5274453e+04   3.6446739e+04   3.6495096e+06   6.3520161e+04   3.4643175e+06   1.4031235e+04   5.2765795e+05   1.2013151e+06   1.0495360e+06   2.0154535e+05   1.0049526e+06   3.2889155e+03   6.7203187e+04   8.9490401e+04   1.3601301e+06   1.0019148e+06   7.8710286e+05   1.5363979e+06   5.3464918e+04   2.1230214e+05   3.5994263e+05   3.1191065e+05
   2.5608977e+05   1.7255359e+04   1.7176717e+04   2.2179548e+05   1.3023178e+05   4.9367038e+03   5.8401906e+05   1.9615526e+04   1.5274453e+04   3.6446739e+04   7.1109329e+05   6.3520161e+04   1.3769297e+06   1.2883736e+04   2.4350114e+05   4.3273841e+05   1.0495360e+06   1.1849332e+04   9.6388719e+04   3.2889155e+03   9.7760299e+03   8.9490401e+04   7.4931554e+05   5.5214829e+05   1.4200025e+05   8.2492406e+05   1.3631470e+04   1.2370987e+05   5.1245252e+04   9.2452348e+04
   3.9784812e+04   1.7255359e+04   1.6341081e+04   1.6022282e+04   3.3259993e+03   4.7632208e+03   9.1034352e+03   8.9824663e+03   1.1037693e+04   6.0222490e+03   6.1589539e+03   8.8368756e+03   4.0865454e+05   1.2883736e+04   6.1946626e+03   1.0755159e+04   1.5025357e+04   9.8328545e+03   1.4969718e+04   1.2737790e+03   9.7760299e+03   2.1410723e+03   9.3627291e+03   1.2538811e+04   1.5368749e+04   4.5187971e+04   1.5829353e+03   4.9182302e+03   5.1245252e+04   6.6181700e+03
   2.6198837e+03   1.3620079e+04   1.5224072e+04   1.3690029e+04   3.3259993e+03   1.0554955e+03   6.9632249e+03   8.7986721e+03   1.6200642e+03   5.6214959e+03   5.1806279e+03   7.5340524e+03   7.7361842e+03   1.1426540e+04   5.6877080e+03   8.7476177e+03   8.9463897e+03   8.8353816e+03   1.3639920e+04   1.0041893e+03   5.8200270e+03   1.1605749e+03   4.7384106e+03   1.0311843e+04   9.3474274e+03   5.0000151e+03   1.5434327e+03   3.7387391e+03   3.9451963e+03   6.3721986e+03
   1.1785746e+03   1.3162694e+04   2.3342347e+02   4.7411165e+03   2.0031607e+03   5.9718006e+02   1.1333820e+03   4.4929669e+03   7.8475851e+02   2.1123316e+02   1.0011256e+03   2.8025185e+03   3.2626028e+03   1.5404288e+03   2.8829146e+02   9.9095962e+02   3.1723696e+03   3.7603342e+03   7.1530507e+02   7.4502424e+02   9.2079131e+02   7.8960873e+02   4.2220664e+03   7.1227380e+02   8.4890550e+03   4.6298487e+03   6.0184267e+02   3.0160399e+03   3.6054216e+03   9.2205964e+02
   2.3700450e+02   4.6304166e+03   9.5639815e+01   4.1399330e+02   2.1525115e+02   5.0177307e+02   4.9465614e+02   9.2187438e+02   2.6881272e+02   1.5824009e+02   3.4945037e+02   6.0191267e+02   3.8934911e+02   5.9918392e+02   1.7690751e+02   6.1101971e+02   2.3194391e+02   6.0935495e+02   4.1377883e+02   5.8827493e+02   6.0681255e+02   6.2041176e+02   5.5692138e+02   5.5065310e+02   6.3900557e+02   2.3229173e+02   2.5849958e+02   6.4907031e+02   6.8736210e+02   4.7354335e+02
   1.6736603e+02   4.6332879e+02   2.9858644e+01   3.3081202e+02   1.3493999e+02   1.1750768e+02   1.2666161e+02   5.2511482e+02   2.4723257e+02   1.4153654e+02   2.7365505e+02   5.0834704e+02   2.7634275e+02   2.5829575e+02   4.4208110e+01   5.6010544e+02   1.2484425e+02   1.6378459e+02   3.8758750e+02   5.7937587e+02   5.7799444e+02   5.5538786e+02   3.4974683e+02   2.9910573e+02   4.7893765e+02   1.0260040e+02   2.3911063e+02   4.9213114e+02   4.8875110e+02   4.6078740e+02
   1.4982420e+02   2.3716352e+02   2.9858644e+01   2.9763165e+02   7.4130384e+01   1.1750768e+02   1.2666161e+02   4.6133005e+02   2.4709283e+02   1.4086334e+02   2.7365505e+02   4.1709043e+02   1.9654246e+02   5.6981799e+01   4.4208110e+01   3.2420802e+02   1.2483150e+02   3.5233130e+01   2.0543324e+02   2.7006301e+02   5.3276020e+02   2.7422152e+02   2.5386750e+01   1.0665279e+02   4.3835332e+02   8.9580423e+01   2.3911063e+02   3.5041168e+02   4.6510207e+02   1.5779476e+02
   3.3862763e+01   1.5809386e+02   2.9858644e+01   1.4662013e+02   7.4130384e+01   1.1750768e+02   1.2666161e+02   1.7683137e+01   4.1310822e+01   6.5611335e+01   2.7365505e+02   8.7491433e+01   3.1286398e+01   5.6981799e+01   4.4208110e+01   3.2420802e+02   8.4571036e+01   3.5233130e+01   2.0543324e+02   2.7006301e+02   5.3276020e+02   2.6568010e+02   2.3485620e+01   6.1651272e+01   4.9094235e+01   6.5540623e+01   9.1807582e+01   2.4010392e+02   1.4020571e+02   1.5779476e+02
   3.3862763e+01   7.3298231e+01   2.9858644e+01   5.5241073e+01   7.4130384e+01   8.4246430e+01   8.6493682e+01   1.7683137e+01   4.1310822e+01   6.5611335e+01   6.9337533e+01   8.7491433e+01   3.1286398e+01   5.6981799e+01   4.4208110e+01   1.0775967e+02   8.4571036e+01   3.5233130e+01   2.0543324e+02   1.0465946e+02   4.0054928e+01   2.6568010e+02   2.3485620e+01   4.4259465e+01   3.9282913e+01   6.5540623e+01   7.6335849e+01   2.4010392e+02   3.3870335e+01   3.1239926e+01
