   8.3489021e+10   9.3141631e+10   7.9373218e+10   7.0750249e+10   6.8355046e+10   9.6007940e+10   1.0189246e+11   7.2611308e+10   1.2771897e+11   1.2007828e+11   1.1607982e+11   7.4019793e+10   3.5200449e+10   7.6535690e+10   6.6637082e+10   6.8346232e+10   1.1352969e+11   7.4926111e+10   9.7520519e+10   1.2852952e+11   9.5235362e+10   1.4943271e+11   1.1735906e+11   6.9483631e+10   6.0908062e+10   1.2092515e+11   7.8525201e+10   1.0696090e+11   1.1740344e+11   6.6963238e+10
   8.3489021e+10   9.3141631e+10   7.9373218e+10   7.0750249e+10   6.8355046e+10   9.6007940e+10   1.0189246e+11   7.2611308e+10   1.2771897e+11   1.2007828e+11   1.1607982e+11   7.4019793e+10   3.5200449e+10   7.6535690e+10   6.6637082e+10   6.8346232e+10   1.1352969e+11   7.4926111e+10   9.7520519e+10   1.2852952e+11   9.5235362e+10   1.4943271e+11   1.1735906e+11   6.9483631e+10   6.0908062e+10   1.2092515e+11   7.8525201e+10   1.0696090e+11   1.1740344e+11   6.6963238e+10
   8.3489021e+10   9.3141631e+10   7.9373218e+10   7.0750249e+10   6.8355046e+10   9.6007940e+10   1.0189246e+11   7.2611308e+10   1.2771897e+11   1.2007828e+11   1.1607982e+11   7.4019793e+10   3.5200449e+10   7.6535690e+10   6.6637082e+10   6.8346232e+10   1.1352969e+11   7.4926111e+10   9.7520519e+10   1.2852952e+11   9.5235362e+10   1.4943271e+11   1.1735906e+11   6.9483631e+10   6.0908062e+10   1.2092515e+11   7.8525201e+10   1.0696090e+11   1.1740344e+11   6.6963238e+10
   8.3489021e+10   9.3141631e+10   7.9373218e+10   7.0750249e+10   6.8355046e+10   9.6007940e+10   1.0189246e+11   7.2611308e+10   1.2771897e+11   1.2007828e+11   1.1607982e+11   7.4019793e+10   3.5200449e+10   7.6535690e+10   6.6637082e+10   6.8346232e+10   1.1352969e+11   7.4926111e+10   9.7520519e+10   1.2852952e+11   9.5235362e+10   1.4943271e+11   1.1735906e+11   6.9483631e+10   6.0908062e+10   1.2092515e+11   7.8525201e+10   1.0696090e+11   1.1740344e+11   6.6963238e+10
   8.3489021e+10   9.3141631e+10   7.9373218e+10   7.0750249e+10   6.8355046e+10   8.3333258e+10   1.0189246e+11   5.9293740e+10   1.2771897e+11   1.2007828e+11   1.1607982e+11   7.4019793e+10   3.5200449e+10   7.6535690e+10   6.6637082e+10   6.8346232e+10   1.1352969e+11   7.4926111e+10   9.4446937e+10   1.2852952e+11   9.2534398e+10   1.4943271e+11   1.1735906e+11   6.9483631e+10   6.0908062e+10   1.2092515e+11   7.8525201e+10   1.0696090e+11   1.1740344e+11   6.6571595e+10
   4.3765366e+10   6.1758860e+10   5.0813164e+10   3.6499558e+10   4.7115951e+10   5.8724152e+10   7.9380830e+10   4.4577319e+10   7.9286140e+10   6.1229627e+10   6.0727504e+10   5.0881014e+10   1.5580367e+10   5.1720062e+10   4.3306655e+10   4.1237251e+10   7.3799926e+10   4.3788994e+10   6.0012940e+10   1.2365336e+11   4.7281150e+10   8.2706729e+10   6.0674308e+10   4.9173476e+10   4.4674262e+10   8.9036662e+10   6.1955506e+10   5.5180022e+10   7.8371617e+10   4.0732031e+10
   2.4931266e+10   4.0866583e+10   3.5984019e+10   3.0616301e+10   2.1965578e+10   5.0679477e+10   5.1812974e+10   2.1231098e+10   5.2721632e+10   5.5427442e+10   3.8866515e+10   3.5505799e+10   1.0641757e+10   2.8539602e+10   2.8371368e+10   2.6213552e+10   4.0631523e+10   3.2908916e+10   4.6549115e+10   6.4704993e+10   4.2137701e+10   5.5434089e+10   4.3724154e+10   2.4834712e+10   3.3854554e+10   6.1042740e+10   3.7781002e+10   4.1101662e+10   7.4018795e+10   3.0194938e+10
   1.2975909e+10   1.7027002e+10   2.1096602e+10   7.0221969e+09   9.7361910e+09   2.7384753e+10   2.4831808e+10   5.5498230e+09   1.7205921e+10   2.0687940e+10   1.4144570e+10   1.8323252e+10   3.3515584e+09   9.0903978e+09   1.3962976e+10   1.4892042e+10   1.7086569e+10   1.8143237e+10   2.2272368e+10   3.5736200e+10   1.3095021e+10   2.0170840e+10   2.0914782e+10   9.3699861e+09   1.7034136e+10   2.9382338e+10   1.7123755e+10   2.2671961e+10   2.5747207e+10   6.1371127e+09
   2.6163746e+08   5.0743579e+08   1.0417721e+09   2.7403681e+08   1.5822913e+08   6.8193099e+09   5.2889457e+09   2.6331072e+08   2.0573907e+09   1.0884589e+09   1.5457665e+09   9.9235575e+08   4.1931811e+07   3.0496483e+08   7.8841226e+08   9.1000373e+08   1.0499673e+09   4.0217823e+08   9.7188023e+08   6.7491684e+09   7.2954691e+08   2.4066112e+09   6.9187672e+08   1.4311025e+08   5.6132164e+08   8.8513718e+09   6.7890333e+08   6.4398306e+08   2.4417566e+09   1.5725408e+09
   5.3317340e+05   6.1314494e+05   1.1777972e+06   7.4331745e+05   1.7540500e+05   3.8854719e+07   1.1053255e+07   6.1566182e+05   1.5107027e+06   1.2611556e+06   1.3273914e+06   5.3624708e+05   4.5382564e+04   2.7613056e+05   1.6250945e+06   5.6419848e+05   1.6524337e+06   7.5965738e+05   4.5556248e+06   3.7864951e+07   1.2711090e+06   2.2154664e+06   1.0605368e+06   2.8345342e+05   1.0883655e+06   8.8781504e+07   9.1514682e+05   9.2000963e+05   4.6441806e+06   3.1369745e+06
   7.9897701e+03   4.8632891e+03   1.3773117e+04   1.7601834e+03   1.0906034e+04   1.0665791e+04   1.6528547e+03   1.1086885e+04   1.6537435e+03   8.6337903e+03   3.7376741e+03   2.3102642e+02   1.6062644e+03   2.2403257e+03   1.6726701e+04   6.1237098e+02   2.8768896e+03   7.9799375e+03   3.4474859e+03   4.5219180e+03   1.5606883e+03   6.8109889e+03   5.5125119e+03   2.1060640e+03   5.0178217e+03   5.4457222e+03   4.3990576e+02   2.0742242e+03   4.7166289e+03   3.9510703e+01
   7.9886928e+03   4.8597067e+03   1.3759897e+04   1.7551117e+03   1.0901306e+04   1.0103960e+04   1.4978648e+03   1.1077728e+04   1.6104002e+03   8.6302426e+03   3.7257300e+03   2.2265415e+02   1.6050472e+03   2.2379237e+03   1.6673233e+04   6.0753769e+02   2.8396866e+03   7.9688088e+03   3.4077206e+03   3.5412201e+03   1.5440853e+03   6.7922775e+03   5.5083001e+03   2.1052062e+03   5.0025117e+03   4.6055357e+03   4.2585426e+02   2.0707480e+03   4.5450861e+03   1.9125148e+01
   7.9170196e+03   4.8099914e+03   1.3688043e+04   1.7438561e+03   1.0812648e+04   1.0028170e+04   1.4907707e+03   1.0951745e+04   1.5884956e+03   8.5587048e+03   3.6995410e+03   2.2118089e+02   1.5931174e+03   2.2221574e+03   1.6561683e+04   6.0445241e+02   2.8202795e+03   7.9223023e+03   3.3906859e+03   3.5235093e+03   1.5311708e+03   6.7444149e+03   5.4505892e+03   2.0297074e+03   4.9625038e+03   4.5463346e+03   4.2260278e+02   2.0459401e+03   4.5143966e+03   1.9030123e+01
   5.7913155e-06   1.2852956e-04   9.5179469e-02   5.0298345e-05   3.5765617e-03   8.6487033e-05   5.9300166e-04   2.4962530e-05   2.6900785e-06   4.3872447e-05   1.6450782e-03   1.0710524e-04   5.2240049e-04   1.3659161e-04   5.4152653e-03   1.2591414e-04   2.4911355e-04   3.3836661e-03   4.8757586e-02   4.4692105e-03   4.3422660e-06   3.0583397e-03   1.0104980e-03   5.6459545e-08   3.4689836e-03   1.0582081e-04   9.0057992e-06   2.8024693e-06   1.3590590e-03   2.6252181e-04
   4.0075237e-08   4.7655248e-08   5.5576218e-08   2.6945549e-08   3.3937047e-08   4.7949919e-08   3.4576725e-08   2.7927098e-08   5.5124746e-08   4.4350917e-08   1.4922738e-08   4.2852084e-08   3.6044936e-08   3.3242208e-08   6.0435622e-08   2.0375997e-08   2.3634891e-08   3.2751916e-08   3.8515113e-08   4.0110632e-08   4.1152031e-08   3.2930800e-08   4.2610909e-08   5.0420725e-08   7.6053868e-08   3.2371380e-08   5.6539060e-08   5.8497093e-08   4.0495210e-08   4.3435168e-08
   2.1576612e-08   1.7098550e-08   1.6865323e-08   7.3408547e-09   1.6665350e-08   1.5664325e-08   1.7512849e-08   2.3473161e-08   1.5501550e-08   1.4916796e-08   1.4568760e-08   7.5680162e-09   1.1828676e-08   1.9851945e-08   1.3679500e-08   1.5824953e-08   2.0089105e-08   2.2662053e-08   1.1754125e-08   1.8586100e-08   2.3414280e-08   9.3044107e-09   1.8928548e-08   1.5537895e-08   7.7439351e-09   1.7908091e-08   1.9934837e-08   1.6160357e-08   1.9862457e-08   1.1165405e-08
