   7.4950014e+02   1.1502913e+03   1.2130061e+03   1.9287889e+03   1.5772244e+03   5.9100825e+02   2.9761502e+03   1.0334331e+03   7.5834120e+02   1.3123596e+03   1.7868398e+03   1.0157694e+03   1.8022623e+03   1.5609228e+03   9.6378983e+02   1.6414700e+03   1.2669587e+03   1.3696943e+03   1.8266795e+03   9.8386907e+02   8.5037965e+02   1.3066779e+03   1.6322992e+03   1.5272317e+03   1.6252955e+03   1.2292982e+03   6.1873063e+02   1.1964027e+03   9.8460058e+02   1.8814257e+03
   7.4950014e+02   7.1476854e+02   7.4389436e+02   1.3685273e+03   9.3961243e+02   5.9100825e+02   1.9040417e+03   1.0334331e+03   6.9755861e+02   7.5826813e+02   1.7868398e+03   1.0157694e+03   1.8022623e+03   8.2014147e+02   9.6378983e+02   1.3395576e+03   1.1274686e+03   7.7878441e+02   1.3043418e+03   8.8205364e+02   8.5037965e+02   1.3066779e+03   9.4170984e+02   1.2116805e+03   1.6252955e+03   1.0026407e+03   6.1873063e+02   1.1432608e+03   7.0586178e+02   1.8814257e+03
   7.4950014e+02   7.1476854e+02   6.2459203e+02   9.3080073e+02   9.3961243e+02   4.9939944e+02   1.0703938e+03   7.5561404e+02   4.5045470e+02   7.5826813e+02   1.7868398e+03   1.0157694e+03   1.3885435e+03   8.2014147e+02   9.6378983e+02   5.5642194e+02   6.4132509e+02   7.2076879e+02   1.3043418e+03   8.4859827e+02   8.5037965e+02   1.3066779e+03   9.4170984e+02   1.0218699e+03   1.0127939e+03   1.0026407e+03   4.9313042e+02   5.9510883e+02   6.3513571e+02   1.2495768e+03
   5.5790140e+02   5.0983345e+02   6.2459203e+02   9.3080073e+02   6.8209756e+02   4.7910181e+02   5.9155804e+02   7.2458141e+02   4.5045470e+02   7.5826813e+02   1.0649232e+03   7.3417204e+02   8.3585048e+02   4.8849481e+02   7.3294589e+02   5.5642194e+02   5.6793794e+02   7.2076879e+02   7.5005666e+02   8.1371192e+02   7.3500829e+02   7.3410031e+02   5.2309981e+02   6.0317708e+02   7.9240616e+02   9.1716832e+02   4.7159982e+02   4.7703951e+02   6.3513571e+02   6.4308008e+02
   4.8609925e+02   5.0983345e+02   5.3365109e+02   8.2442382e+02   5.5494231e+02   4.4699783e+02   5.9155804e+02   4.2978631e+02   4.5045470e+02   6.3041388e+02   9.7089216e+02   6.2661524e+02   5.5003105e+02   4.8849481e+02   5.8866107e+02   5.5642194e+02   5.6793794e+02   7.0680080e+02   5.0449562e+02   5.6498084e+02   5.0098017e+02   6.7401947e+02   5.1338297e+02   5.3374856e+02   4.8759708e+02   5.3286105e+02   4.7159982e+02   4.7703951e+02   5.4530038e+02   6.4308008e+02
   3.9685255e+02   4.7708413e+02   5.0548773e+02   4.7362783e+02   5.0514891e+02   4.4699783e+02   3.8396673e+02   4.2978631e+02   4.3059548e+02   5.3241298e+02   6.3436685e+02   4.8891966e+02   4.9527648e+02   4.8849481e+02   5.6933404e+02   5.1309612e+02   5.6041481e+02   4.4883148e+02   4.0096622e+02   5.2544310e+02   4.5604877e+02   4.8954084e+02   4.4236357e+02   3.0778505e+02   4.4919122e+02   4.9563964e+02   4.4330880e+02   4.4420143e+02   5.4530038e+02   5.8827243e+02
   3.9685255e+02   4.7708413e+02   4.0563821e+02   4.5611236e+02   4.0227227e+02   4.4699783e+02   3.8396673e+02   3.1488505e+02   4.0384182e+02   4.6320538e+02   5.8011981e+02   4.5386172e+02   4.4851470e+02   4.5175245e+02   4.9320350e+02   4.6026172e+02   4.9485703e+02   4.1744333e+02   2.1969292e+02   4.1219022e+02   4.5604877e+02   3.8053531e+02   4.0133209e+02   1.7358356e+02   4.2091540e+02   4.0544682e+02   3.9594276e+02   4.2549287e+02   4.5939926e+02   5.0128869e+02
   3.7785981e+02   4.7708413e+02   3.8310835e+02   3.8002557e+02   4.0227227e+02   4.3475228e+02   3.8396673e+02   1.8061341e+02   4.0384182e+02   4.1111800e+02   4.4472359e+02   4.5205366e+02   3.8262510e+02   4.3171731e+02   4.2312371e+02   4.2032641e+02   3.8880472e+02   4.1223292e+02   2.1099326e+02   4.0482668e+02   4.3268304e+02   3.8053531e+02   4.0133209e+02   1.1037338e+02   3.7461697e+02   4.0544682e+02   3.9594276e+02   4.1036472e+02   4.5939926e+02   4.5298019e+02
   3.7785981e+02   4.0137060e+02   3.8120078e+02   3.6908204e+02   4.0227227e+02   3.8914001e+02   3.8396673e+02   1.3083795e+02   3.8147070e+02   3.5998723e+02   4.1906738e+02   4.5205366e+02   3.6310096e+02   4.3171731e+02   3.8353430e+02   3.9408265e+02   3.7645223e+02   3.8710718e+02   2.0896095e+02   3.8098844e+02   4.2580074e+02   3.8053531e+02   4.0133209e+02   1.0048581e+02   3.7461697e+02   4.0544682e+02   3.9002510e+02   4.0755470e+02   3.9404496e+02   4.1280160e+02
   3.7785981e+02   3.3137651e+02   3.6606918e+02   3.6908204e+02   3.7461104e+02   3.7106992e+02   3.8396673e+02   1.0098969e+02   3.8147070e+02   3.5998723e+02   3.6726183e+02   3.9189313e+02   3.5920810e+02   4.0761732e+02   3.3675077e+02   3.4456078e+02   3.3497822e+02   3.7805588e+02   2.0049852e+02   3.7272417e+02   4.2580074e+02   3.7825486e+02   3.9715221e+02   1.0000118e+02   3.7461697e+02   3.6944210e+02   3.9002510e+02   4.0040659e+02   3.8001790e+02   4.0352961e+02
   3.7785981e+02   3.2520455e+02   3.6606918e+02   3.3149775e+02   3.7461104e+02   3.7106992e+02   3.8396673e+02   1.0002647e+02   3.8147070e+02   3.3088849e+02   3.4977388e+02   3.3397829e+02   3.5920810e+02   3.7681610e+02   3.3639626e+02   3.3770401e+02   3.3158068e+02   3.7220783e+02   2.0045903e+02   3.3321353e+02   3.8769582e+02   3.7522382e+02   3.9715221e+02   1.0000000e+02   3.3057584e+02   3.6944210e+02   3.9002510e+02   3.9423933e+02   3.7106567e+02   4.0352961e+02
   3.5228526e+02   3.2520455e+02   3.3366920e+02   3.3149695e+02   3.7369441e+02   3.7106992e+02   3.8396673e+02   1.0000000e+02   3.8147070e+02   3.3075261e+02   3.3384688e+02   3.3384688e+02   3.5920810e+02   3.3896230e+02   3.3639626e+02   3.3770401e+02   3.3158068e+02   3.7155034e+02   2.0045903e+02   3.3321347e+02   3.6392628e+02   3.7522382e+02   3.6918304e+02   1.0000000e+02   3.3057553e+02   3.6944210e+02   3.9002510e+02   3.6745920e+02   3.3328267e+02   3.7986955e+02
   3.5228526e+02   3.0840033e+02   3.3360193e+02   3.3149695e+02   3.7369441e+02   3.4214646e+02   3.8396673e+02   1.0000000e+02   3.2611238e+02   3.3075261e+02   3.3384688e+02   3.3384688e+02   3.5920810e+02   3.3895246e+02   3.3639626e+02   3.3770401e+02   3.3158068e+02   3.7155034e+02   2.0045903e+02   3.2953638e+02   3.6392628e+02   3.2797272e+02   3.1671534e+02   1.0000000e+02   3.3057553e+02   3.3847764e+02   3.9002510e+02   3.3474360e+02   3.3328261e+02   3.4162844e+02
   3.4058786e+02   3.0840033e+02   3.3360193e+02   3.3149695e+02   3.7194024e+02   3.3292645e+02   3.7513796e+02   1.0000000e+02   3.2611238e+02   3.3075261e+02   1.0008865e+02   3.2777067e+02   2.0000000e+02   3.3862629e+02   3.3254576e+02   3.3470452e+02   3.1312289e+02   3.2903363e+02   2.0045903e+02   3.2953638e+02   3.6392628e+02   3.2784841e+02   3.1671534e+02   1.0000000e+02   3.3057553e+02   3.3847764e+02   3.6919173e+02   3.2776926e+02   3.2903375e+02   3.4162222e+02
   3.2903365e+02   3.0840033e+02   2.0000000e+02   3.3149695e+02   3.3386594e+02   3.2903427e+02   3.2814169e+02   1.0000000e+02   3.2611238e+02   3.2903363e+02   1.0000000e+02   3.2776926e+02   2.0000000e+02   1.0000000e+02   1.0000000e+02   3.1865473e+02   3.1312289e+02   1.0000000e+02   2.0045903e+02   3.1261183e+02   3.2966939e+02   3.2784841e+02   2.8159722e+02   1.0000000e+02   3.2966939e+02   3.2966939e+02   3.3585967e+02   2.2646377e+02   3.2839309e+02   3.2803911e+02
   2.9428082e+02   2.1415528e+02   2.0000000e+02   3.2777253e+02   1.0000000e+02   1.0000000e+02   2.4386055e+02   1.0000000e+02   2.7450285e+02   3.2776926e+02   1.0000000e+02   1.0000000e+02   2.0000000e+02   1.0000000e+02   1.0000000e+02   2.5683654e+02   2.2348371e+02   1.0000000e+02   2.0045903e+02   2.4553305e+02   1.0000000e+02   2.9526112e+02   2.8159722e+02   1.0000000e+02   3.2776926e+02   3.0688596e+02   1.0000000e+02   2.2646377e+02   2.3116849e+02   2.3684811e+02
