   3.0254450e+03   4.3413369e+03   8.5874043e+03   8.4180732e+03   4.6538444e+03   5.0884578e+03   5.0376034e+03   5.4170360e+03   6.1753846e+03   1.5818785e+03   6.4623799e+03   2.2625610e+03   6.2308628e+03   4.6466724e+03   1.8220404e+03   6.1535483e+03   8.4989245e+03   6.4112451e+03   3.0419265e+03   3.4070354e+03   8.7704453e+03   1.9871444e+03   3.5889471e+03   4.0614937e+03   2.4337522e+03   3.8264282e+03   6.4419510e+03   3.4002169e+03   5.3874721e+03   5.7663344e+03
   3.0254450e+03   4.3413369e+03   8.5874043e+03   8.4180732e+03   4.6538444e+03   5.0884578e+03   5.0376034e+03   5.4170360e+03   6.1753846e+03   1.5818785e+03   6.4623799e+03   2.2625610e+03   6.2308628e+03   4.6466724e+03   1.8220404e+03   6.1535483e+03   8.4989245e+03   6.4112451e+03   3.0419265e+03   3.4070354e+03   8.7704453e+03   1.9871444e+03   3.5889471e+03   4.0614937e+03   2.4337522e+03   3.8264282e+03   6.4419510e+03   3.4002169e+03   5.3874721e+03   5.7663344e+03
   3.0254450e+03   4.3413369e+03   8.5874043e+03   8.4180732e+03   4.6538444e+03   5.0884578e+03   5.0376034e+03   5.4170360e+03   6.1753846e+03   1.5818785e+03   6.4623799e+03   2.2625610e+03   6.2308628e+03   2.1528904e+03   1.8220404e+03   6.1535483e+03   8.4989245e+03   3.4823094e+03   3.0419265e+03   3.4070354e+03   8.7704453e+03   1.9871444e+03   3.5889471e+03   4.0614937e+03   2.4337522e+03   3.8264282e+03   6.4419510e+03   3.4002169e+03   5.3874721e+03   5.7663344e+03
   3.0254450e+03   4.3413369e+03   8.5874043e+03   8.4180732e+03   3.2022242e+03   5.0884578e+03   1.8639644e+03   3.2063923e+03   3.0092560e+03   1.5818785e+03   6.2094012e+03   2.2625610e+03   3.5801815e+03   2.1528904e+03   1.8220404e+03   6.1535483e+03   8.4989245e+03   3.4823094e+03   2.9113587e+03   3.4070354e+03   8.0887293e+03   1.9871444e+03   3.5889471e+03   4.0614937e+03   2.4337522e+03   3.8264282e+03   6.4419510e+03   3.2250153e+03   5.3874721e+03   5.7663344e+03
   1.7121456e+03   1.7102585e+03   5.7544849e+03   2.6153583e+03   2.3148627e+03   1.7408851e+03   1.6879055e+03   2.2497820e+03   1.9693361e+03   1.5818785e+03   2.9396081e+03   2.2625610e+03   2.1563199e+03   1.5905885e+03   1.8220404e+03   2.6651374e+03   3.0494524e+03   2.4899509e+03   1.3079983e+03   2.2253365e+03   3.3286551e+03   1.4054558e+03   2.2902748e+03   1.9439525e+03   1.4766303e+03   1.9331080e+03   2.2828175e+03   1.5860624e+03   3.1659648e+03   2.6578655e+03
   1.7121456e+03   1.7102585e+03   2.6611018e+03   1.5448006e+03   1.6750930e+03   1.3900196e+03   1.6879055e+03   1.9545139e+03   1.9693361e+03   1.1446439e+03   1.2160731e+03   1.8252020e+03   1.4287103e+03   1.3909831e+03   1.1384910e+03   2.0243215e+03   1.9319616e+03   1.9227706e+03   1.3079983e+03   1.7432383e+03   1.9087639e+03   1.4054558e+03   1.8484536e+03   1.7169018e+03   1.4312290e+03   1.4677098e+03   2.2828175e+03   1.5172261e+03   1.3838499e+03   1.6676312e+03
   1.6499602e+03   1.4742982e+03   1.5547773e+03   1.0925607e+03   1.2114544e+03   8.3199636e+02   1.2753146e+03   1.1615387e+03   1.2237087e+03   1.1446439e+03   9.0894146e+02   1.8193514e+03   1.4046564e+03   1.3909831e+03   6.5019807e+02   1.2961340e+03   1.0566531e+03   1.0760752e+03   9.1905667e+02   1.4879537e+03   1.1736078e+03   9.7697003e+02   1.3871722e+03   7.8718413e+02   1.0959798e+03   1.0789688e+03   1.7439621e+03   8.3176890e+02   1.3838499e+03   1.4508743e+03
   9.4779886e+02   1.1780974e+03   1.2831758e+03   1.0502433e+03   9.6943191e+02   8.3199636e+02   1.2238880e+03   5.4391239e+02   7.7600092e+02   1.0234081e+03   7.7870679e+02   1.2029207e+03   9.9077858e+02   8.7157939e+02   6.5019807e+02   1.1163019e+03   3.1834761e+02   8.7495484e+02   6.8858578e+02   1.2140527e+03   9.3684440e+02   9.7697003e+02   1.1440589e+03   7.1512470e+02   4.9284524e+02   1.0789688e+03   1.3248529e+03   8.3176890e+02   1.0038530e+03   1.4467269e+03
   6.1934543e+02   1.5894038e+02   1.0278872e+03   1.0502433e+03   3.1884585e+02   5.5524992e+02   5.7080536e+02   3.8390036e+02   1.4948469e+02   5.9927164e+02   4.4075716e+02   6.3990394e+02   7.6187900e+02   2.8171487e+02   2.2301958e+02   9.5602202e+02   2.9278529e+01   3.8976004e+02   3.1105106e+02   9.6098443e+02   9.3684440e+02   6.9053297e+02   4.5760673e+02   5.2059631e+02   4.3420238e+02   6.9726991e+02   9.7168356e+02   8.3176890e+02   3.6112295e+02   5.1469325e+02
   2.6975306e+02   6.5974755e+01   5.2464339e+02   6.9172411e+02   4.7999387e+01   2.8807503e+02   2.9350159e+02   2.3537368e+02   1.4948469e+02   2.6947186e+02   3.2872397e+02   1.8828656e+02   3.1283176e+02   2.8171487e+02   2.2301958e+02   2.6309110e+02   1.7551720e+01   3.4686933e+02   1.6805618e+02   4.6575648e+02   8.9598495e+02   2.0220305e+02   4.2342915e+02   3.6035227e+02   2.4842145e+02   2.8973907e+02   4.1900354e+02   3.7476809e+02   4.5613073e+01   5.1469325e+02
   1.5345125e+02   2.3055146e+01   4.3302027e+02   2.7937807e+02   9.4880538e+00   2.4432844e+02   2.9350159e+02   2.3537368e+02   1.3537757e+02   2.5256758e+02   3.2872397e+02   4.5630999e+01   1.2144632e+02   6.8678035e+01   6.5739135e+01   4.9042301e+01   9.2178796e+00   1.7279027e+02   1.3337693e+01   3.5301518e+02   4.0529380e+02   2.0220305e+02   4.0765428e+02   2.7476578e+01   2.3219667e+02   2.8973907e+02   4.1900354e+02   5.8701006e+01   1.4974490e+01   5.1469325e+02
   5.2982956e+01   6.3463347e+00   1.8755369e+02   2.7535524e+02   4.4374052e+00   2.2231331e+02   4.0599786e+01   9.1670172e+01   1.3537757e+02   2.2456962e+02   3.2872397e+02   6.2575164e+00   1.2144632e+02   8.0986944e+00   1.3310154e+01   5.6244973e+00   4.3368029e+00   1.3871744e+01   6.9518623e+00   2.3418967e+01   3.3418153e+02   1.7606967e+01   3.6195476e+02   6.0740219e+00   2.2380813e+02   9.4898913e+00   5.8697594e+01   6.0446169e+00   5.1521797e+00   5.7350644e+01
   7.7014870e+00   6.3463347e+00   7.2000629e+00   2.7535524e+02   4.4374052e+00   1.1397790e+01   7.2532501e+00   5.9908925e+00   1.3537757e+02   2.2345569e+02   2.6833840e+02   3.7581464e+00   1.2144632e+02   8.0986944e+00   4.5839045e+00   4.7837205e+00   4.3368029e+00   4.9794900e+00   5.7356558e+00   6.5928573e+00   1.4382609e+02   1.1738480e+01   1.7968465e+02   6.0530275e+00   1.8671986e+02   6.2279514e+00   8.6479002e-01   5.6180487e+00   5.1521478e+00   6.7375505e+00
   3.8911760e+00   6.3463347e+00   7.2000629e+00   6.9161402e+00   4.4374052e+00   5.2567614e+00   7.2532501e+00   5.9907165e+00   7.0109280e+00   1.9444315e+02   1.1329065e+01   2.0632745e+00   7.9018039e+00   7.2612583e+00   4.5839045e+00   4.7837205e+00   4.3368029e+00   4.9794900e+00   5.7356322e+00   6.5928559e+00   7.3649912e+00   4.5259879e+00   6.5817047e+00   6.0530275e+00   1.8671986e+02   6.2279514e+00   8.6479002e-01   5.6180487e+00   5.1521478e+00   6.7361473e+00
   3.8908643e+00   6.3463347e+00   6.0077371e+00   5.6535845e+00   4.4374052e+00   5.2567614e+00   5.6523727e+00   4.2923664e+00   5.0623683e+00   4.0984475e+00   2.8895864e+00   1.7333940e+00   7.5676038e+00   7.2612583e+00   4.5839045e+00   1.8523694e+00   4.3368029e+00   4.9794900e+00   5.7356322e+00   4.9622061e+00   5.7054221e+00   4.5259879e+00   5.2453532e+00   6.0530275e+00   7.1096726e+00   6.0916703e+00   8.6479002e-01   5.6180487e+00   5.1287648e+00   6.2047759e+00
   3.8908643e+00   6.3463347e+00   1.2469356e+00   5.6535845e+00   1.0779592e+00   5.2567614e+00   4.6726190e+00   2.1181295e+00   5.0623683e+00   4.0984475e+00   8.1272336e-01   1.7333940e+00   7.5676038e+00   1.0952813e+00   4.5839045e+00   1.8523694e+00   1.2655959e+00   4.9794900e+00   8.7271596e-01   1.6416087e+00   5.7054221e+00   1.2765461e+00   4.0524993e+00   6.0530275e+00   1.3976717e+00   6.0916703e+00   8.6479002e-01   1.1949894e+00   5.1287648e+00   6.2047759e+00
