   3.4910709e+03   3.3909268e+03   2.9609999e+03   3.3078590e+03   2.7473407e+03   3.9242139e+03   3.2309895e+03   3.0014795e+03   3.1350873e+03   2.9175752e+03   3.3250685e+03   3.0255422e+03   3.7893757e+03   2.6488823e+03   3.1699885e+03   3.1251194e+03   3.4550813e+03   3.1259473e+03   4.0524325e+03   4.2744805e+03   2.8114712e+03   2.9460091e+03   2.7788784e+03   3.5929713e+03   3.9433194e+03   3.1714668e+03   1.2127671e+03   2.8795546e+03   2.8577691e+03   3.3978150e+03
   3.4910709e+03   3.3909268e+03   2.9609999e+03   3.3078590e+03   2.7473407e+03   3.9242139e+03   3.2309895e+03   3.0014795e+03   3.1350873e+03   2.9175752e+03   3.3250685e+03   3.0255422e+03   3.7893757e+03   2.6488823e+03   3.1699885e+03   3.1251194e+03   3.4550813e+03   3.1259473e+03   4.0524325e+03   4.2744805e+03   2.8114712e+03   2.9460091e+03   2.7788784e+03   3.5929713e+03   3.9433194e+03   3.1714668e+03   1.2127671e+03   2.8795546e+03   2.8577691e+03   3.3978150e+03
   3.3059016e+03   3.3909268e+03   2.9609999e+03   2.8893715e+03   2.7473407e+03   3.9242139e+03   2.0294540e+03   3.0014795e+03   3.1350873e+03   2.9175752e+03   3.3250685e+03   1.4062769e+03   3.6575418e+03   2.6488823e+03   3.1699885e+03   3.1251194e+03   3.4550813e+03   3.1259473e+03   4.0524325e+03   4.2744805e+03   2.8114712e+03   2.6069502e+03   1.9455147e+03   2.6751369e+03   3.9433194e+03   3.1714668e+03   1.1412049e+03   2.8795546e+03   2.8577691e+03   3.1148795e+03
   3.3059016e+03   3.3909268e+03   2.9609999e+03   2.8893715e+03   2.7473407e+03   3.9242139e+03   2.0294540e+03   3.0014795e+03   3.1350873e+03   2.9175752e+03   3.3250685e+03   1.4062769e+03   3.6575418e+03   2.6488823e+03   3.1699885e+03   3.1251194e+03   3.4550813e+03   3.1259473e+03   4.0524325e+03   4.2744805e+03   2.8114712e+03   2.6069502e+03   1.9455147e+03   2.6751369e+03   3.9433194e+03   3.1714668e+03   1.1412049e+03   2.8795546e+03   2.8577691e+03   3.1148795e+03
   2.5627740e+03   3.2166727e+03   2.9609999e+03   2.5788833e+03   2.7473407e+03   3.4251694e+03   1.4262190e+03   1.2126242e+03   2.9257628e+03   2.9175752e+03   3.2175643e+03   1.4062769e+03   2.8665362e+03   2.6488823e+03   2.9982568e+03   2.5456496e+03   3.0870979e+03   1.9656776e+03   3.0247183e+03   2.9674550e+03   2.8114712e+03   2.5788667e+03   8.5063094e+02   2.6751369e+03   2.6288230e+03   3.0618404e+03   9.0565781e+02   2.2607508e+03   2.8577691e+03   2.1417597e+03
   1.9525060e+03   1.5489285e+03   2.8535537e+03   2.5788833e+03   2.2416405e+03   3.0089315e+03   1.0195663e+03   1.0553310e+03   2.3963712e+03   2.9175752e+03   3.0101116e+03   1.4062769e+03   1.6787996e+03   1.9561285e+03   2.8438428e+03   2.0596105e+03   3.0870979e+03   1.8615825e+03   3.0247183e+03   1.5483235e+03   2.8114712e+03   1.2249302e+03   8.5063094e+02   2.6384515e+03   2.6288230e+03   3.0618404e+03   3.5611734e+02   2.0194907e+03   2.8577691e+03   9.9738962e+02
   1.0749262e+03   3.7905448e+02   1.1046976e+03   1.0525657e+03   2.0505140e+03   2.2404428e+03   3.5408270e+02   6.7960605e+02   2.3963712e+03   2.9175752e+03   1.6512059e+03   4.8616290e+02   5.4930883e+02   8.0110141e+02   2.8438428e+03   8.2125943e+02   2.8335597e+03   6.3482898e+02   1.6643465e+03   1.5483235e+03   2.6358073e+03   1.2249302e+03   5.1267990e+02   1.1887443e+03   2.5834251e+03   3.0618404e+03   2.2234428e+02   8.0775716e+02   1.5778421e+03   5.4717962e+02
   2.3851816e+02   3.4361414e+02   2.0682560e+02   8.4539455e+02   6.4863189e+02   5.8096277e+02   1.6097120e+02   4.0729580e+02   1.5487462e+03   2.6269990e+03   1.0477429e+03   1.9970753e+02   1.9901805e+02   3.1429029e+02   1.3522133e+03   3.2356861e+02   2.8335597e+03   5.0794135e+02   9.6632570e+02   1.0934496e+03   1.3715766e+03   8.5377111e+02   1.8549900e+02   9.2158833e+02   5.6589112e+02   1.5206704e+03   1.3187450e+02   3.7990216e+02   2.5031769e+02   1.4210345e+02
   1.4566310e+02   3.4361414e+02   1.2194793e+02   2.4552860e+02   2.5692427e+02   2.5975729e+02   1.1417063e+02   1.2568184e+02   1.5979596e+02   1.2775257e+03   3.1738400e+02   1.1734671e+02   1.1222037e+02   1.3283135e+02   4.4330437e+02   1.2663900e+02   4.0171179e+02   1.2932855e+02   4.5723384e+02   1.8419950e+02   3.3283059e+02   5.6636145e+02   1.1542308e+02   1.7209264e+02   1.5362524e+02   1.2621591e+03   1.1108072e+02   1.5505744e+02   1.2812609e+02   1.1417094e+02
   1.1456214e+02   1.2721429e+02   1.1024388e+02   1.1415053e+02   1.2473082e+02   1.1135164e+02   1.1101177e+02   1.1251770e+02   1.1141030e+02   1.6893516e+02   1.1923348e+02   1.0787977e+02   1.0657181e+02   1.1207715e+02   1.1415239e+02   1.1061751e+02   1.7927613e+02   1.1012945e+02   1.1532603e+02   1.1867801e+02   1.2242304e+02   1.1520313e+02   1.1210398e+02   1.1148445e+02   1.0935592e+02   1.8894885e+02   1.0839458e+02   1.1015398e+02   1.1267524e+02   1.0955869e+02
   1.0579273e+02   1.0946171e+02   1.0985665e+02   1.0808943e+02   1.0818084e+02   1.0088887e+02   1.0830902e+02   1.0909146e+02   1.0560258e+02   1.1411363e+02   1.0677686e+02   1.0396511e+02   1.0059789e+02   1.0728971e+02   1.0705459e+02   1.0015520e+02   1.1040492e+02   1.0033053e+02   1.0622042e+02   1.0839817e+02   1.0995704e+02   1.1023355e+02   1.0173562e+02   1.0115941e+02   1.0673915e+02   1.1187766e+02   1.0013153e+02   1.0786950e+02   1.0821157e+02   1.0822587e+02
   1.0000060e+02   1.0002293e+02   1.0000883e+02   1.0001011e+02   1.0128072e+02   1.0000074e+02   1.0216129e+02   1.0001780e+02   1.0000018e+02   1.0109683e+02   1.0000356e+02   1.0034475e+02   1.0000055e+02   1.0000266e+02   1.0029677e+02   1.0000003e+02   1.0000093e+02   1.0000010e+02   1.0000010e+02   1.0000180e+02   1.0000226e+02   1.0000085e+02   1.0039747e+02   1.0000004e+02   1.0001851e+02   1.0039158e+02   1.0000006e+02   1.0051930e+02   1.0096795e+02   1.0812555e+02
   1.0000000e+02   1.0000000e+02   1.0000000e+02   1.0000000e+02   1.0116863e+02   1.0000000e+02   1.0000000e+02   1.0000000e+02   1.0000000e+02   1.0000000e+02   1.0000000e+02   1.0034444e+02   1.0000000e+02   1.0000000e+02   1.0029016e+02   1.0000000e+02   1.0000000e+02   1.0000000e+02   1.0000000e+02   1.0000000e+02   1.0000000e+02   1.0000000e+02   1.0039747e+02   1.0000000e+02   1.0000000e+02   1.0028638e+02   1.0000000e+02   1.0000001e+02   1.0000000e+02   1.0000023e+02
   1.0000000e+02   1.0000000e+02   1.0000000e+02   1.0000000e+02   1.0000001e+02   1.0000000e+02   1.0000000e+02   1.0000000e+02   1.0000000e+02   1.0000000e+02   1.0000000e+02   1.0000001e+02   1.0000000e+02   1.0000000e+02   1.0000003e+02   1.0000000e+02   1.0000000e+02   1.0000000e+02   1.0000000e+02   1.0000000e+02   1.0000000e+02   1.0000000e+02   1.0000000e+02   1.0000000e+02   1.0000000e+02   1.0000001e+02   1.0000000e+02   1.0000000e+02   1.0000000e+02   1.0000000e+02
   1.0000000e+02   1.0000000e+02   1.0000000e+02   1.0000000e+02   1.0000000e+02   1.0000000e+02   1.0000000e+02   1.0000000e+02   1.0000000e+02   1.0000000e+02   1.0000000e+02   1.0000000e+02   1.0000000e+02   1.0000000e+02   1.0000000e+02   1.0000000e+02   1.0000000e+02   1.0000000e+02   8.2373059e+01   1.0000000e+02   1.0000000e+02   1.0000000e+02   1.0000000e+02   1.0000000e+02   1.0000000e+02   1.0000000e+02   1.0000000e+02   1.0000000e+02   1.0000000e+02   1.0000000e+02
   1.0000000e+02   1.0000000e+02   1.0000000e+02   1.0000000e+02   1.0000000e+02   1.0000000e+02   1.0000000e+02   1.0000000e+02   1.0000000e+02   1.0000000e+02   1.0000000e+02   1.0000000e+02   1.0000000e+02   1.0000000e+02   1.0000000e+02   1.0000000e+02   1.0000000e+02   1.0000000e+02   8.2373059e+01   1.0000000e+02   6.0557119e-08   1.0000000e+02   1.0000000e+02   1.0000000e+02   1.0000000e+02   1.0000000e+02   1.0000000e+02   1.0000000e+02   1.0000000e+02   1.0000000e+02
