   9.0678216e+10   8.0033163e+10   7.7832495e+10   6.9694812e+10   4.7320818e+10   8.9934401e+10   7.3484164e+10   1.1066912e+11   7.9767457e+10   5.4117125e+10   6.5511695e+10   5.9778724e+10   1.1127689e+11   6.6800500e+10   9.6147942e+10   4.3610194e+10   4.2343861e+10   1.1559988e+11   7.4255206e+10   6.9848497e+10   8.8036194e+10   8.3793811e+10   5.1036684e+10   8.5554500e+10   6.1526957e+10   6.8416302e+10   5.8397250e+10   5.1567818e+10   7.0926864e+10   7.3078524e+10
   9.0678216e+10   8.0033163e+10   7.7832495e+10   6.9694812e+10   4.7320818e+10   8.9934401e+10   7.3484164e+10   1.1066912e+11   7.9767457e+10   5.4117125e+10   6.5511695e+10   5.9778724e+10   1.1127689e+11   6.6800500e+10   9.6147942e+10   4.3610194e+10   4.2343861e+10   1.1559988e+11   7.4255206e+10   6.9848497e+10   8.8036194e+10   8.3793811e+10   5.1036684e+10   8.5554500e+10   6.1526957e+10   6.8416302e+10   5.8397250e+10   5.1567818e+10   7.0926864e+10   7.3078524e+10
   9.0678216e+10   8.0033163e+10   7.7832495e+10   6.9694812e+10   4.7320818e+10   8.9934401e+10   7.3484164e+10   1.1066912e+11   7.9767457e+10   5.4117125e+10   6.5511695e+10   5.9778724e+10   1.1127689e+11   6.6800500e+10   9.6147942e+10   4.3610194e+10   4.2343861e+10   1.1559988e+11   7.4255206e+10   6.9848497e+10   8.8036194e+10   8.3793811e+10   5.1036684e+10   8.5554500e+10   6.1526957e+10   6.8416302e+10   5.8397250e+10   5.1567818e+10   7.0926864e+10   7.3078524e+10
   9.0678216e+10   8.0033163e+10   7.7832495e+10   6.9694812e+10   4.7320818e+10   8.9934401e+10   7.3484164e+10   1.1066912e+11   7.9767457e+10   5.4117125e+10   6.5511695e+10   5.9778724e+10   1.1127689e+11   6.6800500e+10   9.6147942e+10   4.3610194e+10   4.2343861e+10   1.1559988e+11   7.4255206e+10   6.9848497e+10   8.8036194e+10   8.3793811e+10   5.1036684e+10   8.5554500e+10   6.1526957e+10   6.8416302e+10   5.8397250e+10   5.1567818e+10   7.0926864e+10   7.3078524e+10
   9.0678216e+10   6.0803673e+10   7.7832495e+10   6.9694812e+10   4.7320818e+10   8.9934401e+10   7.3484164e+10   1.1066912e+11   7.9767457e+10   5.4117125e+10   6.5511695e+10   5.5652887e+10   1.1127689e+11   6.6800500e+10   9.6147942e+10   4.3610194e+10   4.2343861e+10   7.1324896e+10   4.7533869e+10   6.9848497e+10   8.3409280e+10   8.3793811e+10   2.7566925e+10   8.5554500e+10   6.1526957e+10   6.8416302e+10   4.5010446e+10   3.6638019e+10   7.0926864e+10   7.3078524e+10
   4.6048900e+10   3.9732620e+10   5.2689453e+10   3.8355510e+10   2.5297112e+10   4.8975183e+10   3.8311308e+10   7.0667154e+10   3.7373022e+10   2.3204484e+10   4.4733910e+10   1.8689567e+10   5.8985765e+10   3.0388671e+10   5.7015946e+10   2.4280635e+10   2.8546159e+10   3.2047744e+10   4.1727587e+10   3.2409634e+10   4.4353827e+10   5.0221449e+10   2.1839762e+10   5.1985237e+10   4.1352400e+10   2.4616885e+10   2.9446040e+10   2.2820516e+10   4.7318759e+10   3.8414775e+10
   3.2859421e+10   2.6600179e+10   3.2140428e+10   2.4438035e+10   1.8303214e+10   2.4677168e+10   2.5668641e+10   3.3589227e+10   2.5692100e+10   1.2793173e+10   3.0317746e+10   1.6566148e+10   2.7500179e+10   2.3893202e+10   3.0573028e+10   1.2846336e+10   1.1516808e+10   2.1783917e+10   2.1763726e+10   2.2428783e+10   3.0116600e+10   3.9581681e+10   7.6540473e+09   3.2510509e+10   2.1567280e+10   1.8002616e+10   1.1654082e+10   1.0483329e+10   3.0450394e+10   2.1698857e+10
   8.5870677e+09   5.8034816e+09   1.2165253e+10   6.2033056e+09   4.3198205e+09   7.2347019e+09   1.1564421e+10   1.3122329e+10   7.5615058e+09   5.2450908e+09   1.5657133e+10   5.4341244e+09   1.4164637e+10   9.2858570e+09   1.2418501e+10   2.9598146e+09   2.7263652e+09   4.1849375e+09   7.7194513e+09   8.4409940e+09   1.4435719e+10   1.3448081e+10   2.2787621e+09   9.2102472e+09   7.5863654e+09   9.2147216e+09   2.6392476e+09   2.2356622e+09   9.3223779e+09   6.3309229e+09
   3.8287990e+08   1.4196728e+08   4.5999840e+08   2.3320059e+08   2.5849134e+08   6.0020366e+08   2.2994735e+08   3.8823765e+08   3.0243472e+08   1.1795872e+08   4.3696131e+08   3.9977591e+07   3.4633184e+08   1.5698465e+08   3.5561335e+08   1.7640990e+08   1.9712513e+08   1.9246901e+08   2.7697149e+08   2.5817524e+08   4.5545178e+08   1.4953935e+08   4.5502563e+07   4.2282603e+08   1.6517493e+08   5.2151036e+08   5.8794253e+07   5.7920528e+07   2.5024186e+08   3.4105125e+08
   1.9691738e+06   6.2119413e+05   2.7217802e+06   5.0736834e+05   9.2352114e+05   3.0850152e+06   7.9839004e+05   2.8361306e+06   6.2900337e+05   8.6390203e+05   1.7522849e+06   2.3265364e+05   8.8460189e+05   1.3344302e+06   1.7200022e+06   1.0350790e+06   5.0127859e+05   7.7298179e+05   1.5966612e+06   1.5421302e+06   1.9708339e+06   1.0542850e+06   1.2204284e+05   2.5882634e+06   5.0055920e+05   2.5595448e+06   4.8094484e+05   3.3149156e+05   3.8418692e+06   1.8426888e+06
   1.5251115e+03   1.1535147e+02   2.2276059e+02   1.5946897e+02   5.7170080e+02   2.2919827e+03   5.6148884e+03   1.4272723e+03   2.0730664e+02   3.6419066e+03   3.8140580e+02   2.9233463e+03   1.3003645e+03   2.3766690e+03   9.6178561e+01   4.2281786e+02   1.5414464e+02   2.5101624e+01   1.7013586e+03   5.0385860e+03   5.5837800e+02   1.4278226e+03   1.0006942e+03   3.4082592e+03   2.5470365e+03   3.2574014e+03   1.5556626e+03   1.5886810e+03   2.5729113e+02   3.9958857e+02
   1.4917140e+03   1.6921403e+01   1.2208689e+02   1.3101739e+02   9.0179073e+01   2.1249024e+03   5.5824805e+03   1.4172520e+03   1.9301139e+02   3.6341315e+03   1.5842582e+02   2.8946934e+03   1.2371547e+03   2.2560548e+03   1.1362948e+01   3.8984153e+02   1.1912712e+02   6.2467710e+00   1.4154991e+03   5.0176641e+03   4.6000484e+02   1.3426341e+03   9.9761218e+02   3.3319352e+03   2.5413806e+03   3.1483891e+03   1.5470292e+03   1.5756200e+03   7.7551871e+01   3.3445106e+02
   1.4838650e+03   1.6876709e+01   1.2168120e+02   1.3080715e+02   8.9911267e+01   2.1196273e+03   5.5374048e+03   1.4118491e+03   1.9229287e+02   3.6178266e+03   1.5786393e+02   2.8719224e+03   1.2311205e+03   2.2468585e+03   1.1323014e+01   3.8695075e+02   1.1864448e+02   6.2274140e+00   1.4087704e+03   4.9910919e+03   4.5771020e+02   1.3338983e+03   9.9169905e+02   3.3211831e+03   2.5257572e+03   3.1354662e+03   1.5386375e+03   1.5643567e+03   7.7259584e+01   3.3218635e+02
   2.6280118e-04   6.7672191e-03   2.7718440e-04   1.4799134e+00   2.0120801e-02   2.6586006e-02   1.0873334e-03   2.3423903e-03   1.1721782e-02   2.5384684e-03   4.2393174e-04   1.7387591e-04   5.9024346e-03   2.7074937e-03   3.9896950e-05   1.6797046e-04   9.6080254e-04   8.2062453e-03   9.6168387e-02   8.3644784e-02   9.0762858e-02   6.1432714e-03   1.2165776e+00   1.2016489e-01   9.0300842e-05   6.7400313e-01   2.5361377e-02   1.3636409e-03   2.2541958e-04   3.9454691e-05
   3.3053155e-08   3.1112350e-08   2.9702562e-08   5.6214020e-08   3.3364017e-08   3.5255667e-08   3.8231548e-08   5.3375416e-08   2.1795486e-08   1.9752378e-08   4.5344137e-08   2.1364500e-08   3.8044590e-08   6.8649044e-08   7.2302868e-08   4.5232127e-08   7.9247499e-08   9.1063427e-08   3.2388158e-08   3.4040085e-08   9.9431688e-08   3.7798458e-08   4.3853632e-08   5.6426245e-08   5.7524119e-08   3.1232204e-08   3.9541547e-08   3.6131851e-08   5.3923344e-08   5.8321774e-08
   1.5381374e-08   1.4657431e-08   1.7222717e-08   2.4815037e-08   1.5449885e-08   2.1807168e-08   2.1670104e-08   1.0525284e-08   1.4872469e-08   1.0796285e-08   9.7440989e-09   1.4249807e-08   1.5566300e-08   1.2654439e-08   1.2784255e-08   1.4704739e-08   1.6483114e-08   1.6288425e-08   2.2177574e-08   1.2654596e-08   3.2279758e-08   1.3534844e-08   1.3488929e-08   1.3688123e-08   1.7933473e-08   1.1488964e-08   1.6323881e-08   9.8259676e-09   1.7156921e-08   1.9690290e-08
