   3.0114452e+09   1.4317905e+10   1.2840198e+09   3.7856492e+09   1.8850969e+09   3.7791180e+06   3.4043979e+08   2.4808567e+08   1.4704005e+10   8.8361303e+09   1.2323499e+10   7.3155471e+07   8.6461193e+08   1.2489882e+08   1.1893147e+09   2.7123898e+09   1.2090240e+08   4.0057154e+09   1.9438923e+09   3.6550852e+07   2.4799041e+08   8.9098509e+07   9.8959313e+06   1.1472887e+07   3.7622123e+09   1.1706499e+10   1.3526088e+09   1.1323682e+06   3.2432611e+07   7.0129953e+07
   1.8999169e+09   1.4317905e+10   1.2840198e+09   3.7856492e+09   1.8850969e+09   3.7791180e+06   5.5287853e+07   2.4808567e+08   1.4704005e+10   8.8361303e+09   1.2323499e+10   7.3155471e+07   8.6461193e+08   7.4648235e+07   1.1893147e+09   2.7123898e+09   1.2090240e+08   4.0057154e+09   1.9438923e+09   3.6550852e+07   2.4799041e+08   2.7442380e+07   9.8959313e+06   1.1472887e+07   3.7622123e+09   1.1706499e+10   1.3526088e+09   1.1323682e+06   3.2432611e+07   7.0129953e+07
   1.8999169e+09   3.1429250e+09   5.3297815e+07   3.2207407e+07   1.7654195e+07   3.7791180e+06   5.5287853e+07   3.8673568e+07   4.4851320e+08   8.8361303e+09   9.2134838e+08   7.3155471e+07   1.0680435e+07   7.4648235e+07   1.1893147e+09   3.9126179e+07   1.2090240e+08   8.7069825e+08   4.3425969e+07   3.6550852e+07   2.1624803e+08   2.7442380e+07   9.8959313e+06   1.1472887e+07   7.2171352e+08   2.9387279e+09   1.2994879e+09   1.1323682e+06   3.2432611e+07   7.0129953e+07
   2.6471100e+08   2.6584422e+08   2.7429554e+05   3.2207407e+07   1.7654195e+07   1.4063624e+06   7.9503227e+06   2.0573190e+07   3.4112117e+07   1.0858303e+09   4.0067871e+08   3.4807788e+07   1.0680435e+07   4.9808009e+07   1.8112272e+08   3.3469028e+06   3.8068245e+07   2.7279427e+07   1.5834296e+07   1.0239849e+07   1.1252317e+07   1.9285675e+06   9.8959313e+06   5.8202142e+06   9.0863941e+07   1.5129641e+07   1.1157182e+07   1.1323682e+06   2.2149913e+06   4.8543798e+07
   6.7959905e+06   6.6728837e+07   2.7429554e+05   2.7066256e+07   1.5791845e+06   1.4063624e+06   1.3949134e+06   2.4581038e+06   3.4112117e+07   3.2609007e+07   3.1141713e+08   3.4807788e+07   1.0680435e+07   1.0745196e+06   2.4968558e+06   3.3469028e+06   1.9880434e+06   2.7279427e+07   1.5834296e+07   1.0239849e+07   1.1252317e+07   1.5742212e+05   9.8959313e+06   1.2940364e+05   1.7339916e+07   1.5129641e+07   1.1157182e+07   1.1323682e+06   2.2149913e+06   3.4175979e+06
   9.5010873e+05   3.7184877e+06   2.7429554e+05   7.5782033e+06   2.7206611e+05   5.4410767e+05   6.0439484e+05   7.3883038e+05   8.8511484e+06   9.1489738e+06   3.9297265e+06   3.7744238e+06   1.6728158e+06   1.0745196e+06   1.4309733e+06   3.3469028e+06   1.4374852e+06   8.3011413e+06   2.4161932e+06   3.0507778e+06   1.4656654e+05   1.5742212e+05   2.0575635e+06   1.2940364e+05   1.5327119e+07   7.7825552e+06   9.0393473e+05   5.0608617e+05   9.1801160e+05   2.0915776e+06
   6.2684803e+05   3.0366268e+06   2.7429554e+05   3.1576834e+06   2.7206611e+05   1.0176231e+05   4.4731816e+05   3.8123513e+05   3.1987736e+05   1.4084861e+05   1.2224637e+06   5.8689748e+05   7.4728269e+04   6.9925319e+05   6.7906922e+05   8.9359052e+05   3.9953652e+05   2.1573943e+06   3.4113788e+05   3.0507778e+06   1.4656654e+05   1.5742212e+05   1.6616892e+06   1.2940364e+05   8.1568152e+06   7.7825552e+06   6.1116841e+05   5.0608617e+05   6.7011342e+05   3.3554343e+05
   1.3440825e+05   1.1287135e+06   6.5140076e+04   4.1645091e+04   7.2786125e+04   1.0176231e+05   2.8951213e+05   7.2035294e+04   4.2261504e+04   2.0828955e+04   5.6039291e+04   1.2037650e+05   3.7294011e+04   6.4748682e+05   6.7520621e+05   2.2266405e+05   7.4376980e+04   2.5650762e+05   1.2974038e+05   4.3104849e+05   1.4656654e+05   1.3813521e+05   4.4745407e+05   1.2940364e+05   1.2368482e+05   5.7993146e+05   7.2927878e+04   5.0608617e+05   9.8491510e+04   3.1558238e+05
   1.1460733e+05   1.3939915e+04   2.2777596e+03   2.6098769e+04   7.2786125e+04   6.4737666e+04   2.6688932e+05   1.1402207e+04   5.7753152e+03   1.7730414e+04   1.1422936e+04   2.4058139e+04   3.5969839e+04   5.2704947e+05   4.7263297e+05   5.6321869e+04   7.4376980e+04   1.2510469e+04   1.1142960e+05   2.4348890e+05   1.2245018e+05   1.3813521e+05   1.9271005e+05   1.2940364e+05   1.2368482e+05   1.0470862e+05   7.2927878e+04   4.0134160e+05   2.5280340e+04   2.7077055e+05
   5.5364936e+04   1.2564798e+04   2.2777596e+03   1.6207999e+04   4.2654721e+04   7.5426443e+03   9.0551226e+04   6.3474149e+03   3.2726449e+03   9.7108830e+03   6.6188005e+03   1.3865036e+04   1.6030312e+04   1.9501396e+05   6.9794754e+04   5.6321869e+04   1.1507507e+04   5.8575968e+03   5.2852712e+04   3.5457324e+04   4.3118130e+04   3.8685172e+04   1.3732030e+05   7.3098459e+03   1.0703246e+05   7.3959410e+04   1.7328394e+04   2.2350088e+03   1.0027072e+04   6.5447859e+04
   3.8642319e+03   9.3062129e+02   1.9629470e+03   6.2665199e+03   9.1158180e+02   9.6430488e+02   1.8496232e+03   2.8973703e+03   5.8264762e+02   2.5833622e+03   8.9506348e+02   3.7827409e+03   1.6549877e+03   3.0508392e+03   2.7135155e+03   1.3176102e+03   4.6270047e+03   8.5488289e+02   1.2507917e+03   2.7526916e+03   6.6692001e+03   2.2709712e+03   1.5792260e+03   1.7461005e+03   1.2210521e+03   2.5746642e+03   1.5465703e+03   6.0003820e+02   1.4181972e+03   4.8461977e+03
   1.2232916e+03   9.0444708e+02   1.0412452e+03   3.3922339e+03   6.0604456e+02   4.1954985e+02   8.6530772e+02   8.1219342e+02   4.1377497e+02   1.2508302e+03   4.8259947e+02   1.9916902e+03   3.6477304e+02   4.8931870e+02   1.1089204e+03   6.2247955e+02   7.9028851e+02   6.4272345e+02   3.7760879e+02   1.4385043e+03   1.9515508e+03   7.6049303e+02   1.0070753e+03   9.2164973e+02   8.2679187e+02   1.2499731e+03   9.3216785e+02   4.9308757e+02   2.1950106e+02   2.6041257e+03
   1.5639367e+02   8.4957341e+02   4.4306016e+02   4.5033813e+02   5.0215185e+02   3.8995596e+02   4.5094506e+02   2.5614028e+02   3.6565775e+02   3.1075920e+01   4.2101723e+02   3.1751211e+01   2.3140968e+02   2.6144639e+02   6.4363590e+02   2.2434427e+01   6.0125033e+02   5.9474655e+02   2.5297079e+02   3.8204823e+02   6.5746134e+02   4.8338694e+02   7.6703998e+02   6.5091542e+02   7.0762315e+02   5.9895392e+02   7.9749727e+02   3.8471312e+02   1.3353386e+02   7.2117443e+02
   1.3535260e+02   8.3807245e+02   4.4039579e+02   4.4636554e+02   5.0097031e+02   3.7080071e+02   4.4211613e+02   2.4145520e+02   3.5754597e+02   1.4137534e+01   4.1802246e+02   2.7320700e+01   2.2850047e+02   2.5938705e+02   6.4232721e+02   3.4011631e+00   5.9967165e+02   5.9065567e+02   2.3028224e+02   3.6443168e+02   6.5251736e+02   4.6122839e+02   7.5022375e+02   6.4803512e+02   7.0514418e+02   5.9086379e+02   7.9657461e+02   3.6948544e+02   1.2461623e+02   7.1406878e+02
   1.3535260e+02   2.4763544e+02   4.4039579e+02   4.4636554e+02   5.0097031e+02   3.7080071e+02   4.3527430e+02   1.6469472e+02   3.5754597e+02   1.4137534e+01   4.1802246e+02   2.7320700e+01   2.2850047e+02   2.5938705e+02   2.5551614e+02   3.4011631e+00   1.8325448e+01   1.2341312e+02   2.3028224e+02   3.6443168e+02   3.0423253e+02   2.5306916e+02   2.4122672e+02   4.0107782e+02   2.1980611e+00   1.3350718e+01   1.2959100e+02   3.6948544e+02   1.2461623e+02   4.4278051e+02
   4.5494956e+01   1.0365846e+01   2.6148897e+01   5.3910762e+00   6.0609935e+01   7.4766639e+00   7.7193585e+01   1.9899181e+00   1.2696973e+02   1.4137534e+01   5.8050942e+01   5.1829332e+00   2.2012455e+02   6.6649540e+01   2.0814298e-01   3.4011631e+00   4.9747903e+00   2.1948367e+01   4.9747903e+00   4.8508264e+01   9.9495906e-01   6.1115442e+01   4.5684055e+01   1.3371016e+01   2.1980611e+00   9.1627644e+00   8.0250511e+01   2.9849094e+00   1.7330550e+01   5.1829332e+00
