   1.7997442e+03   2.6930010e+03   2.5511233e+03   2.0000573e+03   2.8682785e+03   1.6463357e+03   1.6869710e+03   1.6948639e+03   2.1308954e+03   2.4980822e+03   1.9420300e+03   2.1561426e+03   1.6874453e+03   2.0681916e+03   1.3718538e+03   2.4096162e+03   2.1762219e+03   1.4465160e+03   2.2632036e+03   2.4349167e+03   2.5594829e+03   2.3020457e+03   2.8426685e+03   3.1398528e+03   1.9149115e+03   1.5289383e+03   1.7954015e+03   2.0677095e+03   2.6362530e+03   2.7716831e+03
   1.7997442e+03   2.6930010e+03   2.5511233e+03   2.0000573e+03   2.8682785e+03   1.6463357e+03   1.6869710e+03   1.6948639e+03   2.1308954e+03   2.4980822e+03   1.9420300e+03   2.1561426e+03   1.6874453e+03   2.0681916e+03   1.3718538e+03   2.4096162e+03   2.1762219e+03   1.4465160e+03   2.2632036e+03   2.4349167e+03   2.5594829e+03   2.3020457e+03   2.8426685e+03   3.1398528e+03   1.9149115e+03   1.5289383e+03   1.7954015e+03   2.0677095e+03   2.6362530e+03   2.7716831e+03
   1.7997442e+03   2.6930010e+03   2.5511233e+03   2.0000573e+03   2.8682785e+03   1.6463357e+03   1.6869710e+03   1.6948639e+03   2.1308954e+03   2.4980822e+03   1.9420300e+03   2.1561426e+03   1.6874453e+03   2.0681916e+03   1.3718538e+03   2.4096162e+03   2.1762219e+03   1.4465160e+03   2.2632036e+03   2.4349167e+03   2.5594829e+03   2.3020457e+03   2.8426685e+03   3.1398528e+03   1.9149115e+03   1.5289383e+03   1.7954015e+03   2.0677095e+03   2.6362530e+03   2.7716831e+03
   1.7997442e+03   2.6930010e+03   2.5511233e+03   2.0000573e+03   2.8682785e+03   1.6463357e+03   1.6869710e+03   1.6948639e+03   2.1308954e+03   2.4980822e+03   1.9420300e+03   2.1561426e+03   1.6874453e+03   2.0681916e+03   1.3718538e+03   2.4096162e+03   2.1762219e+03   1.4465160e+03   2.2632036e+03   2.4349167e+03   2.5594829e+03   2.3020457e+03   2.8426685e+03   3.1398528e+03   1.9149115e+03   1.5289383e+03   1.7954015e+03   2.0677095e+03   2.6362530e+03   2.7716831e+03
   1.7997442e+03   2.6930010e+03   2.5511233e+03   2.0000573e+03   2.8682785e+03   1.6463357e+03   1.5532226e+03   1.6279379e+03   2.1308954e+03   2.4980822e+03   1.6436298e+03   1.8699055e+03   1.6874453e+03   2.0681916e+03   1.0679249e+03   2.4096162e+03   2.1762219e+03   1.4465160e+03   2.2632036e+03   2.4349167e+03   2.5594829e+03   2.3020457e+03   2.8426685e+03   3.1398528e+03   1.9149115e+03   1.5289383e+03   1.7954015e+03   2.0677095e+03   2.6362530e+03   2.7716831e+03
   1.7997442e+03   1.1976284e+03   1.7868660e+03   1.2107283e+03   2.8682785e+03   1.0581946e+03   1.5532226e+03   8.6448213e+02   2.1308954e+03   2.4980822e+03   1.6436298e+03   1.3312470e+03   1.0097304e+03   1.4126669e+03   7.3550085e+02   1.6519122e+03   2.1762219e+03   1.4465160e+03   2.1226055e+03   2.4349167e+03   2.5594829e+03   2.3020457e+03   2.8426685e+03   3.1398528e+03   1.7946021e+03   1.3125310e+03   1.1626561e+03   1.7328524e+03   2.6362530e+03   2.0962379e+03
   1.3349968e+03   8.6010946e+02   1.1474031e+03   1.0148481e+03   1.5830470e+03   8.5036464e+02   7.4637970e+02   4.7824894e+02   1.3716273e+03   1.1179194e+03   9.0181053e+02   8.9502579e+02   7.1311540e+02   1.2847282e+03   6.4806154e+02   1.1980777e+03   7.8016464e+02   8.8852859e+02   9.5850011e+02   1.2157438e+03   1.5468625e+03   1.2930318e+03   1.6753244e+03   1.8588580e+03   1.0742711e+03   7.5796267e+02   6.2284551e+02   8.5449382e+02   1.2664854e+03   1.4978724e+03
   6.4098774e+02   5.3671973e+02   7.1363599e+02   5.9921891e+02   1.1471894e+03   3.3658016e+02   2.9866439e+02   2.6375495e+02   5.9873048e+02   1.0340036e+03   3.1802962e+02   4.4094236e+02   3.1016088e+02   5.7101604e+02   3.0291538e+02   1.1082150e+03   3.4768108e+02   6.5526837e+02   5.6988282e+02   7.7023695e+02   8.2678361e+02   7.1704562e+02   1.1208966e+03   9.3504110e+02   6.2551326e+02   4.8352437e+02   3.4511704e+02   6.1219289e+02   7.1493558e+02   6.4569965e+02
   2.2533085e+02   2.1941742e+02   1.9944302e+02   1.8860350e+02   2.5242042e+02   1.5681380e+02   1.8979374e+02   1.6759654e+02   2.2911015e+02   3.4080448e+02   1.8381820e+02   1.3558311e+02   1.9042531e+02   2.2508657e+02   1.8894875e+02   2.0777638e+02   1.9774704e+02   2.2892515e+02   2.3707886e+02   1.7969630e+02   5.1249562e+02   3.3584367e+02   4.3649645e+02   3.3413087e+02   3.5208457e+02   2.1154898e+02   1.6482628e+02   1.9307830e+02   1.5496196e+02   2.1492322e+02
   1.9090315e+02   1.2210267e+02   1.4164044e+02   1.4901716e+02   1.9253472e+02   1.4434487e+02   1.5917323e+02   1.5914140e+02   1.3532597e+02   1.4098374e+02   1.1647058e+02   1.3558311e+02   1.3920077e+02   1.6106987e+02   1.6872181e+02   1.2977646e+02   1.1994561e+02   1.8791206e+02   1.1335339e+02   1.3797382e+02   1.4187728e+02   1.6092059e+02   1.9733255e+02   1.7111143e+02   1.5258592e+02   1.6155580e+02   1.4063133e+02   1.5197727e+02   1.5496196e+02   1.5910940e+02
   1.5386062e+02   1.2138836e+02   1.4164044e+02   1.3163579e+02   1.4729300e+02   1.4434487e+02   1.2704474e+02   1.5567299e+02   1.2572298e+02   1.2438632e+02   1.1647058e+02   1.2689960e+02   1.1521749e+02   1.3744323e+02   1.3801372e+02   2.1311591e+01   2.4954591e+01   1.1282408e+02   1.1335339e+02   1.3244812e+02   1.4187728e+02   1.5062231e+02   1.4731863e+02   1.6220274e+02   1.1935718e+02   1.3827527e+02   1.4063133e+02   1.3116354e+02   1.1914213e+02   1.4337485e+02
   1.5386062e+02   1.2110918e+02   1.2384899e+02   1.2903003e+02   1.3065288e+02   1.4434487e+02   1.0267233e+02   1.3875845e+02   8.7450364e+00   7.6952477e+00   1.1244753e+02   1.1958748e+02   1.1521749e+02   1.3744323e+02   1.3801372e+02   1.1503341e+01   1.0520488e+01   3.3293022e+01   1.1335339e+02   1.3244812e+02   9.6565881e+00   1.4533673e+02   1.2726422e+02   7.0657475e+01   1.1935718e+02   1.2051383e+02   1.3171629e+02   9.9829189e+01   1.1706415e+02   1.3285386e+02
   1.1505674e+02   1.0223311e+01   1.2384899e+02   1.1741575e+02   3.7492317e+01   1.0168580e+02   1.0267233e+02   1.3875845e+02   8.6039459e+00   7.6554059e+00   1.0553302e+01   1.1330045e+02   1.1521749e+02   2.6343182e+01   1.3801372e+02   1.1503056e+01   1.0520351e+01   3.3281019e+01   1.1005969e+02   1.0668659e+01   8.5181790e+00   3.5161373e+01   2.9518696e+01   2.5395152e+01   1.1935718e+02   3.3141945e+01   1.3171629e+02   7.1180289e+01   1.1706415e+02   1.1619176e+02
   2.8440658e+01   1.0146014e+01   9.5501163e+00   1.1399750e+01   2.7214716e+01   1.0168580e+02   9.1205764e+00   1.3002826e+02   1.5850629e+00   7.6554059e+00   1.0550886e+01   6.7533152e+00   1.1521749e+02   2.6342822e+01   1.2905281e+02   1.1503056e+01   6.1661833e+00   9.9499368e-01   7.6348663e+00   1.0556285e+01   8.5181790e+00   3.4942293e+01   2.9518422e+01   2.5394997e+01   9.5559216e+00   3.3141945e+01   1.1904216e+02   5.5455608e+00   4.6541420e+00   8.1256173e+00
   1.5683939e+00   1.0146014e+01   3.6533899e+00   2.4362335e+00   4.5383427e+00   5.4354403e+00   3.5556426e+00   3.0779367e+01   3.2122793e-13   1.3924074e-12   1.0550886e+01   6.7111870e+00   4.7932902e+00   1.5900312e+00   2.3924853e+01   8.3587361e+00   2.5849904e+00   7.9688336e-01   7.6348663e+00   1.0556285e+01   1.5900312e+00   2.3817176e+01   9.9495906e-01   2.4249300e+01   3.5556426e+00   5.9697544e+00   2.2332131e+01   3.5433836e+00   1.9899181e+00   2.3889817e+00
   2.1442476e-13   2.3345862e-08   3.5642088e-13   7.1500486e-14   2.1421121e-13   4.6064163e-01   1.0724605e-13   2.4995617e-13   2.1448425e-13   1.4296320e-13   1.7865965e-13   1.7871635e-13   3.6984699e-04   1.5900312e+00   1.9899181e+00   7.1528921e-14   2.5849902e+00   1.0722340e-13   2.4985558e-13   2.1180534e+00   1.7861537e-13   1.4289262e-13   5.9507211e-01   5.9507211e-01   1.4297200e-13   1.7844646e-13   1.4283924e-13   7.1465546e-14   9.9495906e-01   2.1406179e-13
