   1.1620028e+03   2.3075117e+03   6.2626596e+02   6.6019868e+02   3.5674740e+02   8.5487951e+02   6.0253645e+02   7.9636680e+02   3.5282348e+02   7.1618384e+02   7.1152178e+02   9.3555230e+02   1.0515008e+03   7.6070251e+02   7.8292464e+02   5.1220763e+02   8.2277720e+02   2.3962081e+03   1.4818196e+03   4.0774002e+02   3.7420051e+03   1.2933860e+03   7.6153424e+02   1.2151312e+03   1.0270964e+03   1.7092552e+03   5.1572375e+02   7.0163560e+02   1.2599530e+03   7.9482106e+02
   1.1311358e+03   2.3075117e+03   6.2626596e+02   6.6019868e+02   3.5674740e+02   8.3465061e+02   6.0253645e+02   7.9636680e+02   3.5282348e+02   5.7640165e+02   7.1152178e+02   8.9892637e+02   5.8262999e+02   6.0993231e+02   6.9896252e+02   5.1220763e+02   4.8688747e+02   1.1966714e+03   6.1867457e+02   4.0774002e+02   1.8682012e+03   8.0378802e+02   5.4199058e+02   1.1126983e+03   8.1188970e+02   8.8892735e+02   5.1572375e+02   7.0163560e+02   7.3563362e+02   4.2040153e+02
   7.7452208e+02   9.1676212e+02   6.1457975e+02   5.3091688e+02   2.6240230e+02   6.6242809e+02   4.6586082e+02   7.7843818e+02   3.5282348e+02   3.6498524e+02   5.4784922e+02   5.8877833e+02   4.3555886e+02   2.4263319e+02   3.2742463e+02   5.1220763e+02   4.8688747e+02   8.7285958e+02   5.0078199e+02   4.0774002e+02   5.9379037e+02   5.2616700e+02   4.1642063e+02   8.5555642e+02   8.1188970e+02   8.8892735e+02   5.1572375e+02   6.3782321e+02   7.1231511e+02   2.8055577e+02
   4.5230518e+02   6.2966991e+02   5.1146226e+02   4.1393009e+02   2.6240230e+02   5.2623741e+02   4.2343656e+02   4.1691830e+02   3.5282348e+02   2.1087810e+02   2.7939306e+02   3.4668895e+02   4.3555886e+02   2.4263319e+02   3.2742463e+02   5.1220763e+02   4.8688747e+02   4.4109627e+02   5.0078199e+02   4.0774002e+02   5.9379037e+02   5.2616700e+02   4.1642063e+02   3.8923809e+02   6.8858613e+02   7.5422674e+02   4.3928375e+02   2.9666270e+02   6.8205193e+02   2.8055577e+02
   4.5230518e+02   6.2966991e+02   2.7876307e+02   3.5160708e+02   2.6240230e+02   4.8738819e+02   4.0088645e+02   2.4590057e+02   3.5282348e+02   2.1087810e+02   2.7939306e+02   2.2647315e+02   3.4272225e+02   2.0971337e+02   9.4839721e+01   1.7151235e+02   3.8187599e+02   4.4109627e+02   4.6656363e+02   3.4924930e+02   4.1170079e+02   4.6378653e+02   1.9240510e+02   3.8923809e+02   2.5161781e+02   6.4823141e+02   4.3928375e+02   2.9666270e+02   4.0420670e+02   9.9060588e+01
   6.2073554e+01   2.3046814e+02   2.7876307e+02   1.2066075e+02   2.3011921e+02   2.4978134e+02   2.4728844e+02   2.4590057e+02   2.8372021e+02   2.1087810e+02   2.7939306e+02   1.6077501e+02   3.4272225e+02   9.0361339e+01   9.4839721e+01   1.7151235e+02   2.3117597e+02   4.4109627e+02   2.2867743e+02   3.4924930e+02   1.9948606e+02   2.7352713e+02   7.9942578e+01   3.8923809e+02   1.0693349e+02   1.1086939e+02   2.4877191e+02   2.0620034e+02   4.0927513e+01   9.9060588e+01
   3.7706471e+01   2.3046814e+02   6.8654003e+01   1.2066075e+02   2.3011921e+02   7.8064739e+01   1.7816655e+02   1.2741755e+02   1.9943934e+02   1.5098925e+02   1.7145272e+02   8.1088511e+01   2.2402198e+02   9.0361339e+01   9.4839721e+01   5.5895360e+01   2.2508578e+02   4.4109627e+02   8.1701391e+01   1.2749352e+02   1.5785964e+02   2.7352713e+02   6.9881940e+01   3.8923809e+02   1.0693349e+02   1.1086939e+02   2.4877191e+02   2.0620034e+02   4.0927513e+01   9.9060588e+01
   3.7706471e+01   1.0964650e+02   6.8654003e+01   1.2066075e+02   2.3011921e+02   7.8064739e+01   7.7093801e+01   3.2503059e+01   6.5597690e+01   8.9238340e+01   1.7145272e+02   8.1088511e+01   1.6549297e+02   9.0361339e+01   9.4839721e+01   5.5895360e+01   1.9346480e+02   1.3165969e+02   8.1701391e+01   1.2749352e+02   7.2306703e+01   1.5384569e+02   5.0655849e+01   3.6212124e+01   1.0693349e+02   2.7838634e+01   1.8747413e+02   8.3864410e+01   4.0927513e+01   9.9060588e+01
   3.7706471e+01   1.0873092e+02   6.8654003e+01   8.1576882e+01   2.3011921e+02   7.8064739e+01   7.7093801e+01   3.2503059e+01   6.5597690e+01   8.9238340e+01   4.9938162e+01   8.1088511e+01   1.6549297e+02   7.3896661e+01   9.2333694e+01   4.5330730e+01   7.6623325e+01   1.3165969e+02   8.1701391e+01   1.2749352e+02   7.2306703e+01   6.0153194e+01   3.4788267e+01   3.6212124e+01   9.0148400e+01   2.7838634e+01   5.1538454e+01   8.3864410e+01   4.0927513e+01   7.6135876e+01
   3.7706471e+01   9.4598763e+01   4.9478912e+01   4.7066271e+01   7.7271541e+01   5.8064152e+01   5.6368321e+01   3.2503059e+01   6.5597690e+01   7.4701728e+01   4.9938162e+01   5.7356472e+01   7.7191863e+01   6.7058455e+01   9.2333694e+01   4.5330730e+01   5.0981048e+01   3.8911712e+01   4.1850862e+01   1.2749352e+02   3.7383912e+01   6.0153194e+01   3.4788267e+01   6.7049452e+00   9.0148400e+01   2.7838634e+01   5.1538454e+01   8.3864410e+01   4.0927513e+01   7.6135876e+01
   3.7706471e+01   2.6311769e+01   4.9478912e+01   4.7066271e+01   7.7271541e+01   5.8064152e+01   5.6368321e+01   3.2503059e+01   6.5597690e+01   1.0121305e+01   4.9938162e+01   5.7356472e+01   4.5678550e+01   4.2546783e+01   5.4145145e+01   4.5115475e+01   5.0981048e+01   3.5059988e+01   4.1850862e+01   1.2749352e+02   3.7383912e+01   4.3290502e+01   3.4788267e+01   1.1215529e+00   6.0640963e+01   1.7205778e+01   4.9629199e+01   8.3864410e+01   3.7934655e+01   2.7865894e+01
   3.7706471e+01   8.2170497e+00   4.9478912e+01   4.7066271e+01   2.5845177e+01   5.8064152e+01   1.8061898e+01   3.2503059e+01   6.5597690e+01   1.0121305e+01   4.1032094e+01   2.8931381e+01   4.5678550e+01   3.0204793e+01   5.4145145e+01   4.5115475e+01   5.0981048e+01   3.5059988e+01   3.5481137e+01   8.0010058e+01   3.7383912e+01   3.5956636e+01   2.0045905e+01   1.1190083e+00   6.0640963e+01   3.7899410e+00   4.9629199e+01   2.9096445e+01   3.7934655e+01   2.7865894e+01
   4.1000251e+00   2.3518759e+00   4.9478912e+01   3.6234410e+01   2.1561855e+01   4.8566452e+01   1.8061898e+01   3.2503059e+01   6.5597690e+01   1.0121305e+01   4.1032094e+01   1.4783613e+01   4.5678550e+01   3.0204793e+01   4.0513082e+01   4.5115475e+01   5.0981048e+01   1.9976696e+00   2.9194900e+01   6.0613566e+01   1.4919224e+01   3.5956636e+01   2.0045905e+01   1.1190083e+00   2.4761576e+01   3.7898327e+00   4.9629199e+01   2.9096445e+01   3.7934655e+01   2.7865894e+01
   4.0964962e+00   2.3433947e+00   3.4755649e+01   3.6234410e+01   2.1561855e+01   3.0594106e+01   1.8061898e+01   2.8188418e+01   3.0255508e+00   1.0121305e+01   1.2989902e+01   1.4783613e+01   2.0337037e+01   3.0204793e+01   3.5112930e+01   4.3909755e+01   2.1485886e+00   1.9958577e+00   2.9194900e+01   4.4021683e+01   4.2698508e+00   3.2861465e+00   1.7407188e+01   1.1190083e+00   1.0745448e+01   3.1930977e+00   4.3409874e+01   2.9096445e+01   1.8243628e+00   2.7865894e+01
   3.1168971e+00   1.0679404e+00   4.2324523e+00   2.4335196e+01   2.1561855e+01   3.0594106e+01   1.8061898e+01   2.8188418e+01   3.0255455e+00   3.0897830e+00   1.2989902e+01   2.6087582e+00   3.4453807e+00   3.0204793e+01   3.1291358e+01   1.9645590e+01   2.1485886e+00   1.9958577e+00   2.9194900e+01   1.6344545e+00   2.0014882e+00   4.6101203e-01   1.7407188e+01   1.1190083e+00   1.0745448e+01   3.1930977e+00   4.0945402e+00   2.8605257e+01   1.2497602e+00   2.9451992e+00
   1.0861638e+00   1.0679404e+00   7.7143826e-01   1.4153162e+00   1.1634444e+00   1.7021540e+00   1.1630258e+00   1.3515467e+00   2.9053968e-01   2.0757804e+00   1.5661535e+00   4.2895982e-01   1.6693898e+00   1.5613040e+01   1.7730858e+00   1.6116936e+00   2.1485886e+00   1.9958577e+00   9.8492418e-01   3.9556050e-01   1.5474452e+00   4.6098572e-01   2.0376881e+00   1.1190083e+00   1.0745448e+01   3.1930977e+00   1.0142374e+00   1.8987303e+01   1.2497602e+00   1.0945734e+00
