   2.7530547e+03   1.9777170e+03   1.5816664e+03   1.5184099e+03   2.4131248e+03   2.0753897e+03   1.8025429e+03   1.8071660e+03   2.2202546e+03   3.4881011e+03   1.2966188e+03   2.2393049e+03   2.1280639e+03   2.2479011e+03   2.2470415e+03   2.6985941e+03   1.5051886e+03   1.4374111e+03   3.0027709e+03   2.5116963e+03   2.2386788e+03   3.0450165e+03   2.2842307e+03   2.5852621e+03   2.3112887e+03   1.6961173e+03   3.0854638e+03   2.6942965e+03   1.3434980e+03   2.1784495e+03
   2.7530547e+03   1.9777170e+03   1.5816664e+03   1.5184099e+03   2.4131248e+03   2.0753897e+03   1.8025429e+03   1.8071660e+03   2.2202546e+03   3.4881011e+03   1.2966188e+03   2.2393049e+03   2.1280639e+03   2.2479011e+03   2.2470415e+03   2.6985941e+03   1.5051886e+03   1.4374111e+03   3.0027709e+03   2.5116963e+03   2.2386788e+03   3.0450165e+03   2.2842307e+03   2.5852621e+03   2.3112887e+03   1.6961173e+03   3.0854638e+03   2.6942965e+03   1.3434980e+03   2.1784495e+03
   2.7530547e+03   1.9777170e+03   1.5816664e+03   1.5184099e+03   2.4131248e+03   2.0753897e+03   1.8025429e+03   1.8071660e+03   2.2202546e+03   3.4881011e+03   1.2966188e+03   2.2393049e+03   2.1280639e+03   2.2479011e+03   2.2470415e+03   2.6985941e+03   1.5051886e+03   1.4374111e+03   3.0027709e+03   2.5116963e+03   2.2386788e+03   3.0450165e+03   2.2842307e+03   2.5852621e+03   2.3112887e+03   1.6961173e+03   3.0854638e+03   2.6942965e+03   1.3434980e+03   2.1784495e+03
   2.7530547e+03   1.9777170e+03   1.5816664e+03   1.5184099e+03   2.4131248e+03   2.0753897e+03   1.8025429e+03   1.8071660e+03   2.2202546e+03   3.4881011e+03   1.2966188e+03   2.2393049e+03   2.1280639e+03   2.2479011e+03   2.2470415e+03   2.6985941e+03   1.5051886e+03   1.4374111e+03   3.0027709e+03   2.5116963e+03   2.2386788e+03   3.0450165e+03   2.2842307e+03   2.5852621e+03   2.3112887e+03   1.6961173e+03   3.0854638e+03   2.6942965e+03   1.3434980e+03   2.1784495e+03
   2.7530547e+03   1.9777170e+03   1.5816664e+03   1.5184099e+03   2.3001072e+03   2.0753897e+03   1.3022692e+03   1.8022496e+03   2.2202546e+03   3.4881011e+03   1.2468946e+03   2.1646655e+03   2.1280639e+03   2.2479011e+03   2.2470415e+03   2.1402327e+03   1.5051886e+03   1.4374111e+03   2.6106185e+03   2.0567952e+03   2.2386788e+03   3.0450165e+03   2.1827436e+03   2.5852621e+03   2.3112887e+03   1.6961173e+03   2.5042622e+03   2.6942965e+03   1.3434980e+03   2.1784495e+03
   1.7303894e+03   9.4736541e+02   1.5816664e+03   1.5184099e+03   2.3001072e+03   1.6366091e+03   1.3022692e+03   1.2676429e+03   1.3726776e+03   2.1358856e+03   7.8784890e+02   1.6640942e+03   2.1280639e+03   2.2479011e+03   2.2470415e+03   1.6453090e+03   1.5051886e+03   1.3162340e+03   1.6194208e+03   2.0567952e+03   2.2386788e+03   1.7718020e+03   2.1827436e+03   1.6319574e+03   1.4422895e+03   1.6961173e+03   2.5042622e+03   2.6942965e+03   1.3434980e+03   2.1784495e+03
   1.4853965e+03   9.4736541e+02   8.1282597e+02   9.5059282e+02   1.2155765e+03   1.3077745e+03   8.8527592e+02   1.0456158e+03   9.3273164e+02   1.3210516e+03   3.9783839e+02   1.2127671e+03   1.2113690e+03   1.4118203e+03   1.3584220e+03   1.1769847e+03   9.5763246e+02   9.2323870e+02   1.4632782e+03   1.0009234e+03   1.2521734e+03   1.1416003e+03   1.2823932e+03   1.1592967e+03   8.3741982e+02   6.4485887e+02   1.4930543e+03   1.1787369e+03   7.2892948e+02   9.5118055e+02
   8.2424385e+02   3.6590701e+02   4.4336542e+02   5.7611084e+02   5.0106504e+02   6.7909206e+02   4.7868254e+02   4.2956714e+02   4.1052420e+02   6.9099199e+02   2.8725871e+02   7.3883402e+02   6.6899183e+02   8.2273684e+02   8.0426577e+02   3.7058174e+02   5.7977433e+02   5.0998051e+02   7.0222125e+02   4.4924581e+02   8.2258358e+02   4.2033433e+02   4.8149422e+02   5.5582044e+02   4.1894903e+02   4.3732976e+02   7.8185880e+02   7.0202161e+02   3.1500097e+02   6.5501830e+02
   1.6043077e+02   1.8606088e+02   2.0817165e+02   2.2471413e+02   2.0925179e+02   2.7198776e+02   1.7928132e+02   2.1402302e+02   2.4030745e+02   2.1884035e+02   1.7244877e+02   2.2475189e+02   2.5473795e+02   3.2183741e+02   2.7278078e+02   1.8480698e+02   2.4215699e+02   2.7228880e+02   2.1524358e+02   2.1141075e+02   2.7832798e+02   1.8221196e+02   2.2233198e+02   1.4953476e+02   1.7728371e+02   2.0171649e+02   2.2164297e+02   2.3745850e+02   1.7327284e+02   2.5173503e+02
   1.4091484e+02   1.3495803e+02   1.5462708e+02   1.7493856e+02   1.6015351e+02   1.9723052e+02   1.6087025e+02   1.8422754e+02   1.5638708e+02   1.5632153e+02   1.5948502e+02   1.4092784e+02   1.3802513e+02   1.6278720e+02   1.7225685e+02   1.5321173e+02   1.7631694e+02   1.8721023e+02   1.4499399e+02   1.2063831e+02   1.4266778e+02   1.3185043e+02   1.7822274e+02   1.4953476e+02   1.7009433e+02   1.7075790e+02   1.7671276e+02   1.6889104e+02   1.5388200e+02   1.4704106e+02
   1.3672940e+02   1.3433442e+02   1.3682574e+02   1.5283916e+02   1.6015351e+02   1.2237377e+02   1.6087025e+02   1.3398410e+02   1.3465590e+02   1.5632153e+02   1.3873716e+02   1.4092784e+02   1.3802513e+02   1.0296407e+02   7.7321275e+01   1.5321173e+02   1.2335694e+02   1.3767882e+02   1.4499399e+02   1.2063831e+02   1.4266778e+02   1.3185043e+02   1.4619599e+02   1.4024714e+02   1.5081822e+02   1.4922929e+02   1.3517950e+02   1.2578444e+02   1.5082008e+02   1.4704106e+02
   1.3672940e+02   1.2339113e+02   1.2812835e+02   2.7272689e+01   1.3853102e+02   1.2237377e+02   1.3722634e+02   1.3398410e+02   1.3465590e+02   1.1958033e+02   1.3873716e+02   1.4092784e+02   1.3488884e+02   3.0882826e+01   2.5559557e+01   1.3713766e+02   2.8265557e+01   3.7940575e+01   1.3508571e+02   9.2871496e+01   1.4266778e+02   1.3185043e+02   1.4619599e+02   1.3851607e+02   1.2822687e+02   1.4050948e+02   1.3517950e+02   1.2578444e+02   1.5082008e+02   4.2893873e+01
   1.3672940e+02   1.1749815e+02   1.1952906e+02   2.6366734e+01   2.7837338e+01   2.4837659e+01   2.4850831e+01   1.3398410e+02   1.2893050e+02   1.1958033e+02   1.3342241e+02   3.0135134e+01   2.7880777e+01   3.0818488e+01   2.5514119e+01   1.3713766e+02   2.8085510e+01   2.5818394e+01   1.3508571e+02   2.5441212e+01   1.4138871e+02   1.3185043e+02   1.2167458e+02   1.3851607e+02   1.2822687e+02   1.1504643e+02   2.7852902e+01   2.7041708e+01   1.0408589e+02   2.7082394e+01
   2.8626664e+01   1.1749815e+02   2.8122852e+01   2.6366734e+01   2.7548661e+01   2.4837452e+01   2.4850811e+01   3.2756227e+01   2.4263836e+01   2.8693968e+01   1.2319169e+02   3.0135123e+01   2.7880776e+01   2.6609289e+01   2.3764702e+01   1.2138344e+02   2.3888021e+01   2.5818394e+01   1.1549728e+02   2.5441211e+01   2.7053143e+01   1.3185043e+02   3.1210200e+01   1.2996155e+02   1.2240648e+02   2.9241661e+01   2.7852738e+01   2.6837572e+01   2.5602446e+01   2.7082394e+01
   2.2789481e+01   2.1112078e+01   2.2271565e+01   2.2439511e+01   2.1281104e+01   2.1922296e+01   2.1007900e+01   2.2515158e+01   2.2637997e+01   2.3701300e+01   2.1414406e+01   2.3853150e+01   2.3255418e+01   2.2123427e+01   2.2122422e+01   2.3404680e+01   2.1324595e+01   2.3768725e+01   2.3753056e+01   2.2860250e+01   2.3059982e+01   2.5294094e+01   2.5440675e+01   2.3771977e+01   2.4099322e+01   2.5466861e+01   2.2769801e+01   2.3360211e+01   2.2757668e+01   2.3494511e+01
   2.0387215e+01   2.0497917e+01   2.0387215e+01   2.0387216e+01   2.0387215e+01   2.0387215e+01   2.0387215e+01   2.0387215e+01   2.0561658e+01   2.0387215e+01   2.0497917e+01   2.0387215e+01   2.0387215e+01   2.0387215e+01   2.0387215e+01   2.0387215e+01   2.0387215e+01   2.0387337e+01   2.0387215e+01   2.0387215e+01   2.0387215e+01   2.0570132e+01   2.0388205e+01   2.0387215e+01   2.0387215e+01   2.0387215e+01   2.1710812e+01   2.0387215e+01   2.1001376e+01   2.1112078e+01
