   7.5236302e+09   3.2751749e+06   3.6023827e+09   2.6748847e+09   3.9519298e+08   5.7896164e+06   4.9696209e+07   9.9048438e+09   1.5987902e+09   1.7561293e+09   4.1931632e+08   2.7222336e+09   2.6822335e+07   2.1179474e+08   2.8697280e+08   3.1905542e+08   1.8687566e+07   4.5800787e+09   4.3207303e+05   3.1670254e+09   2.9672279e+09   2.1196898e+08   1.5629159e+09   3.3372463e+09   6.3702051e+09   6.7489174e+09   1.0843077e+07   7.3788934e+08   4.2305732e+08   2.0258829e+08
   7.5236302e+09   3.2751749e+06   3.6023827e+09   2.6748847e+09   3.9519298e+08   5.7896164e+06   4.9696209e+07   9.9048438e+09   1.5987902e+09   1.7561293e+09   4.1931632e+08   2.7222336e+09   2.6822335e+07   2.1179474e+08   2.8697280e+08   3.1905542e+08   1.8687566e+07   4.5800787e+09   4.3207303e+05   3.1670254e+09   2.9672279e+09   2.1196898e+08   1.5629159e+09   3.3372463e+09   6.3702051e+09   6.7489174e+09   1.0843077e+07   7.3788934e+08   4.2305732e+08   2.0258829e+08
   3.4266406e+04   3.2751749e+06   1.0884893e+09   1.5480915e+07   1.9495241e+07   5.7896164e+06   3.4812498e+07   1.8823893e+08   4.0532118e+06   9.3712744e+06   4.1931632e+08   1.3233363e+07   2.6822335e+07   2.8741865e+05   1.1434561e+06   3.1905542e+08   1.8687566e+07   2.7317628e+08   4.3207303e+05   7.2997455e+07   9.9134937e+07   2.1196898e+08   5.6253462e+06   2.1269644e+08   2.7101835e+09   6.7489174e+09   1.0843077e+07   1.0362961e+06   7.8017713e+07   2.0258829e+08
   3.4266406e+04   3.2751749e+06   1.0243398e+07   4.7763162e+06   1.9495241e+07   5.7896164e+06   1.2414468e+07   7.3558528e+05   3.5351937e+06   9.3712744e+06   1.3369006e+06   1.3233363e+07   9.3957881e+06   2.8741865e+05   1.1434561e+06   1.9681710e+07   9.0933259e+06   5.0278454e+06   4.3207303e+05   1.2861721e+07   9.9134937e+07   1.1218512e+07   5.5598316e+06   2.5393341e+07   1.4126259e+07   1.3675756e+07   1.5323034e+06   1.0362961e+06   7.5198964e+06   8.8346957e+06
   3.4266406e+04   3.2751749e+06   1.9003068e+06   4.7763162e+06   1.9495241e+07   2.0075440e+06   8.1509380e+06   7.3558528e+05   3.5351937e+06   9.3712744e+06   1.3369006e+06   6.4648362e+06   6.2476223e+06   2.8741865e+05   6.6849010e+05   6.1686847e+06   9.0933259e+06   5.0278454e+06   4.3207303e+05   1.2861721e+07   1.3664345e+06   3.2629973e+06   5.5598316e+06   1.4981092e+06   1.4126259e+07   1.3675756e+07   1.3497121e+05   1.0362961e+06   5.6082337e+06   8.8346957e+06
   3.4266406e+04   3.2751749e+06   1.9003068e+06   9.2135384e+05   9.1237749e+06   1.4346939e+06   2.3818093e+06   6.4523174e+05   1.9280606e+06   2.9581510e+06   1.3369006e+06   2.6915793e+05   2.1173961e+06   2.8741865e+05   6.6849010e+05   6.1686847e+06   2.8064876e+06   5.0278454e+06   4.3207303e+05   1.4949784e+06   1.5548786e+05   3.2629973e+06   5.5598316e+06   3.4373386e+05   1.0393741e+07   5.1863887e+06   1.3497121e+05   1.0362961e+06   3.6116520e+06   1.9514575e+06
   3.4266406e+04   1.0399012e+05   1.0556185e+06   3.5579811e+05   4.8733631e+06   3.1120510e+05   2.8296424e+05   3.3822092e+05   1.9280606e+06   1.0733377e+06   1.2440005e+06   2.6915793e+05   2.1173961e+06   1.4676550e+05   6.6849010e+05   6.1686847e+06   7.3461421e+05   2.6944976e+05   1.2440531e+04   2.4135387e+04   6.9674085e+04   1.5470584e+06   1.6965427e+06   3.2033536e+05   4.6758965e+05   4.0541859e+05   1.1277458e+05   1.0362961e+06   1.5710688e+06   2.1529076e+05
   3.4266406e+04   1.0399012e+05   5.4229407e+05   2.3148435e+05   3.0571759e+06   4.3366675e+04   2.8296424e+05   2.6686441e+05   1.9280606e+06   3.0712894e+05   1.4640037e+05   1.2562229e+05   1.7530258e+06   1.1088368e+04   5.6733674e+05   4.9716667e+06   7.3461421e+05   1.4415369e+05   1.2440531e+04   7.9760966e+03   6.9674085e+04   4.1691668e+05   1.4765969e+06   8.6611690e+03   4.6758965e+05   1.7651775e+05   1.7872369e+04   3.6541473e+05   7.6786084e+05   5.8685951e+04
   3.4266406e+04   1.0399012e+05   5.4229407e+05   5.0777125e+03   6.3113571e+05   6.7205709e+03   2.8296424e+05   1.9533580e+04   3.3886725e+05   2.2110836e+04   4.0116140e+04   1.3798625e+04   1.0370223e+05   1.1088368e+04   3.5398375e+05   1.3284331e+06   6.7665302e+05   1.7183592e+04   1.2440531e+04   7.5885537e+03   2.5100135e+04   1.4124822e+05   1.7163921e+05   8.6611690e+03   2.6103427e+05   5.3255031e+04   1.4949366e+03   2.3793008e+04   1.9559186e+04   1.6154327e+04
   1.1271063e+03   1.2353220e+03   2.5843021e+03   4.1397653e+03   8.7740822e+03   1.4748573e+03   3.9138313e+03   7.6818777e+02   1.3055188e+03   1.7715080e+03   9.1549227e+02   4.3099020e+03   2.0510325e+03   3.9699531e+03   2.7550113e+03   3.7534813e+03   2.3362091e+03   1.1613156e+03   2.1661794e+03   6.1123174e+03   5.5899198e+02   1.7489249e+03   1.4826751e+03   2.1805056e+03   2.6209950e+03   1.9316420e+03   1.0676740e+03   2.3422202e+03   1.6678983e+03   4.7476427e+03
   8.4052659e+02   1.0573570e+03   9.5728084e+02   3.7343877e+03   7.3067954e+03   1.2809957e+03   2.9703975e+03   6.2996200e+02   1.3055188e+03   1.4655252e+03   4.4025712e+02   9.0150417e+02   1.9065499e+03   3.7938134e+03   1.7244685e+03   2.8702024e+03   1.1789202e+03   1.0537024e+03   1.5515802e+03   5.3279563e+03   5.5899198e+02   1.4975351e+03   1.2285066e+03   1.6887906e+03   2.6209950e+03   1.3344484e+03   8.3397261e+02   1.7376824e+03   1.5776515e+03   3.8901317e+03
   6.9272475e+02   7.7910522e+02   6.7130656e+02   1.8384346e+03   1.6791643e+03   5.8450350e+02   1.0395384e+03   4.7857418e+02   7.2915721e+02   7.6201105e+02   1.8452337e+02   3.6425193e+02   1.0956273e+03   8.1707149e+02   8.2990780e+02   2.0146689e+03   9.5708319e+02   6.3379290e+02   4.3586828e+02   1.0770929e+03   4.5054309e+02   9.4159336e+02   7.9102337e+02   1.2936148e+03   2.1886038e+03   1.9838408e+02   4.6170869e+02   1.3121374e+03   8.6948465e+02   1.7185742e+03
   6.4357983e+02   4.1572798e+02   4.1355309e+02   2.3524323e+02   4.9230280e+02   3.4521321e+02   4.9892359e+01   2.6807148e+02   4.5224775e+02   6.1017633e+02   7.2856771e+01   3.1913365e+02   1.3404030e+02   2.6828217e+02   3.3830067e+02   6.5838991e+02   4.3051095e+02   4.1017093e+02   3.3974588e+02   3.1872563e+02   2.9725406e+02   2.8450415e+02   4.4430757e+02   4.4138328e+02   3.3872381e+02   4.5040461e+00   4.2598140e+02   5.0630665e+02   6.4627409e+02   3.0004860e+02
   6.2430832e+02   3.8314234e+02   3.9891777e+02   2.2367454e+02   4.6828217e+02   2.8783131e+02   2.5332587e+01   2.3953734e+02   4.4106680e+02   2.3257445e+02   3.0968145e+01   2.9868808e+02   1.1914242e+02   2.2937729e+02   2.7858116e+02   6.5041619e+02   3.8641026e+02   3.9697043e+02   3.3666674e+02   2.9688410e+02   2.3130551e+02   2.2728228e+02   4.3943994e+02   4.3951535e+02   2.2919493e+02   1.6614572e+00   3.6185805e+02   3.8817140e+02   5.6732274e+02   2.1922914e+02
   2.9725864e+02   3.4307842e+02   6.6311953e+01   4.9058583e+00   4.6824918e+02   1.8865332e+00   5.1950801e+00   1.4229369e+02   4.4106600e+02   1.9775846e+00   1.4777789e+00   4.4651986e+00   1.1914219e+02   2.2937729e+02   2.6292359e+00   6.1157469e+02   1.2099865e+02   2.2769553e+02   3.3666674e+02   2.9688348e+02   2.3130551e+02   2.2354135e+02   4.3943695e+02   3.1411934e+02   2.2919493e+02   1.6614572e+00   3.6185805e+02   3.8817140e+02   5.1773265e+00   2.1922914e+02
   1.0429856e+01   1.2853902e+00   2.8134462e+00   4.9058583e+00   1.2444449e+01   6.5090432e-01   2.1631175e+00   1.7466817e+01   1.1815529e+00   1.9775846e+00   1.4777789e+00   4.4651986e+00   1.1516372e+00   9.4819117e+00   2.6292359e+00   2.2411900e+01   3.6694059e+00   1.0538988e+01   1.6567692e+01   1.2838667e+00   4.1615626e+00   5.3209192e+00   3.0290817e+01   1.2298472e+01   2.1882976e+00   1.2224686e+00   1.3672965e+01   2.2021992e+01   5.1706649e+00   1.7694298e+01
