   8.2183232e+09   6.9695351e+05   8.6169652e+09   8.1940104e+09   1.0255699e+06   1.5946314e+10   4.8424662e+09   1.0550583e+10   6.0290029e+08   1.6199767e+07   1.0466392e+10   2.0560388e+09   1.1853160e+10   1.6550320e+10   2.8488213e+08   1.2908049e+10   1.3096632e+09   6.1962776e+09   1.9355727e+05   8.7059913e+09   1.1804883e+09   9.6063567e+09   5.3362642e+06   2.8931477e+09   4.8408499e+09   9.2856600e+06   1.7646792e+09   1.8436482e+10   6.3532695e+08   4.7746534e+08
   8.2183232e+09   6.9695351e+05   8.6169652e+09   8.1940104e+09   1.0255699e+06   1.5946314e+10   4.8424662e+09   1.0550583e+10   6.0290029e+08   1.6199767e+07   1.0466392e+10   2.0560388e+09   1.1853160e+10   1.6550320e+10   2.8488213e+08   1.2908049e+10   1.3096632e+09   6.1962776e+09   1.9355727e+05   8.7059913e+09   1.1804883e+09   9.6063567e+09   5.3362642e+06   2.8931477e+09   4.8408499e+09   9.2856600e+06   1.7646792e+09   1.8436482e+10   6.3532695e+08   4.7746534e+08
   3.6025488e+08   6.9695351e+05   2.4728995e+09   1.7450043e+09   1.0255699e+06   2.3149416e+09   5.9016737e+06   1.0981363e+09   1.7324932e+08   1.6199767e+07   7.1930673e+08   1.9096237e+08   1.8779986e+09   3.0952860e+09   1.0777969e+06   1.2908049e+10   1.4501717e+07   1.7875196e+07   1.9355727e+05   5.2251408e+09   4.7917442e+08   2.6288228e+09   5.3362642e+06   9.8042615e+06   5.0244658e+07   9.2856600e+06   3.1210643e+08   1.8347830e+09   1.4964600e+08   4.7746534e+08
   3.6025488e+08   6.9695351e+05   3.0672365e+07   2.6425519e+07   1.0255699e+06   5.9633929e+08   5.9016737e+06   1.5385653e+07   1.3668183e+06   1.6199767e+07   8.8530325e+06   1.6949862e+06   1.8779986e+09   1.0892437e+09   1.0008897e+06   1.2908049e+10   6.9682409e+05   1.7875196e+07   1.9355727e+05   5.2251408e+09   6.2505062e+07   2.6288228e+09   5.3362642e+06   8.4301860e+06   2.4189078e+07   9.2856600e+06   1.3338331e+07   9.0072131e+07   1.3327629e+08   2.1709970e+07
   6.7696890e+07   8.0495311e+04   1.7296472e+07   2.6425519e+07   9.5636557e+05   1.5963305e+07   9.2214432e+05   1.5385653e+07   1.3668183e+06   1.4364457e+07   8.8530325e+06   1.6949862e+06   1.9585647e+08   1.0892437e+09   1.0008897e+06   3.1024662e+08   6.9682409e+05   1.7875196e+07   1.9355727e+05   1.1965141e+08   3.7376895e+07   1.3193600e+08   5.3362642e+06   8.4301860e+06   2.4189078e+07   9.2856600e+06   9.4643958e+05   4.2686137e+06   1.5024313e+07   5.8162991e+06
   1.3650423e+07   6.9266223e+04   1.4472917e+06   1.1564406e+06   2.7038398e+04   4.7367050e+05   9.2214432e+05   7.1997191e+06   1.3668183e+06   1.4213786e+07   1.3015745e+05   1.6949862e+06   7.5150884e+06   6.3132030e+07   4.9521964e+04   7.9938489e+06   6.9682409e+05   1.6267952e+07   6.2867465e+04   1.2373738e+07   8.0965470e+06   4.6097600e+06   7.1444825e+05   1.1222680e+06   9.5438008e+06   6.2556893e+06   5.4622015e+05   4.2686137e+06   5.1409308e+06   6.4027373e+05
   1.2650271e+06   6.9266223e+04   1.4472917e+06   4.2539297e+05   2.7038398e+04   4.7367050e+05   9.2214432e+05   9.5484083e+05   1.3668183e+06   8.0078330e+06   1.3015745e+05   4.5425209e+05   3.0832281e+05   5.0087363e+06   4.3237345e+04   1.5017448e+06   6.9682409e+05   8.5125420e+04   6.2867465e+04   1.1402078e+05   1.8052478e+06   4.6097600e+06   7.1444825e+05   1.1222680e+06   2.0777920e+06   2.0429364e+06   5.4622015e+05   2.7285288e+06   3.2768219e+06   2.1281696e+05
   2.0409008e+05   2.3305155e+04   5.5544052e+04   4.2539297e+05   2.4776321e+04   8.9584847e+04   2.5940409e+05   6.5282523e+05   5.9238333e+03   5.4370688e+06   1.3015745e+05   4.5425209e+05   3.0832281e+05   2.0909233e+06   2.4956307e+04   1.5372538e+05   1.7393323e+05   8.5125420e+04   3.1055863e+04   1.1402078e+05   1.0348365e+06   9.6148372e+05   5.9969506e+05   6.6214236e+05   4.0411714e+05   5.5202264e+05   5.1816396e+05   2.4428629e+06   2.7337374e+06   2.1281696e+05
   4.2698504e+04   1.6225735e+04   9.9060673e+03   6.3546894e+04   7.6061390e+03   8.9584847e+04   2.0460924e+03   2.9046914e+05   5.9238333e+03   2.0215794e+06   6.3764712e+03   3.1956433e+05   3.0832281e+05   3.5258194e+05   2.1533114e+04   1.5044240e+04   3.2446019e+04   7.5113052e+04   3.1197432e+03   1.1354336e+05   8.1199958e+04   1.5316637e+04   7.1201037e+03   7.9953648e+03   3.8007144e+05   1.2554777e+05   2.6954093e+05   4.8091317e+04   7.7866696e+05   2.1281696e+05
   1.0943359e+04   1.3965800e+04   7.6100146e+03   7.5832029e+03   1.6601019e+03   1.2131697e+04   1.9806361e+03   1.0906908e+04   5.7553440e+03   3.3244973e+04   6.3764712e+03   2.7075026e+03   3.0832281e+05   1.1103578e+05   1.3543263e+04   1.3100210e+04   8.9989426e+03   1.3582733e+04   2.0138364e+03   9.0103460e+03   1.3755045e+04   3.1743640e+03   5.7422554e+03   4.6673807e+03   2.5904563e+05   1.5598655e+04   2.1949258e+03   5.1307352e+03   4.1429515e+03   2.2499448e+03
   9.8728738e+03   1.3470525e+04   7.0860750e+03   2.9801640e+03   1.6601019e+03   8.5761705e+03   1.8749523e+03   9.6080155e+03   4.9991657e+03   1.4171032e+03   6.3764712e+03   2.7075026e+03   7.5328320e+03   3.8276042e+03   1.2187644e+04   1.2891873e+04   7.9299500e+03   1.2952463e+04   1.7300432e+03   8.7572967e+03   1.3516901e+04   3.1743640e+03   5.1658941e+03   4.2875209e+03   4.1109489e+03   1.5598655e+04   1.7837237e+03   4.9736046e+03   2.0142713e+03   1.9790292e+03
   4.8873246e+02   9.0855674e+02   7.4003799e+02   1.2895212e+03   6.8091127e+02   5.1808353e+03   1.5296321e+03   2.1793338e+02   7.6577763e+02   1.0596417e+03   1.4121626e+02   1.2431748e+03   3.3285171e+03   2.7470084e+03   8.7059230e+02   3.6868611e+03   4.5430066e+03   3.4014500e+02   1.1845622e+03   4.7002673e+03   7.8645917e+02   2.1188172e+03   8.5582839e+02   4.6294599e+02   1.9226232e+03   2.2765617e+03   1.3346062e+03   3.5880218e+03   1.2170798e+03   1.3900190e+03
   3.9511646e+02   4.7886140e+02   5.8168524e+02   3.0030422e+02   1.6462296e+02   8.2684244e+02   9.8812508e+02   1.3843705e+02   5.3662055e+02   8.0216676e+02   5.4681806e+01   7.4481953e+02   2.8639725e+01   4.8743258e+02   8.3394443e+02   3.4484262e+01   2.7562570e+02   2.6519138e+02   6.8983702e+02   5.8324443e+02   4.3255150e+02   4.4175414e+02   3.3473455e+02   1.7610415e+02   1.3151152e+02   3.4940628e+02   3.8864953e+02   5.5495208e+02   6.7721365e+02   3.9817748e+02
   3.6646154e+02   2.2718438e+02   5.7881298e+02   1.7851242e+02   1.3036378e+02   6.0901650e+02   7.0500824e+02   1.3716408e+02   3.6882812e+02   7.3269191e+02   2.7539011e+01   7.3070277e+02   1.0339787e+01   3.2677550e+02   8.2099487e+02   1.4722767e+01   1.4618724e+02   2.5065199e+02   4.6296191e+02   4.4087516e+02   3.7483010e+02   3.8150474e+02   3.0530967e+02   1.4181844e+02   1.2258619e+02   3.1878858e+02   3.5869248e+02   5.2220033e+02   6.3961120e+02   3.7733766e+02
   3.6646154e+02   2.2718438e+02   4.7104497e+02   1.7851242e+02   1.3036378e+02   3.7958677e+02   2.2417415e+02   1.3716408e+02   3.6882812e+02   1.4594554e+02   2.7539011e+01   2.4959038e+02   1.0339787e+01   2.3221454e+02   2.1930936e+02   1.4722767e+01   1.4618724e+02   1.4830891e+02   3.1466096e+02   4.4087516e+02   3.7483010e+02   1.8367599e+02   3.0530967e+02   1.4181844e+02   1.2258619e+02   2.6764140e+02   3.5869248e+02   2.5730832e+02   2.4023172e+02   3.7733766e+02
   1.7937875e+01   1.5520598e+01   2.7903581e+01   1.3779010e+01   2.8860575e+01   2.9301746e+01   1.3993994e+02   2.0392022e+01   5.2157249e+01   1.2711762e+01   2.7539011e+01   3.9933876e+01   1.0339787e+01   3.2133469e+01   2.7226186e+01   1.4722767e+01   1.4634527e+01   3.7237893e+01   3.6787689e+01   1.3500769e+01   2.7227764e+01   2.7238740e+01   2.7513035e+01   3.8601034e+01   3.4237933e+01   2.9780548e+01   7.8830623e+00   3.6602324e+01   3.8077077e+01   3.0990984e+01
