2821.0291899999997	3030.60772	1803.18834	2040.5987799999998	2438.2531599999998	2511.58214	2546.69698	2072.6117600000002	2337.74161	2570.89641	2154.35115	2725.20078	2837.42286	2716.1694399999997	2799.41401	2509.77731	2916.42773	2861.68219	1880.41253	2249.2879399999997	2485.78028	2024.01395	2772.78326	1986.21212	2829.4433200000003	3277.87781	3060.965	2125.59442	3161.36478	3804.91126
2821.0291899999997	3030.60772	1803.18834	2040.5987799999998	2438.2531599999998	2511.58214	2546.69698	2072.6117600000002	2337.74161	2570.89641	2154.35115	2725.20078	2837.42286	2716.1694399999997	2799.41401	2509.77731	2916.42773	1869.24586	1880.41253	2249.2879399999997	2485.78028	2024.01395	2576.97731	1986.21212	2829.4433200000003	3277.87781	2978.51493	2125.59442	3161.36478	3165.6924599999998
2501.0892	3030.60772	1803.18834	2040.5987799999998	2331.59213	2511.58214	2546.69698	2072.6117600000002	2337.74161	2570.89641	1900.72894	2725.20078	2837.42286	2448.31316	2656.53279	2066.42082	2139.67451	1869.24586	1880.41253	2249.2879399999997	2485.78028	2024.01395	2576.97731	1986.21212	2829.4433200000003	3277.87781	2670.62611	2085.62038	2870.2411300000003	3165.6924599999998
2501.0892	2961.4984999999997	1803.18834	2040.5987799999998	2331.59213	2511.58214	2263.0452600000003	2072.6117600000002	2252.19784	2504.84912	1900.72894	2596.30633	2791.78357	2024.99681	2314.0369	2066.42082	2139.67451	1869.24586	1880.41253	2249.2879399999997	2485.78028	1911.11574	2576.97731	1949.34881	2765.15231	2885.6177399999997	2670.62611	2085.62038	2870.2411300000003	3165.6924599999998
2259.07703	2586.63712	1803.18834	1470.57769	2331.59213	2187.07739	2263.0452600000003	1791.48861	2252.19784	2504.84912	1900.72894	2561.0299	2368.45345	2024.99681	2314.0369	2066.42082	2139.67451	1869.24586	1702.88057	2248.61056	2222.3535	1911.11574	2027.68997	1949.34881	2189.98608	2597.3036899999997	2670.62611	2085.62038	2316.07985	2589.53964
2211.4158700000003	2586.63712	1605.88155	1470.57769	1770.97449	2086.10391	2069.0371299999997	1791.48861	1745.567	2030.0294299999998	1863.44041	2193.1045400000003	2197.90757	1765.68074	2192.31814	1968.97688	1982.36178	1869.24586	1373.7130900000002	2064.52595	1935.74652	1467.9170399999998	1835.1330500000001	1481.51378	2189.98608	2185.56338	2390.02904	1626.9041399999999	1812.99845	2396.04849
1231.4631	1764.13888	1464.7715400000002	1136.8601700000002	1761.75073	1907.60239	1441.35475	1760.08261	1277.90015	1719.8312799999999	1351.26562	1586.4565	1516.93065	1617.40749	1989.46775	1382.0456199999999	1271.24468	1385.99089	1352.3571000000002	1474.10049	1474.3955099999998	1413.0174499999998	1536.55657	1441.25128	1596.57255	1997.8727999999999	1829.84049	1122.18963	1802.4575599999998	1699.43166
1032.39244	785.804629	940.7406310000001	858.289909	1115.1708600000002	1117.56901	1361.54716	1240.00784	894.726207	1218.40365	779.686975	773.905054	1180.47217	1153.32146	1112.5697400000001	927.097477	1032.77089	799.861782	996.716482	1002.82983	849.312056	620.910711	1109.33699	1171.7434600000001	1153.41234	1190.01767	1270.67007	997.763874	1201.75009	1249.4087599999998
467.271226	301.98494	513.04805	373.659512	670.0280369999999	602.9481490000001	729.793149	328.69042199999996	380.16650599999997	473.78171699999996	209.564086	389.247795	466.12634899999995	562.7994649999999	442.49404	508.688163	739.18461	292.636457	489.10813400000006	561.060423	506.459948	461.31609100000003	453.02972400000004	578.298982	588.355411	624.284248	683.03644	487.82766999999996	664.016629	553.640354
115.925049	70.4599901	175.101954	92.7207783	98.8642812	115.464476	59.856172599999994	114.1045	117.266392	124.179068	88.14442729999999	60.69837030000001	65.4759813	96.11298310000001	155.356384	60.3288808	101.237212	119.883548	89.2715609	115.20831199999999	119.171479	101.55965	84.210677	93.9671081	89.4686549	86.90727580000001	124.634606	122.06242599999999	145.189654	133.127511
12.2147089	10.188922	11.7909741	1.789491583016193e7	299139.82138204266	11.0742859	14.886627800000001	13.673627	11.808352200000002	13.0400885	11.9370946	10.7008282	10.8621357	13.0633707	10.006415200000001	10.9832928	3.127903888707925e8	5.6208156286074996e7	1.0886338395942198e7	1.3049380659948597e7	6.424616518496105e7	12.4837112	16.4657335	6.386403731261973e7	2.641929534877871e8	3.612677713975034e6	10.1141232	13.398838900000001	4.774667242534193e8	6.96051333770259e9
848.1864495871984	157.9534768586509	274.13057056098415	248.04792021629024	83.26516749329666	392.026784142658	232.7096001799538	112.42284203386396	63.62760261032622	268.1068252212339	159.30521754726738	66.06072261866568	212.20316153330086	240.17785949422796	428.04674609463143	404.5655048206268	575.2133143227983	309.67288490195165	21.597464558554478	142.46777115153645	58.45564541951963	471.15561370656536	1091.3299651735497	45.09620021841577	166.0498203233777	113.77656291649882	115.68893151082501	89.84911215904508	308.3404202590479	242.5694257097825
0.9438016980000001	0.6651370540000001	0.761478146	0.9669217120000001	0.7684454430000001	0.852728353	0.9817493580000001	0.8309989030000001	0.760414071	0.948052396	0.9060635080000001	0.887332876	0.8661129430000001	11.764244987373703	0.9703321100000001	0.879419823	0.986300752	0.718223888	0.591921537	0.992743452	0.6766289480000001	0.431808651	0.9335873060000002	0.706884584	0.8680954180000001	11.928597096932704	0.9003178119999999	0.7057556850000001	0.7757329770000001	10.472133981884431
0.40311682800000004	0.514235599	0.591926398	0.8058496050000001	0.619926365	0.603464246	0.5367390900000001	0.609533345	0.540132985	0.732267085	0.427955451	0.46744223900000004	0.57164258	0.752331431	0.78284756	0.47965756500000006	0.577433053	0.5771696900000001	0.493020389	0.68377445	0.435876619	0.299507265	0.49780078000000005	0.5571100999999999	0.712807803	0.6056719420000001	0.6074431960000001	0.541327802	0.619280954	0.664214904
0.40252019299999997	0.448206812	0.400727136	0.6632121340000001	0.48184987100000004	0.603464246	0.527932425	0.471296787	0.41700521100000004	0.640859999	0.360434205	0.369317612	0.31726811800000004	0.58206016	0.547891827	0.320358237	0.56965888	0.39991250300000003	0.275432793	0.589193413	0.22999070000000002	0.24844205200000002	0.42392603500000003	0.4879887970000001	0.678366047	0.53793586	0.43067023200000004	0.520316426	0.369403931	0.47236194200000003
0.333889829	0.215110029	0.332176856	0.5684456090000001	0.247555038	0.329344949	0.45583091900000006	0.34536123	0.35108746100000005	0.31512274300000004	0.19338992600000002	0.281273908	0.181360353	0.368324667	0.132877206	0.29394043200000003	0.276429193	0.282025602	0.24807252800000001	0.375411323	0.102163688	0.15019185300000001	0.331698296	0.386520357	0.45877279000000004	0.36753447800000005	0.250242634	0.377691893	0.181580976	0.2872926