931.402241	632.309979	968.792621	930.801174	663.7996410000001	420.18514600000003	225.446244	541.011926	962.939426	883.9759320000001	300.915239	895.6066229999999	723.7277780000001	598.551942	593.834072	671.455248	893.462958	913.53975	846.810762	853.573772	418.290654	480.71646699999997	830.097351	745.692109	584.776434	864.1955189999999	745.8653400000001	295.090247	355.802319	671.0119599999999
931.402241	632.309979	886.960509	834.0002529999999	663.7996410000001	420.18514600000003	225.446244	486.13330799999994	962.939426	883.9759320000001	300.915239	895.6066229999999	723.7277780000001	598.551942	593.834072	671.4540000000001	893.462958	913.53975	846.810762	743.837127	377.53233	480.71646699999997	830.097351	745.692109	584.776434	864.1955189999999	745.8653400000001	295.090247	355.802319	671.0119599999999
775.259556	632.309979	886.960509	798.5595810000001	663.7996410000001	420.18514600000003	225.446244	418.208945	891.985903	866.313335	300.915239	403.477008	723.7277780000001	598.551942	593.834072	671.4540000000001	893.462958	632.966164	755.44598	743.837127	377.53233	480.71646699999997	569.4882709999999	600.453525	584.776434	702.9406240000001	745.8653400000001	233.30871000000002	355.292508	671.0119599999999
775.259556	632.2827659999999	798.9559429999999	798.5595810000001	532.0853010000001	420.18514600000003	225.446244	418.208945	813.6870710000001	866.313335	226.067547	403.477008	723.7277780000001	595.9898489999999	593.834072	671.4540000000001	893.462958	632.966164	755.44598	743.837127	377.53233	361.076546	569.4882709999999	600.453525	584.776434	518.981499	745.8653400000001	233.30871000000002	355.292508	668.7458839999999
477.96434200000004	625.539956	798.9559429999999	798.5595810000001	501.144446	420.18514600000003	213.068821	418.208945	813.6870710000001	621.495264	226.067547	403.477008	666.6871679999999	459.615951	593.834072	671.4540000000001	803.052136	632.966164	755.44598	700.268291	377.53233	361.076546	545.267634	600.453525	546.896354	518.981499	728.073312	233.30871000000002	355.292508	498.601397
477.96434200000004	234.026419	671.494827	516.808476	501.144446	413.630546	213.068821	230.37984100000003	670.316989	621.495264	226.067547	403.477008	479.683541	459.615951	350.908146	384.683363	580.436298	387.353002	607.7421099999999	512.097852	377.53233	361.076546	545.267634	455.239029	413.87431100000003	491.109362	520.627349	176.98643	319.80354900000003	486.785385
477.95226499999995	234.026419	519.531894	329.971745	419.84263699999997	266.214607	212.917993	230.37984100000003	438.375464	361.349504	204.74687600000001	403.477008	365.248374	334.76095	350.908146	384.683363	495.279929	387.353002	466.230709	512.097852	353.966344	307.620834	218.654496	376.445434	270.45594	269.581743	309.478828	69.458167	319.80354900000003	466.915297
266.690302	82.7249433	241.842962	190.449885	151.697058	174.748364	212.917993	186.406586	264.84830999999997	148.363246	204.74687600000001	345.871068	180.361978	250.98906699999998	187.652551	309.62480800000003	320.60778	274.05208	266.718086	220.023788	155.146001	279.543975	166.167267	289.345909	262.486371	179.501694	237.183411	65.2088752	160.88877100000002	293.50614
126.721251	38.400171300000004	165.332991	74.4806697	71.4133674	170.055153	152.486767	68.8225505	55.9775102	104.69216999999999	136.767679	127.272976	56.547015900000005	114.949278	145.32273600000002	188.846184	48.62574000000001	115.78496	105.87579000000001	159.853996	93.4069433	129.875239	125.056386	64.8064253	146.495742	60.836558600000004	106.670561	46.8001766	93.7085529	235.26242399999998
30.3927793	30.5093994	37.4914809	57.9578331	38.6159937	40.509394900000004	69.3203646	56.814573700000004	52.5569501	34.3515447	22.239174400000003	66.8628997	48.4202155	13.8909097	71.7493072	32.3848387	38.0070241	33.122378	84.97315540000001	56.910174	36.1741776	14.0049016	67.7380183	15.9242126	39.9613241	32.199175499999996	35.1754613	24.655797	48.304921	44.4007168
2.36307268411066e9	12.3791651	14.551308899999999	17.413251000000002	5.682342538838571e6	12.388832999999998	12.136726099999999	1.8897942358782507e7	1.3946715763639843e9	6.274619141049117e7	6.602332012837463e6	13.9646104	2.2121753564878676e7	1.3561014489609735e7	16.252349	4.0355383611963384e7	1.5909134372032228e9	7.791361230686834e8	184677.37803145824	3.548250315038738e6	579.2687898743129	8.044616399942912e6	19.048458699999998	6.053959482280607e7	9.33973921518091e6	18.3811244	10.7650492	58050.20262662124	11.045008999999999	14.183532999999999
64.27591089158283	62.447773681097516	370.68439195353363	240.4331409674677	275.8042410180475	151.98593865366124	298.40604041854584	236.57435244109183	107.12057371524212	389.5473371817253	100.28763273075617	164.11892363214034	118.86446500655714	99.26340075379366	381.69082447316083	68.92410256049875	160.52136347777662	21.86323284138115	68.96822199582041	142.24748938515307	97.1590075570656	158.93804253993838	2463.542052203318	83.07736052770346	198.7325247656003	82.51101318125933	112.98377467830201	25.94475954347033	357.16359856177274	320.75259599372066
0.708315058	0.791086637	0.750822627	0.705422381	0.940872162	0.520707996	0.962982928	0.948773411	10.452392267859675	0.902379247	0.7040242240000001	0.902792663	0.998977205	0.8269449240000001	0.852098636	0.494445161	12.279796223906526	0.5267830990000001	0.74598582	0.9432675	0.732993957	0.924845613	0.951689955	0.8788410210000001	0.927347444	0.6314940010000001	0.7397343190000001	0.6877464950000001	11.482352889556806	0.674961172
0.364180481	0.099938802	0.23412454700000002	0.19986877300000003	0.446877197	0.129755012	0.202912979	0.59016785	0.15292300700000003	0.42146342700000006	0.349458818	0.389127763	0.440274713	0.19579169400000002	0.251947863	0.145415857	0.44054534900000003	0.0942258026	0.25571501	0.334751735	0.177289849	0.45393252000000006	0.374200639	0.15905057600000003	0.163892523	0.26177135900000004	0.186251143	0.331499739	0.30921181400000003	0.23585824500000002
0.0998213396	0.053969514700000006	0.07995078870000001	0.0541153318	0.09156382410000001	0.04992311370000001	0.105619574	0.308367987	0.0410115224	0.18491827000000002	0.08261450140000001	0.122510079	0.09197293620000001	0.0279924201	0.0570851973	0.0412467722	0.18447906000000003	0.0260996364	0.0700370693	0.053341453500000004	0.08892276430000001	0.151331341	0.0769246474	0.0540031143	0.0697834526	0.03231825	0.0518676359	0.0858650299	0.0667189666	0.0752068948
0.023117276200000002	0.0376305419	0.050276305800000004	0.021838968099999998	0.0449157452	0.0315849864	0.0279812066	0.043419468600000004	0.0286948531	0.0197915502	0.0279943528	0.031055778100000004	0.0372275961	0.0217711687	0.0237223452	0.025134746300000003	0.0300780221	0.0202434461	0.0254623002	0.028351227	0.00380973518	0.043375715100000004	0.0282557526	0.042424446299999995	0.0211817632	0.0232802097	0.0399004902	0.0196581031	0.0203933711	0.0392774687