696011.002	2.73367775e6	2.85279483e6	5.06344659e6	7.9322731e6	2.86560811e7	1.561802e6	7.5310004e6	421431.484	146732.722	2.35374654e6	2.09759994e6	1.42461831e6	953747.19	9.36423876e6	1.23266955e6	5.711975619999999e6	320440.493	616333.435	4.35968162e6	768502.765	561304.642	660763.168	315257.458	2.11352942e6	1.2412238900000001e6	2.1994526e6	1.5696311300000001e6	8.01336021e6	2.39554248e6
696011.002	2.73367775e6	2.85279483e6	5.06344659e6	7.9322731e6	5.982677029999999e6	1.3278089e6	7.5310004e6	421431.484	146732.722	2.35374654e6	2.09750949e6	1.42461831e6	953747.19	7.65828691e6	1.23243784e6	5.711975619999999e6	320440.493	616333.435	4.35968162e6	768502.765	561304.5460000001	660763.168	315257.458	2.11352942e6	1.2412238900000001e6	2.1994526e6	1.5696311300000001e6	8.01336021e6	1.75517207e6
696011.002	6283.28806	680716.863	262762.539	1.8441544000000001e6	5.4518272e6	805520.8609999999	2.42557704e6	421431.484	146732.722	2.35374654e6	2.09750949e6	1.42461831e6	953747.19	531796.27	1.23243784e6	1.9714826199999999e6	320440.493	616333.435	4.35968162e6	764176.9380000001	561304.5460000001	660763.168	315257.458	2.11352942e6	1.2412238900000001e6	2.1994526e6	1.5696311300000001e6	8.01336021e6	1.75517207e6
694881.5299999999	6283.28806	680716.863	262762.539	1.16628106e6	5.4518272e6	805520.8609999999	2.42557704e6	421431.484	146732.722	2.35308406e6	500382.511	1.17267492e6	950432.066	531796.27	1.23243784e6	1.9714826199999999e6	320440.493	616333.435	74805.9497	764176.9380000001	243436.47100000002	660763.168	315257.458	2.11352942e6	352264.108	1.69254502e6	1.5696311300000001e6	4.26117647e6	969128.0709999999
694881.5299999999	6283.28806	680716.863	262762.539	649141.862	1.4094849300000002e6	805520.8609999999	2.42557704e6	421419.471	146381.937	1.1310459500000002e6	500382.511	1.15912835e6	950432.066	531796.27	1.23243784e6	1.9714826199999999e6	320003.049	616044.814	74805.9497	764176.9380000001	243436.47100000002	659595.591	315235.74600000004	2.11352942e6	352264.108	210536.03399999999	1.56925135e6	548536.318	969128.0709999999
158608.953	6272.1117	401831.331	262375.911	360166.746	1.4094849300000002e6	691762.782	2.42556492e6	9631.105140000001	146381.937	402960.462	395344.40599999996	1.11679741e6	223631.24000000002	220832.511	128581.382	1.13921569e6	264788.754	616044.814	74805.9497	763882.559	242858.40699999998	215230.84699999998	315235.74600000004	2.11352942e6	150156.087	210536.03399999999	1.01304347e6	548536.318	968208.0510000001
158608.953	6272.1117	294724.412	262375.911	135218.479	1.4094849300000002e6	684557.1340000001	2.17569211e6	9631.105140000001	92585.1758	402960.462	184880.271	143991.598	223580.288	220832.511	128581.382	738971.853	264788.754	615258.48	74062.7941	763379.162	242858.40699999998	215191.061	89943.802	27563.5082	149961.426	210322.023	101859.762	240374.25	382347.557
158604.067	6272.1117	294513.66000000003	262214.172	125438.187	289735.495	18887.822	76428.30840000001	5752.95097	91955.3655	27411.9205	105473.708	130140.704	222789.325	220258.124	127983.06999999999	42459.234500000006	67598.0757	114620.449	73586.2322	259312.39800000002	143065.788	9509.37969	89644.0957	27521.408799999997	149961.357	209883.867	101794.561	67196.0285	33983.607299999996
13916.016	6271.1466	46908.7925	75228.0385	1287.7638499999998	3286.6135	18451.8739	76112.5211	3880.0669399999997	11888.0258	26818.8671	104225.579	129594.798	15674.140599999999	71084.4734	80588.3346	42459.234500000006	14208.6409	64835.3005	73578.8033	29701.4087	22492.7542	9509.37969	7918.11854	27198.7799	107549.64199999999	34464.5984	19470.158799999997	11900.895700000001	28920.7318
13803.2055	4622.24713	14079.5856	44650.82169999999	1144.56697	2118.85939	16607.4225	67517.1566	3419.6589	6500.20186	4884.627079999999	7510.40481	103136.46299999999	4845.890060000001	22701.233900000003	34000.2452	33394.041	1218.1448699999999	20961.698800000002	28635.9907	20512.9575	7772.49599	7501.61222	2993.7454	2523.45057	8047.32062	1077.63653	19336.8305	8359.67844	12498.2769
2473.14848	4541.52612	2316.84935	5172.71342	1130.7153700000001	1585.7135700000001	7656.42169	11748.7121	1088.29418	2522.92542	2235.84829	2304.3783200000003	2877.4194199999997	4218.76532	5434.28294	8190.26468	4011.2191700000003	439.937924	20499.7476	5037.971149999999	10308.7408	2135.65987	1102.40643	393.167462	2315.8816	667.260224	988.390106	3365.70804	1052.8089	4672.54457
1919.57187	169.058228	712.426943	2593.65962	460.378905	614.432754	1514.7643099999998	3755.9038400000004	727.8419150000001	1188.6606900000002	301.56805699999995	430.01042600000005	1026.7891300000001	947.009985	988.815973	823.38766	1991.0293299999998	427.49773400000004	1169.3310999999999	1230.60302	2179.6552899999997	1429.33123	836.312445	250.01950399999998	1629.0134300000002	332.18424999999996	806.196688	1115.23781	272.227816	2196.20203
163.166481	80.3066759	55.0203121	315.35310499999997	81.2770229	47.9815004	93.75305750000001	38.759111499999996	174.550442	103.551017	67.2894306	44.2335345	17.2107064	189.16370799999999	47.711549399999996	314.548811	283.31561800000003	150.540695	126.50696400000001	28.152251	160.829417	142.726672	125.731463	88.0264328	158.612028	126.34172500000001	47.1665577	120.74038300000001	55.483592	116.494871
11.0906866	2585.080609104727	3686.1325669626062	6.703836596711547e7	17669.119989124287	2304.3506722931843	19967.041932914923	16362.159051934774	336414.766228597	11.8186295	222647.24724918065	4247.608585991757	1914.1265182324032	885.5703960978003	123.71978881285774	8.274510473364483e7	16.9549953	75484.37091502648	1.1935694931786476e7	397.47923930781826	1387.5088759409223	11.4927757	60391.88703470048	10.3310178	1.2635199398664266e6	3.5721142429897184e6	4.32326841466257e6	94.46198989612756	4093.962591616774	6.686484620064868e6
12.224218386454115	0.9275166810000001	0.7272624620000001	15.522688413804552	15.282619838827094	0.23920142900000002	15.309105643609973	0.725980312	0.517443869	10.268848580327457	0.7643929690000001	14.32935954798005	0.9785592270000001	0.7095961230000001	0.20644980899999998	10.064095286371838	0.9763300960000001	0.272974541	12.839154057345919	0.936886709	0.441130819	0.592482376	0.454220169	0.8313638170000002	14.962569476432114	0.63943821	0.32479921700000003	0.8609512779999999	0.8590949710000001	0.6720553
0.169368768	0.49193775900000003	0.58388463	12.769791607724446	0.477989457	0.0105874022	0.8208431700000001	0.216999482	0.007040709020000001	0.438086658	0.197699911	0.498773283	0.0744500013	0.0326500645	0.006914316340000001	0.502014297	0.464455569	0.025522649600000002	0.20166532199999998	0.177967036	0.28539512	0.29389197	0.0244116729	0.0745038885	0.522148181	0.451365083	0.009894704530000001	0.619416572	0.0273314301	0.49737535499999996