1.16710128e6	3.3101065200000003e7	1.6773692e6	261270.18600000002	522489.99700000003	1.9399546700000002e6	2.9270385100000002e6	4.86931778e6	985873.285	3.7124812600000002e6	2.86068266e6	468296.20800000004	3.44487772e6	1.34275235e6	1.0122072799999999e7	3.89229174e6	1.56584432e6	2.8403909299999997e6	1.25954382e6	3.38854733e6	773276.3409999999	1.0436692899999999e6	332034.847	1.41673351e6	832384.5410000001	171401.462	3.78968683e6	5.394225869999999e6	1.25517075e6	2.88414881e6
1.16710128e6	1.06964798e7	1.6773692e6	261270.18600000002	522489.99700000003	1.9399546700000002e6	2.9265983699999996e6	4.865013989999999e6	985873.285	3.71196754e6	2.86068266e6	468296.20800000004	3.44469472e6	1.34134425e6	1.0122072799999999e7	3.89229174e6	1.56584432e6	2.8403909299999997e6	1.2595344100000001e6	3.3848608800000004e6	773276.3409999999	1.0436692899999999e6	332034.847	1.41673351e6	832384.5410000001	171401.462	3.78968683e6	5.39421837e6	553522.969	2.88414881e6
382102.821	1.06964798e7	1.6773692e6	258864.785	522489.99700000003	1.9399546700000002e6	2.9265983699999996e6	4.865013989999999e6	985873.285	3.71196754e6	2.86062073e6	468296.20800000004	3.44469472e6	1.34134425e6	1.0122072799999999e7	3.89229174e6	1.56584432e6	2.8403909299999997e6	1.2595344100000001e6	3.3848608800000004e6	762673.683	1.0436692899999999e6	332034.847	1.41673351e6	832384.5410000001	170955.83000000002	3.78968683e6	5.39406534e6	553522.969	2.88414881e6
52504.78829999999	1.06964798e7	1.6773692e6	258864.785	522489.99700000003	1.93978144e6	629458.319	1.98930175e6	985873.285	3.71196754e6	2.86062073e6	468296.20800000004	3.44469472e6	1.34134425e6	5.68446288e6	584698.169	1.56584432e6	2.8403909299999997e6	1.2595344100000001e6	1.28047036e6	762673.683	46697.0519	332033.775	1.41673351e6	831384.2779999999	170955.83000000002	3.78968683e6	2.85510989e6	553522.969	2.88414881e6
52504.78829999999	4.49976465e6	1.04583281e6	258864.785	521869.132	940025.303	629458.319	1.98930175e6	982898.471	75951.1725	2.86062073e6	468296.20800000004	2.0028410499999998e6	1.34134425e6	5.54667345e6	584698.169	1.56584432e6	2.8403909299999997e6	126212.50799999999	966211.4929999999	762673.683	46697.0519	332033.775	871229.614	831384.2779999999	170955.83000000002	1.10216537e6	2.58682663e6	553522.969	2.88372621e6
52504.78829999999	362940.97000000003	696728.3420000001	32463.4239	53452.4053	155303.063	629321.6799999999	512597.65599999996	101936.811	75951.1725	1.46266463e6	467314.458	454161.812	1.34133671e6	220577.682	372939.272	449858.49299999996	432625.22900000005	126212.50799999999	966211.4929999999	84790.045	46697.0519	332033.775	302783.943	80219.5264	170801.717	361674.059	578567.914	553202.747	668933.375
52160.7132	51648.7081	306207.646	32463.4239	53452.4053	13752.504400000002	629321.6799999999	512597.65599999996	101936.811	67387.3108	968410.394	108604.046	419133.753	1.34133671e6	220577.682	8026.7036100000005	200379.951	432625.22900000005	126184.582	374617.10599999997	84768.00450000001	46697.0519	314896.407	69281.8894	80219.5264	10606.5524	36346.981999999996	233148.89800000002	553183.88	170983.269
7579.55093	48050.241700000006	109334.412	32004.115400000002	11039.464000000002	5960.880719999999	32367.776199999997	5013.02879	76799.5943	67216.8737	35583.0115	6113.914699999999	37284.3072	20960.3553	144118.179	7242.91429	22334.8191	39081.1244	8398.883899999999	27053.5525	34687.4651	5785.42771	118668.881	23125.260000000002	16128.209	2435.0352700000003	22656.4303	24281.2686	97122.8572	57930.6333
4367.58378	4087.2384899999997	3310.52162	3091.2816900000003	5633.62315	4409.04117	1490.70458	3514.94289	11322.3041	2333.7901300000003	1189.47519	5022.71124	6443.6254	2165.4253	6826.5567	1832.34871	3084.8753100000004	1724.55874	718.374868	21145.1264	2443.29082	5519.047170000001	8892.93136	1055.43185	5194.59022	933.497392	7885.30794	1563.63843	4343.35276	5017.9051
569.702372	891.822275	1393.0115300000002	875.610678	1132.09638	835.740574	800.860645	632.764824	435.30487200000005	787.343427	618.291209	1367.03037	1591.92085	1421.2541800000001	1638.17606	692.609164	501.967026	709.95977	254.839016	1283.71641	1188.95712	608.582206	796.5755800000001	556.558608	988.669615	494.085975	658.757616	548.788688	839.229061	303.232459
61.5091036	116.833298	187.35436299999998	42.009263399999995	85.131595	48.5313823	106.36046800000001	75.3277193	77.52895480000001	146.31843899999998	50.6405179	100.72770799999999	89.1904686	129.35809700000001	169.460944	44.354555299999994	63.885670899999994	59.4892556	62.453828800000004	90.5683405	76.4582864	128.198517	164.930454	93.5103114	89.2813014	62.3227005	56.446882699999996	109.082736	55.3326384	81.00663080000001
6694.193010351898	309118.694083779	1.7479326310073684e6	4579.704536152613	204553.70494863257	15180.813329214305	10946.248419270632	11335.324569712751	4461.906034289717	2285.8383779371316	46305.181412304024	6462.212276387042	521923.87046724436	14670.24510720891	20736.157363650662	1867.2517279243789	487.45309251545575	1.7718227758019539e6	57707.51192657507	615.7486523508381	64978.902231469314	100341.39857449227	3.5812079506470067e6	53402.2210338247	11095.285708846204	1.8583552118366674e8	38579.89310581856	425052.44628894643	460049.42263910396	2805.6958514442863
0.31710689000000003	0.547908363	0.8335859720000001	0.6484450050000001	0.45806495500000005	0.668471248	0.5923935130000001	0.478541291	0.535670498	0.686625002	0.599437847	0.76552541	0.12066757900000001	0.537773579	0.30899511300000004	0.6121074580000001	0.7194572220000001	0.41065033100000004	0.8343343470000001	0.618742154	0.608096254	0.747678715	0.615261243	0.46777145100000006	0.8665677390000002	0.707024722	0.674690007	0.6654671360000001	0.359894489	0.752925838
0.0506867865	0.0273180679	0.0775146869	0.0468883153	0.059597412399999994	0.079606103	0.05810440360000001	0.021149330100000002	0.0479436598	0.0467079153	0.17255057000000001	0.06865731330000001	0.0297955781	0.035470622800000004	0.021970053200000002	0.0788237424	0.09286263950000001	0.0377261465	0.0913350148	0.0504203856	0.0386742505	0.09893775090000001	0.0697303452	0.0477242871	0.0786860761	0.0845295506	0.08635173410000001	0.046573978	0.043951760799999996	0.0690997168
0.006082183299999999	0.00150293073	0.00340232474	0.00434982506	0.00545090384	0.00757223054	0.00310812786	0.005918691530000001	0.00546744496	0.00392906064	0.006437284860000001	0.00620639016	0.0057885270899999995	0.000504446076	0.00128362277	0.00560617209	0.00199268709	0.0023338997099999997	0.00221730003	0.0116900619	0.00220131526	0.00665256552	0.0011282770300000001	0.00117928737	0.00463625406	0.0182058348	0.014443893900000001	0.00261537689	0.00351852993	0.0105689032
0.00250620784	0.000700479624	0.00211978185	0.0002773914	0.000937150307	0.00363246087	0.000338019119	0.00306585586	0.004058212239999999	0.000244325509	0.00206172594	0.00573365799	0.00020244264300000003	2.097431e-6	0.0008013900749999999	0.004034001	0.0015782366100000002	0.00007879847570000001	0.000515790528	0.00364904075	0.000209649202	0.000365813091	0.0006796066970000001	0.000020560817500000003	0.000546682185	0.00769932804	0.01158052	0.00012511526	0.00225442362	0.00439769243