2.159780203470016E9
3.348027524549442E8
7.214545111866689E8
8.776700531555033E7
4.631665637391859E8
9.26447208190798E7
3.6102293025644034E8
2.2824405765225044E8
3.9794306462403417E8
1.8035973671024442E9
2.5068720641541988E8
1.2160529568958828E9
3.1001196829459877E9
3.8407767788264513E9
1.636647815501372E9
3.3407316961630716E9
7.284246794841531E7
3.607572596008994E8
6.588467594598477E8
4.742128988877176E8
1.2509085575305664E10
1.7753498263919285E8
2.4250262587590275E9
1.5387026202993288E9
1.766719676930451E8
1.0454786910528697E8
1.5597620708937824E9
2.69974879648669E7
7.592912421782757E8
3.254656942986544E8
