1.8861410202824104E10
9.605834320710054E9
9.63927785093874E9
2.1104143265567223E10
1.1436309370669203E10
1.8864801111897766E10
1.6974870742416218E10
9.109336735409033E9
9.454912801557022E9
1.0145299996636406E10
1.1076480868534452E10
2.207969510377088E10
6.906487289952525E9
9.243471199150913E9
1.819774687119833E10
9.79584213069935E9
1.4695569842545078E10
1.3028528394673178E10
8.492293764766635E9
1.6974680889046957E10
2.5789650405994415E10
1.0496887838884739E10
1.5705157042095318E10
1.8828613787375454E10
1.2146640064953691E10
1.9638291779591404E10
1.745001860145553E10
2.077149573401478E10
1.14393629760839E10
1.9362196916802517E10
