3.338124870261751E10
3.3719393937253197E10
3.4605664088025604E10
4.494261462800551E10
3.1475544615399185E10
3.9562651807682335E10
2.269911504423795E10
3.0951596954639015E10
3.7410903361789185E10
2.8811044001631847E10
2.4998477368270863E10
2.964756226946027E10
3.7438204537677605E10
1.9527973437308567E10
2.647782748077198E10
4.3206558966992775E10
2.622704010676165E10
3.492917061828922E10
3.4136011042944103E10
3.542244340397956E10
3.957770488314374E10
3.736816665663088E10
4.009944844778821E10
3.1351162664775715E10
4.357361697061445E10
2.3340529573552914E10
3.0923581036761784E10
3.6407043857404686E10
3.253517415975527E10
2.1667111078702175E10
