5.409836354352237E7
5.567594537725184E7
6.806147432775778E7
3.045906828381464E7
1.699834479419143E7
1.533923372088238E7
2.133257956016628E7
3.553906940450543E7
5.783645656806888E7
4.480233893720084E7
1.1787832187113431E8
3.020914843082154E7
1.483218068347216E7
4.433256402378131E7
1.765425581089259E7
3.636246430987058E7
4.475541429507241E7
1.791040921663861E7
2.398047857932001E7
7.231324748116356E7
4760545.24800233
3.456746704497717E7
2.445706278881209E7
1.80309289051892E7
3.878247160020069E7
3.687936254718464E7
8.690407422114445E7
5.855052532075714E7
6751015.63529417
2.903832163365093E7
