4.759458843065717E9
3.7071577581109657E9
6.184934563514579E9
5.596652607533865E9
5.500329204045758E9
5.701559710889819E9
6.58968184004729E9
4.536487414359927E9
6.185928024456571E9
3.333521816029118E9
4.153493894018839E9
5.494865757969482E9
2.426381002220805E9
4.0060920406281247E9
9.959584069389807E9
4.1068571895017977E9
7.355508255405885E9
8.946447427660997E9
5.903093625755779E9
7.18337321918477E9
1.0783576407845263E10
4.723595058302848E9
6.08896157124003E9
1.0450766830729445E10
5.486245165917187E9
7.79376453136246E9
1.0999496096513544E10
7.393109042142689E9
6.018287618194152E9
4.9638828061085005E9
