2.643071291926582E7
5.225568638911814E7
1.76757517917614E7
2.131863873493075E7
2.436110601551059E7
9350344.92559759
3772418.24060158
9273895.97806951
1.637051990339521E7
9372207.88568208
1.056053456581763E7
7840188.14665062
2.202163769282743E7
5917934.49299075
1.365112488341044E7
1.728020082689309E7
3.928065821979253E7
1.219237851211528E7
1.317496790939628E7
1.279535770622236E7
8661922.90562942
4924340.14512431
4.215484171139555E7
1.322075704792721E7
8886220.83212588
4485186.96723092
2.579576421891282E7
9079409.58656456
9935572.08676812
1.58940265230137E7
