10.873679300000001
10.873679300000001
10.873679300000001
10.8736795
10.8736794
5.76350905748412E9
10.873679300000001
10.873679300000001
10.873679300000001
10.873679300000001
10.873679300000001
10.873679300000001
10.8736795
10.873679300000001
10.873679300000001
10.873679300000001
10.873679300000001
10.873679899999999
10.873679300000001
10.873679300000001
10.873679300000001
10.873679300000001
10.873679899999999
10.873679300000001
10.873679300000001
10.873679300000001
10.873679300000001
10.873679300000001
10.873679300000001
10.873679300000001
