1.2577950174235988E8
365663.7005100795
973.6212183406643
4546673.936398059
260.78223315583887
10.873679300000001
10.873679300000001
10.6266615
10.873679300000001
10554.511076424387
3.728585789112776E8
10.6485863
99.9476184001617
0.995992903
968.7772463727948
109.7518021023272
9581.09971288555
1092.7697389670934
1225686.5488185016
7.00218391E-4
982.9678645678387
99.43348704326607
10.077879703193558
0.9991490470000001
10.873679300000001
5.3253707676988375E8
114.92674854084079
1510931.5852610734
968.8390608213905
10.873679300000001
