4.2028602800000004E-11
7.24575955E-11
7.44648787E-11
1.12878595E-10
5.76427794E-11
4.28901359E-11
3.7587710699999996E-11
6.815881189999999E-11
3.5340619299999996E-11
1.70139458E-10
5.631939359999999E-11
4.89919216E-11
7.10542736E-11
5.177192009999999E-11
6.01563244E-11
6.946443419999999E-11
6.888711819999999E-11
4.1948666799999994E-11
5.3654858299999994E-11
5.41078293E-11
8.542500039999999E-11
4.14690504E-11
2.00301997E-10
1.3928414E-10
5.99698069E-11
8.872902409999999E-11
4.98445729E-11
6.885159109999999E-11
5.5910831499999996E-11
5.82822679E-11
