21.057451544228268
0.88254849
13.240694948613006
670.5682397369416
76.80927042990544
175.91784246342962
54.62761500469321
113.63680378425036
313.5499241121703
18.308815573194003
107.19823133855212
0.9034018229999999
75.3662662066058
20.870340276735877
98.32392571138459
230.40251213709274
241.27534761529307
74.83665371618729
0.8989294790000001
19.505499667352407
208.6348000674086
11.00642123492473
1053.1433990400662
48.27133612209403
54.24530932063158
61.805321515941046
25.273768315655303
315.35836114590916
167.2991290287126
48.802468521766684
