3.19598211E-12
4.0540739400000005E-12
2.55851451E-12
2.78094975E-12
4.23900479E-12
1.7672681E-12
8.6799476E-12
1.8134469999999998E-11
3.5892611E-12
6.359398739999999E-12
2.96203846E-12
5.37676523E-12
5.23185957E-12
9.71110403E-12
3.85898434E-12
6.2871643799999996E-12
2.53626206E-12
6.5060168899999995E-12
1.044297E-11
1.63937561E-12
9.616207760000001E-13
1.70083955E-12
6.12484625E-13
6.506408699999999E-12
5.31330111E-12
2.62799394E-12
1.77023138E-12
7.1119733700000005E-12
2.00971642E-12
3.8042610099999996E-11
