8911597.233507646
104597.51817896099
15.3459079
1.2729764520459238E7
6023.187460660716
0.312524601
75.60750206574285
4726.81962519784
1.2275664770266946E7
5150.623203434038
0.302414862
323.43405821155324
0.33835643800000004
1.0624839297642354E7
15.6895694
281840.53852540685
4727.0520022687215
9044616.352061566
0.451295983
4681.158756384115
58322.00556566582
9563204.877678227
16.3409363
1.4039250398180395E7
9449728.261074837
4.0632226429323506E8
31.18527010797885
0.3131742
22.106091
2.2889950315286615E8
