22146.447948929563
12929.790556245653
2956.680043608001
2889.371002979969
545.7045941314453
1766.2185430752447
187.95638345714096
86.9632195871195
6084.433796573936
679.1391550847399
7171.501275604228
4001.4791655464787
96.60944340046687
3564.0682339855202
432.5715273641427
23427.72729059619
1702.0300756557672
2580.5357497713776
1401.7517920867908
692.3194295349379
2249.6215829680045
3277.6086718747897
10227.277971928632
10524.366414558337
14408.892458771474
845.4408923697104
2239.203838822982
731.9372837349035
1270.0050854672313
394.2033947855934
