9.536151630000002E-46
2.19107278E-45
1.1137781100000001E-45
1.1028171400000001E-45
7.679819260000001E-45
1.7794391300000002E-45
2.0644223000000003E-45
3.1957801600000006E-45
8.551310190000002E-45
2.5458664000000005E-45
1.31651215E-44
1.9726612499999998E-44
1.3445004300000003E-45
3.2498184000000006E-45
2.3477559900000003E-45
3.79211908E-46
2.3179626500000004E-45
6.13905429E-46
2.5265823300000005E-45
3.3982103800000005E-45
1.77230114E-45
3.92917574E-45
5.3996585700000005E-45
5.68379066E-46
4.3982388800000004E-46
2.34093609E-46
4.099225390000001E-45
1.2743842600000001E-45
1.0255039200000001E-45
6.77441648E-45
