25.883750804178867
0.9949819440000001
0.9514986320000001
15.03762360015215
14.387369917189835
26.57389655006787
22.097881991600367
0.9678622680000001
20.41601659245691
38.905981863144824
26.807379963077807
0.702135307
0.5070267890000001
16.70814132240884
0.930481534
12.057387819816768
0.84422146
43.79678184091525
0.8720313020000001
18.63789196473651
20.637198429952026
53.76077119271754
10.1871312124244
12.487578461904107
12.615721990855272
16.254896928463364
14.400666406176217
14.65702808420734
37.54799055938047
11.180151792750642
