4904.219276104484
34948.00184763059
32811.810146459495
37010.61570193782
1701.2905512641607
22533.4126539946
20586.27784578726
135241.03009125407
148242.97431879377
232.92024593631874
6902.970381981775
16345.120249821091
9938.772965723783
8820.388005491073
793767.8779885791
170709.1303871536
114286.70717059114
842.4687104291767
37535.203087755086
5904.756324492202
28101.560677183737
3053.9517410803314
7447.261950229517
109350.94235126446
1499.5213376707452
581156.2329366587
1113.2933630257146
3468.540820638876
1459.3851070957048
10906.50970122336
