137612.63158396116
62516.29473464476
892143.8581804864
29773.603465710537
2004.5671544056415
95904.6467461767
11078.59968951794
89120.71251436793
2664.723488011196
1305.9052865912167
9189.199282508753
19879.46260135992
155877.18707145605
35670.48957163594
17267.176171543335
7313.960996065217
9647.499839092974
6658.334816393503
15018.161144984628
3459.4301810095967
30158.359231052076
2330556.7894758894
238582.97516620575
32600.638798130753
23100.923929574317
190298.6292460513
4711.093785647299
10796.502259904459
3974.485436865988
8637.184565298523
