3.4347184800000005E-5
5.423599369999999E-6
1.21042019E-5
3.14209675E-6
1.4938801100000003E-5
2.97605002E-6
3.64961093E-6
5.7956979699999995E-6
1.4267979900000002E-5
5.21158119E-6
1.06651312E-5
2.6034754000000004E-5
5.21969901E-6
1.16016781E-5
9.03623479E-6
4.1980436799999995E-6
1.8496240300000002E-5
1.82580838E-5
9.74294351E-6
6.51207965E-6
2.2357310099999997E-6
2.45253467E-6
1.98883444E-6
2.6303229699999997E-6
2.5130203800000003E-5
3.21493101E-5
1.53461592E-5
3.14444123E-5
2.3980472700000003E-5
2.9902694700000002E-5
