41.27943648437068
64.57206421688875
40.70123713222582
27.90932352182805
10.685054213114066
30.022581331024178
108.30552951483689
48.708866134547044
14.733899730554722
38.36939134284725
116.72011586544099
18.564083364121885
116.89569031982812
142.64363911484654
19.67003714300446
234.15972533139322
40.75187073134754
93.05567634521718
135.3747787986173
82.30434821530756
38.543273789403095
102.06093202242167
51.6836920338831
136.405276421197
44.42690099274123
87.86882116290687
14.732654696836933
68.80087475164372
42.458718300594015
43.10031755775466
