2288.185925741983
1917.3410034188807
3292.0736299181485
1379.1645959417297
1668.3491330456472
1013.3422957841497
1562.1302053689112
2401.703992359472
2192.8497719940424
3547.1743879668857
1485.7020753007614
1714.7092473888367
2722.0840448685585
1060.5785271718814
10561.208583316115
1235.5751638067104
7573.196229528249
5074.234923223629
4158.355072512274
7091.819280090179
5223.029514834135
1970.8182716119504
6434.839514049154
2909.1502366017053
1810.1674447945177
7053.544652641331
4827.100489963065
3807.6517437940433
3138.049356047755
3839.5532048185523
