0.40597303900000004
98.24522689984468
0.22324708700000004
0.34351303600000005
0.34351306000000004
0.249827882
30558.94733458351
4003.7481407924156
38.89141549042888
90.9963411018581
372.3950846764443
73.47583834697218
4302.245608949486
4005.41085076087
0.374741494
0.15614252900000003
84.50058002029964
107.59698697339914
84.86145817897024
0.37031592
0.28105613
0.249827779
70.32332391617976
3725.960873188859
120.87874712184839
0.281149997
0.40596995199999997
0.249989858
0.281567538
0.34351303600000005
