2853.575187137449
105.21720960951036
50.00619729260781
331.55765549572595
304.7103738436276
205.83241993559338
18.30000211822446
129.80572584519732
52.791791485278324
29.178084656242792
11.416044946879138
348.7472566459156
43.98327764848439
224.36336761842537
131.77538993361378
96422.40064820014
260.41451661724216
469.96792647600705
100.23772238485759
0.9547339570000001
25.405604912072192
732.3054056920979
304.2381418949166
246.31761454239478
907.808092775966
156.20193516817025
150.05904907624333
774.9778501562344
1284.2576458980686
352.68809476593617
