1.94637631E-13
5.889160460000001E-16
2.0379513299999996E-12
3.3429524400000004E-15
5.21794949E-13
1.56991356E-12
3.32644624E-14
2.1754641000000002E-13
1.8304051E-15
3.5599065000000005E-15
1.5117621600000001E-15
4.74786711E-15
6.21637568E-14
8.91900719E-14
2.79425671E-14
2.3391203100000003E-13
1.86479218E-15
2.33042945E-14
3.2440600900000003E-9
2.41893631E-13
2.3881607E-13
3.7842457500000003E-13
1.97963325E-15
1.7419569100000002E-14
1.3657187500000001E-13
3.23390123E-13
6.62304172E-13
3.95640126E-15
9.84122116E-15
2.15710451E-16
