758.0346538018387
1060.6007991051677
4896.486821781315
1059.4949719049907
340.406198807012
1278.50988443672
254.2864038502102
1235.8938467962346
2093.031381953655
1182.9577940346453
1865.6552732870525
198.2921766312283
466.6744131322418
3466.724182938794
3910.336033864077
1371.701930965212
1072.2857882015178
1057.6875443510323
4747.568722509193
1363.2682177462068
5615.3264594013735
3304.033104122875
1066.7851462222332
490.7774389650818
1239.4189158213624
4488.783403813561
1875.7283826314554
587.4299159553271
3555.7110386651916
1263.2044589300533
