0.9332850770000001
0.854274703
0.9456067960000001
0.6911315010000001
0.9106881910000001
0.7786080400000001
0.808197425
0.8426300919999999
0.773863885
12.093494738649094
0.994135923
0.7523995840000001
14.67431576233329
0.9428331630000001
0.9298242630000001
11.453810933592193
0.5699812910000001
0.859974711
11.377185260968961
0.683865362
0.653561319
0.8645267620000001
0.937547626
12.654577794563648
0.6749635350000001
11.042862637555324
0.906247026
0.9181412160000001
0.7259095050000001
0.8843801290000001
