2705659.6189729036
1.6007323429842485E7
2.0881558057165656E7
1.2972579474110779E8
1.9735716592487782E7
381382.8765011886
4.484676800654993E7
469361.45337426
4791611.846858729
9.754062858365673E7
8383024.009368867
5.2966171206937574E7
3219646.7142699664
3456173.054754925
1.646353343532285E8
394979.6221353729
552634.7752804571
6822709.498227204
4086765.1380786593
6194873.036963133
8.208702760085629E7
3.084868813189828E7
2796739.5885263463
6773433.946695287
3856516.466082663
607313.07323628
2620853.5270970347
3620409.9516751203
2.5661278496358152E7
5.772493333044317E7
