6922.71424117338
3096.02272314593
159.968404305005
1719.43633099092
814.304893958931
3645.47706939451
2726.36872479877
5001.50983760244
18883.2132218772
751.08331452398
13689.6090712604
5404.78880317095
161.454888877468
2935.00165478405
2086.6737608769
8975.5778684827
888.30674395467
373.403676486396
4753.05383855565
844.675089743118
9022.89058243546
875.518002245283
329.092529080687
2298.31310682472
948.959351115817
10099.8882419518
8148.78193614111
10536.2179580679
647.53399424389
109.778221221486
117.500112069109
6591.82918412453
7613.60248946469
915.383849609131
440.474206211528
2929.08217472312
701.137381087831
367.928366978425
4481.36743706663
4627.33274906001
10389.478964958
129.66704486827
111.683655873072
5683.18575150975
2913.57454656854
1858.49181032216
139.404039611484
1097.57363193521
7618.46972313691
5020.24462335251
125.717239192352
