7.3542134021011
39.2952501291838
62.5312535389626
15.0024170572849
140.421452884927
14.826478232603
251.680477852379
146.44898198396
7.54279876228611
151.129527573264
7.4351587459214
3.41344844251967
133.591764532177
3.20371137449297
141.062683854779
130.878146233729
137.193572816662
18.6591957720907
61.5400985961421
14.9638921423034
14.3698086185241
45.8592570846454
133.838926031897
132.523552017016
136.775237151548
122.003643740386
49.4817306023865
133.963889555
150.556700258291
250.033716829352
3.79667094812612
169.38903175296
15.0148767272906
14.2478807952054
140.984401250475
244.957012020445
15.0181266899672
14.6850585909485
17.8947060277801
15.0353131951567
50.9774771982736
41.3457706484819
19.4096419914019
61.7686190171762
508.919798592125
6.89938072728046
3.84490966404042
3.58321615720342
26.8811813838265
20.4476729703795
34.0203789579039
