1512.43938404727
1575.90588641771
1443.5468825653
1650.28515879671
1448.47884810973
1614.39049808931
1385.66065045307
1816.31125865815
1396.85245912462
1354.16015865999
1720.54396149032
1320.97502129949
1619.31153137582
1370.39127698402
1498.81197128757
1659.11359452787
1482.6784236821
1483.23927169225
1687.85735893318
1477.97850375154
1311.39681261863
1545.99642223283
1471.32690462584
1691.6999088621
1377.05649453211
1711.3015612303
1393.28638840189
1683.91630193071
1259.56250468464
1518.86050218049
1767.26383396775
1468.70468714912
1502.4425330356
1403.73150546519
1493.3896792841
1666.50571399506
1471.95017461439
1447.08922066235
1549.54849823955
1551.88947288784
1606.88502545732
1685.89047538838
1374.03878735305
1714.96916995227
1539.01837535833
1415.22509612633
1340.18600732656
1850.71617962984
1249.45815612085
1424.08607109622
1507.87780259651
