373.520443102907
383.47996335015
364.038457480035
372.558175235705
353.456913157322
374.481921556306
389.621531003426
367.585926369667
381.626116841729
334.7770985138
374.786554090689
349.291980744465
364.638447752005
367.258714847202
369.376956255459
351.428459843681
371.825765184347
356.652616787085
377.1265288646
372.398157147227
365.879282047662
376.377620702038
375.48324892697
383.263075053127
369.618254846464
370.694210640673
365.817387763562
350.619009724029
364.526574018764
362.395001849706
375.078925141691
366.051858955227
364.953862511304
373.327212231465
382.711880352952
382.698995946897
381.468759854346
387.423761925656
364.053565141369
369.540111776313
365.303571366643
372.688854845733
379.293955827695
383.286462514452
379.742418110308
379.403241093702
356.06697446552
363.746081616273
384.134122040139
383.330253842195
374.681885316139
