26996.1309671522
25862.4066813683
25254.4855659499
26748.2323747885
25990.2331470545
26573.1143607698
26521.2677773716
25858.4445089148
25550.4949002901
27130.2422758166
25022.6035285164
26961.7827201453
27341.4800868837
26987.6689990812
25283.7089603632
27791.8335877671
26689.29547296
26935.1269453915
24595.6367723564
27450.1872654303
26624.7433242566
26412.515660711
24720.8489272952
23878.6040822836
25906.8941698994
25264.7396440971
25489.4503937063
26451.1960725207
27763.9677149458
23886.0272348189
26767.9998762842
25565.3180235696
26629.3818589915
27315.500386384
25707.2101393836
27431.154082756
27919.1378330162
25644.2720970976
24946.608298287
26498.9419910798
26676.0188264289
26990.1081534088
27545.0004938685
26238.7692427415
24631.8768332443
27592.9877420953
26955.8410320927
26348.5815751131
27045.1378297998
25389.207209471
25591.8457094271
