3.40357459128251E10
5.87099117999471E10
5.80219292826323E10
6.14188218904209E10
4.01993308113417E10
4.61571382630981E10
5.30478918256463E10
4.59018232359174E10
4.14071268352473E10
3.74414769499906E10
2.89431450157509E10
5.43018031343926E10
4.20976208397027E10
5.94793483624159E10
5.07377500597955E10
5.18000290421661E10
4.40470502334676E10
3.89850252766753E10
4.93252787989644E10
3.47122854710134E10
4.90676295634919E10
3.76637395693853E10
4.28105795497671E10
5.17409904403377E10
4.26950908638449E10
4.34435889932678E10
4.72836326275147E10
4.76875559560794E10
4.69408507464253E10
4.86562148131206E10
4.89936060344918E10
5.82544626403848E10
4.58503610082151E10
3.88145047267779E10
5.54443203266416E10
4.63858372280543E10
4.90678149068236E10
4.62253098703883E10
4.23487987042906E10
3.83801053521895E10
4.46620771172164E10
4.43731670222595E10
5.37645992642477E10
5.74292086284005E10
3.78567528868193E10
4.96851394862167E10
4.63832686900342E10
3.52754740595877E10
6.18142765713369E10
5.26763498938895E10
5.36328990794609E10
