1157.66446363359
1118.17880333866
1131.06640817041
1046.13650835636
1047.09622768278
1145.34823891929
1134.61300655531
1057.95073234808
1032.62147611326
1081.50911656334
1089.66612089976
1113.31867817636
1110.37698178881
1138.90103664745
1162.40113916265
1075.30901639047
1085.3952720746
1051.53318970838
1005.54651553024
1055.8147071632
1019.52940763979
1051.78753946
1096.738678693
1101.63336456138
1146.30443545076
1194.05833439053
1015.38468834948
1082.35779599002
1132.95892985194
1012.1337686927
1082.51987898365
1099.83422400931
1107.99922683933
1128.57345473688
1036.22673251479
1074.50754849087
1128.86700873946
1020.93510046929
1073.0274568084
1124.11987289729
989.365519236811
1166.54931086351
1059.30053180856
1058.03623597132
1062.75670228866
1104.21246214181
1067.72179999633
1110.42993953728
1054.57013526094
1011.49189291419
1152.51879757399
