274.67688863741
329.102643260055
341.468076513541
309.250711483719
299.722098190084
315.618546556663
334.120831155838
313.132228332165
226.176310615729
266.110226294715
344.223698918331
416.633314013232
330.710835913422
408.762485286813
240.801371594886
465.068694627022
231.154041734787
462.902966116214
326.665754609333
290.158079441146
312.361675885105
312.149624445595
324.658031441746
184.16941030412
244.540275866436
279.857818243486
216.232616904015
367.284510465447
245.098728545361
306.746986342623
318.858895970258
177.449157557488
413.299864139591
327.983490068295
347.538775035613
324.49396252225
303.499866339165
224.992620865498
371.582592692686
167.677197671266
288.747118989264
362.007363221364
237.182777951488
253.113264368751
277.491068030193
324.494827659148
416.891737407826
337.062445883237
265.49215496606
463.874931022842
299.724128070575
