5816.54704995114
5604.02029996855
5117.29826666274
5999.44831052793
5666.00824098198
5702.37843329107
5532.29593501727
5715.63396464741
5234.62164575191
5566.94801001187
5394.21745758068
5733.37551121018
5814.5157797588
5605.50802116921
6003.8689236623
6591.63458286531
5458.46821854416
6104.63770966465
5531.94442885307
5863.5716817667
5691.21303754614
5847.56930221174
5395.24819478004
5432.99298175397
6088.09986315484
6104.40500127828
5845.83560616538
5582.31688362004
6303.54720523923
5744.8430589328
6137.55236046907
5854.19704428627
5654.42684430262
6058.80595788347
5254.28543551538
5861.83314443385
6054.48738814561
6014.59705847859
5599.72691472365
5883.57602080352
5852.73542450888
5952.54883447224
5085.47403262384
5730.55833039037
5829.00692091287
5578.60408376639
5748.34800676867
5962.32889529968
5849.55265014842
5238.15799980679
6029.10910367436
