104.900309721985
131.129528058034
116.460969899124
189.829332089161
144.676270400779
107.03880882033
261.805517283031
350.19841923944
228.956885531132
118.578478747374
94.1561315799966
548.511240363658
91.0065667883844
177.069072024743
1011.66768672199
105.061278622114
96.2589112679248
193.011020157836
145.850263952165
101.292550890281
68.141895306466
71.3687189430636
170.530556583873
574.049857174082
178.257686197856
126.372874759895
240.895079533232
104.47515315149
124.651437906744
109.701386686431
69.2521593962906
104.951976458342
240.902562815269
157.079792438845
136.460356232527
140.146268155854
86.7982567596612
303.852223173616
135.332204258671
87.7736585428675
114.163298904569
110.276340141123
745.726783876154
87.7707064969941
140.972197359811
105.930806445524
97.8654309889903
72.437216185227
97.9801485335151
111.273742294007
107.023178895213
