4653.45532264015
4901.30342812841
5078.36576435776
4452.6376678786
4653.73622580924
4710.83695601973
4960.99469698573
3806.92791789631
4601.6662542981
4278.7852124321
4184.42769383473
4457.1441059635
4687.01540016957
4655.22224136203
4798.2147357835
4783.22269379164
5056.40369238317
4656.20323561978
5086.9548734168
4854.31129391215
5032.44075209606
4632.18721649285
4473.31214045677
4694.74291409369
4685.83736895734
4957.46557358202
5099.29095001249
4573.69897763766
4751.24901492479
5061.03573673547
4148.55731256969
4612.14111842562
5012.98480675064
4267.29081852436
4825.58726747114
5209.00284550108
4628.28622003627
4771.35214542647
4816.67747188612
4564.92148219914
4804.93465976196
4807.50311170432
4548.72758587564
4772.48579704434
5058.18951629846
4705.84080191689
5082.30188742974
4679.4080006443
5050.53086396227
4598.17656005121
4670.19258411993
