4.96570407904073E-7
6.30034335813434E-7
5.51948474480923E-7
6.3688079876556E-7
5.87422803732807E-7
4.62347131247043E-7
4.39689998188442E-7
5.42294898764339E-7
5.71714323882588E-7
4.09050045391268E-7
6.43181621740041E-7
5.62652971325406E-7
5.85427585519938E-7
6.25865979486662E-7
5.79871709760482E-7
5.53882898657321E-7
4.97771225127508E-7
4.96492774004764E-7
5.61038817181725E-7
6.35161441664422E-7
6.48284682824851E-7
4.71466492513173E-7
6.48385650947603E-7
5.70554462342443E-7
6.64183687604236E-7
4.58888067100816E-7
5.77995265871323E-7
4.4362455753344E-7
7.01480928455567E-7
6.65521369569433E-7
5.86340561881116E-7
6.11016560014832E-7
4.25895905209472E-7
5.36573352860614E-7
4.77440053714417E-7
5.88336945384071E-7
5.12817720732528E-7
4.514922125054E-7
5.73722033436752E-7
5.51723275066252E-7
6.67868846448982E-7
4.11651313925177E-7
6.66700955775923E-7
6.26280325377593E-7
6.14848644886479E-7
5.68941558753977E-7
6.97051376619129E-7
5.14216708324966E-7
6.09096375114859E-7
3.75626299842224E-7
5.99652608457291E-7
