5587.59132635341
10082.665073474
8410.5217601709
7864.02070277801
5956.84020561586
8242.2262692194
6352.07009203669
5334.75963478782
8007.67460757501
7616.03166454269
7865.17193988051
6465.08167094826
6071.06503329885
11003.2237631236
3891.76593629172
7370.97359233653
9285.75708417934
9210.34903080098
7890.75364823429
8291.82896099677
7235.67168359036
7505.89843180779
8215.07705767256
7873.14658989755
6376.42915975743
6467.63640749381
8390.86966488509
7282.12255535319
5088.98473515214
5424.21786259625
5935.15432520769
6472.94147757154
7410.32225422167
6468.40271283492
6228.59336067611
8002.53124952003
7948.70219821282
6447.73503370314
6668.28888727131
5272.67645226028
8637.50895705462
4822.90882803223
9688.81945585792
9259.8998957168
5451.58845854945
10055.4460529062
7662.82746541211
8659.33876729777
6181.6738326213
7611.74310959302
6535.26561497863
