411.236983198366
394.949623614563
225.448046790656
247.104963236344
523.785152853948
486.224986351667
477.011717834558
377.888804686987
799.257539387791
366.668858799996
409.82208313575
522.402494792335
585.017208862026
459.69080264387
592.274381813576
360.961381140443
536.100106066353
530.599895277055
471.845353575341
668.098872293416
534.492954518064
579.692010373438
291.121602982052
438.972121400053
499.285356031327
240.701063282838
149.871734305189
357.117576536589
628.932103785046
277.33612389361
501.050889795813
256.764633906385
292.525959723397
235.959202397016
447.014121147637
201.994212307789
354.336812936452
439.931735083883
409.811893000693
305.458448532687
342.921222009769
411.437658143328
753.415208282732
400.756529583719
321.638684489116
390.042360106439
417.931773347622
517.215961542689
300.420386347339
350.729653095588
541.84629094433
