8920.77396575164
6622.58868895538
8476.42263217662
7796.03279963858
7451.35699382899
8078.92323707089
11418.1753997178
7234.56519528817
10370.8915119248
6658.33797945619
8482.82153839404
6940.43650889121
9081.53544309643
9969.95817659759
7222.04869794369
7471.14209071884
7065.47112801289
7115.40774508759
8422.0621192883
7942.92938513584
8241.98014188415
10262.4416891429
9393.70230885531
8639.78446273705
10620.7632750903
8229.2246207446
8180.90633388647
6075.20536951785
9045.99317465585
13409.3630984483
8587.9985523388
11251.4678817119
7551.96454367083
9693.97649209373
6507.25505971969
9149.0820828442
8879.73506828954
8233.18637841542
7844.95090117704
7813.50542955846
9701.98168433872
9135.07216311359
11856.7952291016
7501.85987114928
10723.9607286954
7278.79384292398
6388.94668711148
11119.4747330586
8060.66566261585
8321.92513941661
7055.04302360709
