420.565974338645
417.21067943184
394.235640478139
422.031191781626
431.833026813957
437.50003933199
420.050419545615
409.77459491677
436.456181301162
417.501038473288
398.664036063722
430.844142364339
414.272984305668
427.050709575092
423.729072798232
425.588618507034
417.289293199687
413.431371682399
423.445469248699
424.980157888879
431.733106115161
429.551146641368
407.727923312787
407.13321083793
435.542505204841
417.251657153869
427.613841151692
428.159797787318
417.902987314558
433.875005516983
425.218990001427
417.612060488645
424.151115341243
421.669740927414
441.230159382539
410.864533806454
433.812860799222
417.905995491737
426.937588538422
434.726537230263
417.786866379606
427.533433586008
424.491049843195
425.581698684338
426.293009086963
419.68703333102
405.167953305243
407.672670502951
416.23637368211
427.127022910514
407.557762766661
