163526.644091407
157911.482442862
181171.820686761
147985.993136296
186484.763897658
161555.553213566
158255.701301733
143768.54859913
179797.250261689
172142.550434438
176523.933890619
156011.046313368
171362.485444387
155407.047465936
164597.290248632
208733.944787921
145761.67428284
173471.172508783
190131.963275891
159332.977002591
195584.945982826
216946.767589275
160739.756074075
199030.106802269
176530.589387142
181771.762717985
174862.626779009
151449.747783362
156698.979691394
145539.278693173
160051.808460764
158996.016110816
179006.808826024
191694.775294946
159061.232732752
136675.598581978
159011.116664521
164924.063614456
180625.701551129
191936.929733325
179950.239718869
139919.952073086
172526.12643232
158866.788320187
180925.604445674
178791.529024999
151301.786080432
164245.521896512
176421.804744942
169575.569800043
153800.911743424
