787.969743611866
744.671670949715
754.53202584712
680.571909777182
614.930754506355
739.21669724286
685.853432065992
793.809962933297
741.781089396455
731.338761680016
681.360726122093
744.898126473333
740.382939087756
732.804419969449
722.316136262727
685.121522167305
656.699994757323
801.339609070809
748.383029117724
784.752250237275
671.47401808968
797.146847274073
700.506493833359
799.946764194216
752.370477215888
791.712187556688
741.103283124137
752.391548516992
747.154803950609
802.959403207815
673.746843892914
662.175211067871
742.89376528956
667.484021768948
741.787977113361
660.450165003743
682.21176608836
743.171924479921
782.588437505355
734.83364117156
733.528652727279
793.249229905576
682.829007738056
717.466509031945
809.383538847033
738.315107441798
748.237784051524
748.324271739802
728.255619910028
740.028344474784
715.961738591847
