417.483940156921
390.237057804406
531.19732990016
480.321154211287
406.234302446614
487.980458027309
507.491426812174
537.179626835621
495.705472538047
494.360801479917
391.60638330742
305.275293583395
343.051026902299
479.103724507175
445.956458690242
566.844609922686
455.024485970936
509.348495049906
445.659034827291
552.906372414056
433.167472243665
552.965859592526
482.227719138229
448.731560930821
401.066556627287
510.147706065105
478.685322028534
457.668045508335
498.316917702137
419.493581409763
475.51839006864
488.551629649258
461.620696945165
414.869483853658
477.763050465435
374.301271067031
442.06178024466
419.886500892454
359.981200607351
462.807238123757
350.324926574181
676.117537313557
376.09357722217
445.807510584524
562.586068330832
444.319822299211
421.780934103019
498.231774177755
468.997017007333
480.8474728957
480.818892130231
