413.128757495007
387.932798161334
396.967660487619
386.220140485329
401.371017663424
396.592958680727
396.737990788028
396.295181769264
381.626116841729
366.125162126965
374.786554090689
400.673564686301
373.26276638991
376.98172317608
404.823591865106
373.308522094343
376.860213279961
398.455386524985
386.108399051698
376.083175829783
391.832870352525
377.753257533554
395.377890830089
387.730890075386
369.618254846464
370.694210640673
397.043709674997
384.24067227682
405.679577320597
414.608812079724
383.156141809
366.051858955227
400.249129244057
378.774149985462
385.310193697178
382.698995946897
385.502561291601
393.032468154343
364.053565141369
401.498809529802
396.414510220306
372.688854845733
385.695941826414
394.100164196678
379.742418110308
379.403241093702
363.000603755224
363.746081616273
384.134122040139
403.065083885968
386.424339626752
