351.640174151859
358.732041060728
355.874088925423
360.258094877122
345.540997510843
340.919142312541
355.458000622846
319.38375501766
346.892016537371
364.08363852199
350.56702573449
356.464117448688
335.178183934675
360.095721919173
358.429606087952
329.972211069287
350.070861275339
350.858882751965
325.68325005622
354.112023302272
357.507693537524
352.231593059457
359.647959538776
336.745583841662
320.351365478464
348.378150934736
353.16007969832
377.265056862348
369.198298657574
331.441453419338
373.049284532959
299.211834345137
354.51204555523
316.599331749409
356.849682134021
350.477962748565
341.879916926477
353.423478472341
304.355951706034
369.745396138222
345.559714805751
343.660202781764
293.370698410703
355.578338246396
334.345105144323
338.997195488416
358.583235199528
364.127204594433
362.008233209793
347.076032031847
368.43737503443
