1.08002495835535E-12
1.13686837721616E-12
4.54747350886464E-13
3.41060513164848E-13
6.82121026329696E-13
8.5265128291212E-13
9.66338120633736E-13
1.70530256582424E-12
3.41060513164848E-13
1.13686837721616E-12
6.82121026329696E-13
6.25277607468888E-13
1.02318153949454E-12
9.09494701772928E-13
7.38964445190504E-13
3.97903932025656E-13
9.09494701772928E-13
5.6843418860808E-13
7.38964445190504E-13
9.09494701772928E-13
8.5265128291212E-13
7.95807864051312E-13
5.11590769747272E-13
1.02318153949454E-12
9.66338120633736E-13
7.95807864051312E-13
3.41060513164848E-13
9.09494701772928E-13
5.6843418860808E-13
7.38964445190504E-13
1.08002495835535E-12
1.13686837721616E-12
1.08002495835535E-12
1.08002495835535E-12
5.6843418860808E-13
1.08002495835535E-12
1.25055521493778E-12
1.25055521493778E-12
8.5265128291212E-13
1.19371179607697E-12
6.82121026329696E-13
9.66338120633736E-13
5.11590769747272E-13
6.82121026329696E-13
7.38964445190504E-13
1.30739863379858E-12
1.02318153949454E-12
5.11590769747272E-13
7.95807864051312E-13
1.30739863379858E-12
4.54747350886464E-13
