77409.3432640512
79914.1185162287
69413.0758083698
77179.484468216
78010.1006317305
70209.7262541011
79084.5953763343
72370.2047018532
76362.5691984083
72994.2756861527
90370.3412112059
74415.7334748314
83734.3164559962
72815.4219539221
67522.2793123647
75294.0306407137
72826.2324601839
82283.0194885895
75325.4901394262
77878.2512343229
74267.4882959197
78215.3054492674
76963.8806144161
80943.8208796155
80074.1233828702
75207.4578766692
74592.2645761016
73883.4241964499
69528.1269878401
77164.9634275213
78699.5996584663
83387.8371053285
82102.4073174782
70660.6792461078
78024.2650038191
72224.0172229636
76709.2150570807
78113.5288024856
79293.8343569749
63702.0435385158
70225.5834345859
78747.9396772325
70044.2009036356
82913.1042843663
66394.2623217673
69914.2792596166
90641.8856092871
75633.7861275712
73194.0938565302
72106.8701542434
64314.454858513
