7.96091214753926
5.97090483358488
7.96053445004679
12.9361153334218
8.95676693168832
4.97616960877474
10.946714594915
7.9608205534596
9.95176489325047
9.95093560932241
9.95107616268547
6.96587622861978
7.9609673777303
4.97600910864412
9.95049211010939
8.95547074713704
10.9459599183322
8.95586712167176
6.96579121480931
6.96567733040411
10.945736708249
5.97078198407019
9.95059172990875
6.9659214186637
2.9863262591183
1.99086519765979
5.97220923502096
5.97077132274319
4.97631931620219
6.9654998215284
11.9403621022725
5.9714173673691
6.96586927822818
5.97102205914712
5.97113411471457
12.9357332839816
11.9409506093243
10.9466135897834
3.98143493020984
10.9463134527903
6.96609406126879
7.96085863061717
5.97083618095803
5.97130751070733
5.97139614784521
4.97633510052833
4.97588394648938
8.95631167677664
7.96058406606028
15.9224176939692
9.9519234453328
