1.58672145289529E-6
5.82864129228255E-6
2.85329406324308E-6
9.95968986217122E-6
2.15011624504768E-6
3.39004935767662E-6
2.25375640638958E-6
3.1054802093422E-5
2.40600319330042E-5
9.48813504919599E-6
2.13080710409486E-6
1.36906845682461E-6
1.91648737768446E-5
3.03727017580968E-6
5.11826802949145E-5
4.0073423974718E-6
2.2587024659515E-6
1.16741591682512E-5
7.1260154754782E-6
6.07719579193144E-6
3.34279184244224E-6
6.26290915306527E-6
1.5544457028227E-5
9.53205193354734E-6
4.10002127182452E-6
9.67676089658198E-6
2.00369734670858E-5
1.41426252753263E-5
2.79205482911493E-6
4.25302482653933E-6
1.00873707538085E-5
1.8882748292981E-5
4.09194581152406E-6
1.3583799841399E-5
1.89964953278832E-6
4.31353095109444E-6
4.41996462541283E-7
1.151631289531E-5
1.15262878352951E-5
6.64786119841665E-6
8.00975283254957E-6
9.12778210704346E-6
1.15625507532968E-5
1.66535410812685E-5
3.07706648072781E-6
2.76074717930896E-6
7.40296360390857E-6
1.24786438959745E-5
3.72842720253175E-6
8.61368818050323E-6
1.29676602114159E-5
