122.696988380851
28.5127116441401
114.011561724562
114.011561754295
28.5127116533462
28.5127116658317
122.83626611533
114.011561791693
32.499478381866
28.5127116520305
98.7209324476663
114.011561719994
28.5127116957598
28.5127116891744
114.011561756958
122.817681480685
114.011561797785
28.5127116561849
28.5127116385901
28.5127116661207
77.6233890591537
28.5127116541325
142.30515714265
82.1041927201826
28.5127116403697
81.4358028810726
28.5127116338314
28.5127116657353
41.8858752884176
28.5127116522942
28.5127116777701
28.5127116798412
98.7209324559674
94.0056647833067
28.5127116699652
80.8264703323571
28.5127116794765
114.011561754203
28.5127116716192
28.5127116609037
28.5127116721558
83.2861375249132
114.011561776351
28.5127116626573
28.5127116682432
98.7209324318333
80.3519442408312
29.2493090140409
122.696987706034
28.5127116606599
77.4677577671654
