420.565974335524
417.21067943184
394.235640478139
422.031191781626
431.833026813957
437.50003933199
420.050419545615
409.77459490862
436.456181301162
417.501038470309
398.664036063722
430.844142364339
414.272984305668
427.05070956705
423.729072798232
425.588618507034
417.28929318997
413.431371677886
423.445469248699
424.980157870211
431.733106115161
429.551146635097
407.727923312787
407.13321083793
435.542505204841
417.251657153869
427.613841151692
428.159797781185
417.902987314558
433.875005513197
425.218990001427
417.612060488645
424.151115341243
421.669740918892
441.230159382539
410.864533806454
433.812860799222
417.905995489222
426.937588538422
434.726537230263
417.786866379606
427.533433586008
424.491049843195
425.581698684338
426.293009085779
419.68703333102
405.167953295444
407.672670502951
416.23637368211
427.127022910514
407.557762757891
