811.636916127715
855.979898312773
839.381495395738
867.879671567913
843.861870302385
845.819103081272
828.439297733521
819.919919799217
847.215192099343
845.360332982062
802.714520372708
824.002573532362
841.754042613519
846.939601838327
829.542663041707
850.483623526351
850.815923553898
834.882904365513
838.529857341031
848.280494302696
839.005997429495
842.536021828376
793.031031662446
849.068176632157
839.690355458501
851.7743669354
842.674045904253
809.515020865416
805.363916232873
847.262673899912
838.329985476511
834.730116124849
838.240772166076
850.479822138238
865.507640168272
831.848268021321
835.046895079693
850.129585278668
843.883185227658
854.370165220354
850.983484727469
845.926108597229
874.519959356129
829.082151044193
818.829964011619
861.523428955735
861.534922497058
835.263811027222
842.332448748241
858.711557980351
846.322752374341
