300.000000504577
328.588539570385
327.920522603937
328.277255664508
319.27688918901
326.735143408855
328.011009488687
100.000000792141
288.468486495731
328.31882957053
328.952908237864
319.276889195973
300.0122027668
327.164706219746
326.056305423489
328.780949394713
326.735143415227
328.318829570308
327.606967304703
328.277255665337
328.588539562218
328.318829553974
328.58853956466
310.576826907081
327.164706235688
327.164706225726
300.00000060764
327.919976343461
326.056305421267
319.276889187442
100.000000744745
321.168158123737
319.276889189381
328.588539561249
327.928230550157
328.318829555571
327.919976339099
328.204796191446
300.000000441928
100.000000723694
327.919976336269
324.143168943738
296.813202324825
273.432953176251
328.58853955736
328.318829565927
319.276889188668
328.588539559865
327.919976354472
100.000000812549
292.725304238646
