0.404069439221303
7.06509020378394
0.9949590690062
1.98991812897361
5.39412532510551
0.994959069660808
9.11605250561615
6.52111043537138
6.33111148551961
8.08860959256072
14.3361822074662
0.994959074755343
7.26809757587694
0.995391382180742
4.10877832714436
0.994959080310537
4.10877834642997
13.1798669262266
5.95111365798243
0.994959069997321
8.57344275573269E-8
1.53700057126116E-8
1.9899181265389
5.95111351922765
4.83713693190111
6.88809973722914
8.01508468914881
4.83713693887626
3.99064223456276
5.39412528056801
7.05455594377145
1.07550022221403E-8
6.33111154835569
2.17489741771715E-8
0.99495907085111
3.11425285263749
1.98991813110001
2.76345417660195E-8
2.98487718671595
3.11381928586752
5.39412529141123
9.25493170046639
1.3920498531661E-8
1.98991813065481
0.99495907110213
2.98487718078695
6.50810185169848
3.16665769793894
2.98487718551291
8.19207524354465
8.19207474445625
