465.422439310691
436.737840019064
432.08001521057
431.648480034368
449.393277772559
434.652120294588
458.261552722426
437.101822663671
458.645022854377
426.092820360209
441.401067335492
477.128767236994
412.683469647748
440.757864622453
445.597738097079
471.836887033535
464.81843928099
484.000549501217
435.558977317061
442.070349525607
449.491646392897
431.649452875169
459.586239461678
442.347621519521
486.030412095879
376.558311241683
464.251695720157
454.613193101776
475.690587522602
469.126580446989
446.873634649983
435.227176394596
436.120254637422
479.448151641369
447.674045624203
434.228568722595
444.289560424937
455.678566016952
437.117379432679
453.560251411348
416.018799420568
451.720698111407
478.10584374578
444.262897050049
437.949669009345
438.688226771172
440.566528074562
448.204899179754
458.836799568831
458.479090122431
477.206108617147
