4014.61200735068
4334.5297090472
4209.71694875549
4248.65504008381
2974.00754573082
4230.91104915267
3909.89122146492
4263.29417079164
3391.7359916008
4264.25535048918
4656.83438576488
3534.95075888236
4381.8009680023
4276.54353950867
4397.32953655892
4128.99566057843
4989.30584314127
3910.13505166547
3982.48120406567
3822.00817650344
4070.93910446263
4661.45486926212
1673.49736346414
4715.35504833776
3492.98090236337
4071.62862302338
4649.28292604402
3734.65275659543
3749.79294353427
4598.40782958213
3745.77854354857
4316.54707909541
4017.05898801802
4288.69066065775
4313.72481566958
4007.92852251526
5118.32804178358
1431.99766428811
3632.01525359326
4210.55314706854
3016.83970621197
4237.10431795334
3322.95756673404
4859.47129607047
4299.54700690768
5094.10632032321
3885.97993956555
4128.81790340804
3071.10666611603
4496.929141574
4575.43162720121
