13914.8216580438
21200.0921386786
18545.5471101122
13331.6288102732
15050.4088832441
14028.0756129698
12887.1835238566
13997.1317773285
14115.5244838581
14016.7928906432
16796.2671827862
9725.2052396049
15097.5635289352
15758.2390312465
10996.1948643787
14759.8480390361
13995.0121782082
15497.2058745698
14625.3143313066
15325.7379219651
10695.5157001518
11565.2330406979
14592.2946101267
12721.7938350523
11073.4858534314
12418.5592019149
11255.6818778557
17789.8449697592
14070.7502751481
12374.3861069469
11835.3975435007
13055.2360459864
16560.3488823128
11992.8708274082
11736.8371381917
11284.4307290917
13519.9110656323
12056.6330932138
13531.9523171592
14138.9640721867
15268.8301855841
11594.702942175
19249.2264784994
18878.8732977069
8801.47424639248
15762.7541756643
14850.112057802
16777.7017448637
15245.7276969148
11849.9533263069
17301.405562329
