245.563412560667
233.746783335718
246.241070827159
228.913721169331
243.713089967742
235.609647567555
246.264092603393
245.014246823805
237.301961119187
236.975421704587
240.172878923062
232.431647649833
240.977126981556
241.180305745728
237.62699939549
204.268578317136
250.908360919308
231.874847786587
240.806794226395
246.367849025688
239.763669395715
246.337127322588
245.719691233199
237.007457184292
239.44908034122
243.717207512923
228.368728388182
241.1632110425
251.016560465249
236.675026846698
251.594400657604
240.278869487853
253.13350035233
238.58047672605
237.401137312046
228.885442176873
239.533946195144
238.641034984232
246.215336964424
237.164259135922
236.131956823529
246.766457741651
235.563835163655
238.510016634976
240.737377905342
240.54729991767
239.388859167998
240.751745648179
240.700435242383
227.641396460449
249.140642539204
