331.968911918888
360.351184010879
323.394692168162
366.313406010526
499.094197283594
351.003837141151
324.587288024831
360.601176207877
339.217227070812
409.414206324163
398.699949911375
442.684219537778
443.161765054557
367.135523491522
381.218969477163
345.312909058924
410.056199337448
358.332148156935
359.127251545851
409.350554822898
343.214151282731
403.989929050908
372.347941548854
372.155779721486
434.998502762464
431.536868178785
379.779329380282
370.190678641459
425.199112348675
364.53653425577
363.332289094248
345.804695893899
381.88526422514
426.88220133504
358.297530179173
369.439887968412
339.799875861815
434.707873274813
367.051815245585
371.890948825064
352.248340336834
392.617413542979
396.662726560623
400.053910781272
363.468749213343
412.539205197805
360.820283141262
429.037447292697
347.0328100764
369.120662407236
366.61567169252
