1071.20898965713
1198.1584081076
1163.11758788304
1339.99054792845
1358.73847900553
1288.40782725
1268.92718801938
1299.86449844626
1333.62432742806
1449.04471165915
1214.11094211553
1150.27004008735
1128.32589082678
1305.8646748017
1180.74565168975
1268.28730943073
1331.19942618807
1270.66400287536
1103.73415477752
1294.77029752667
1218.51693157548
1196.38152414581
1092.662527691
1400.41753753374
1171.62871221617
1066.29695423252
1028.87954036008
1072.82159668323
1226.55403908466
1596.88526448036
1238.49202794123
1336.36714222044
1183.24687137033
1427.97998195494
1035.57524192142
1310.05546859528
1163.19413568831
1255.83522679655
1358.68804388421
1292.5318093141
1100.13317477967
1107.39073665136
1290.8505032931
1308.72573960949
1119.67412482238
1155.29438431652
1326.48441246098
1217.87806713159
1246.17521486116
1138.15269233874
1250.23687708991
