206.809318043724
206.193847853034
217.260093517849
216.011561746139
207.769514247717
205.30233972213
203.436116498257
203.602875013032
216.39065029211
204.35309310165
209.074481013825
205.669161626038
207.371731195085
216.154288186443
205.352400166195
207.468789786186
215.159464967697
204.435626768609
208.55524448788
203.016600366726
205.386654584372
208.514101373588
210.549949534163
213.136255599314
205.427905187839
207.470624867169
204.070731907017
208.576244896321
209.81970754954
205.892126327059
215.261381338466
213.418844006796
207.210699739474
205.521884524891
204.414434016131
200.000003581981
205.576551273061
212.608480725754
207.466189931406
205.145801896036
209.636133623078
208.522931256158
208.885557469222
208.976388454792
206.131535642571
213.672523185751
205.217788321967
213.971035689035
205.821932816873
204.373558230804
206.338995372262
