3.97983622837643
6.96471340696752
5.96975435330324
1.98991811418904
8.95463151384484
2.9848771832842
0.994959064076056
4.97479528547001
7.95967245675013
7.95967245675109
3.97983622838467
3.97983622837529
8.95463151384462
2.98487718129769
5.96975435160857
4.97479528547268
6.96471340904395
9.94959058186362
5.96975434256268
6.96471339965484
2.98487718008221
5.96975434256393
1.9899181205592
4.9747952952041
3.97983623724053
5.96975434256439
5.96975434256285
11.9395086851297
8.95463152088928
4.97479529557376
1.98991812044653
9.94959057094252
9.94959057847569
9.9495905784072
5.969754342567
6.9647134095452
9.9495905794671
6.96471339965615
4.97479528547404
5.96975435358667
11.9395086972914
6.96471340543854
6.96471339965592
9.9495905797508
9.94959058160987
5.9697543491705
7.959672464167
7.95967245675354
8.95463151384297
9.94959058038449
6.96471340969936
