1441.93373302402
3306.77048851479
921.702372483973
2892.33885959024
2098.03248567614
2095.58746301993
1026.81033681948
1430.27106451374
1735.68647563405
1177.05542074951
1232.89945413859
1774.08426954626
1935.60934920027
2644.02347155952
1623.84929410742
3017.25448955191
1276.25126019881
1241.12050294888
1597.18556948838
1469.82838666864
1423.6841097962
1954.36386062264
1455.60288434342
1801.79265107425
2933.77124436304
1566.41571037289
1915.82734370117
992.680387104967
3100.64620297958
1746.97103790388
2442.43696319582
1423.92330102467
2130.16748994218
2044.31533842429
1970.97168137966
867.585984533097
1282.23518717954
1574.69956225685
1906.16428132221
2246.56517670932
1747.06507193421
1827.18879006316
2134.03082395284
1709.62269037302
1440.24434958402
2619.47323944001
1512.05321181188
2189.40139667957
1968.87628127022
1635.01993526956
1624.82731125926
