58.5615578880591
58.5615576355435
58.5615577154679
64.1173958405547
58.5615577899653
58.5622680850462
58.5615577590266
58.561557824386
58.561563353867
64.117395663579
58.5615577179041
58.5615578517403
58.561557706873
58.5615578531084
58.5615576485711
58.5615582270858
58.5620191526637
58.5615577091415
58.5615576956545
64.1173957810166
58.5615578658868
58.5615577959792
58.5615577528581
58.5615577906944
58.5615578350376
58.5615578429714
58.5615576393023
58.5615578646155
58.5615577963487
58.5615578340004
58.5615576695731
58.5615578360408
58.5615579842403
58.5615578262881
58.5615576437968
11.6139145119985
58.5615612168632
58.5615577469536
64.1173956461217
58.5615577369104
58.5615577011657
49.025086310896
58.5615576386461
58.5628108057278
58.5615579298185
58.5615577228615
58.5615576911803
64.1173957160771
58.5615577015708
58.5615583478106
64.1173956359407
