1.96911530008765
0.977619656260913
2.69974846004084
1.11648453729117
0.998793522388269
0.280758852554754
1.05696737580547
0.378356827407288
3.61902267378537
2.49791609759268
1.8103491773818
0.99878912113968
0.997914571541969
1.09853043738099
2.45501340370583
2.49967187187303
2.69880619399419
3.49201044052575
2.50934051073364
2.49869842136377
3.30771773993001
1.122106877953
2.61788114640876
4.13621262974789
0.141176143771645
1.72016316235636
0.977618431651081
0.997733000874632
5.06334763182394
0.977619521150018
4.9739968927247
2.49908745861262
1.88643583158751
0.999300363429029
5.07045802896937
2.07243380637556
2.97967969821048
2.85952927644712
1.11590653471899
2.58946301117226
2.11890135182057
2.62128499350592
0.992756129461213
2.498872889621
1.06060056034539
15.4498668517242
2.49570158181427
7.97736067447136
3.67606122561051
2.69724020468675
2.08936174216706
