363760.85087993
370137.644295778
377234.155515113
349978.496694577
379448.135616278
350660.637064389
344396.740054467
367663.967878799
367858.240007852
358761.191111487
359718.974126379
356049.27996185
366596.960719807
347397.163396507
353001.356126233
343434.84225064
339982.301574349
368591.691896336
368840.927433903
335483.102576464
344801.03095422
328968.597364886
343234.418410748
362677.816975241
340515.017104331
356061.401622175
352244.069616315
351985.400281121
344844.084605625
375626.673273609
361615.285496386
342022.967009696
353884.525365823
369898.941874575
353349.650418271
342856.084193361
360811.688036618
363314.974609309
369406.897420194
353509.789526013
337877.209272769
365299.396117739
353348.905241816
391016.190035389
337058.019871233
353703.894426894
339493.801061963
354414.87693313
356355.713969944
356225.637389266
370189.999085771
