637.118052302237
704.379989197379
704.387909714199
637.12043352439
576.97506558992
697.749434582099
645.077744146372
761.530193267057
704.368785450513
697.747556639391
637.132438617351
704.361418286416
704.372310901622
697.748470177678
637.116129312
637.113686336646
637.124094894014
761.535780873423
702.724029801174
637.136943404586
643.440423293241
765.994031615908
637.120036259247
637.133547476008
704.372102157672
761.539874508888
704.374653302481
697.756511477144
658.129103336177
761.525711321127
637.132461830348
637.112968627383
702.723902368979
637.113058323852
704.370223760794
637.137212350834
637.117989161745
714.312170831338
637.126064956799
697.743257503836
708.215214166605
637.115703503904
641.230789876747
641.241365715559
761.535510924938
697.753277224107
704.398198619649
701.52987831914
697.742428801344
697.768690120324
704.391364520611
