393.818764697825
394.363156304156
397.933534638266
395.984766701221
395.915439705347
395.074556549033
395.651293471475
396.340865305961
393.81876471817
393.818764688122
394.363156307948
393.8187647114
396.659364869862
395.984766697757
394.363156302757
395.0745565484
395.074556548662
397.154439844466
396.243425633675
396.659364870925
394.626776221815
398.149227585737
393.818764698629
394.590263015349
394.879423185715
393.818764701238
393.81876469724
394.626776221925
393.818764693323
402.02918723114
399.333888518757
393.818764697182
394.229791772863
402.029187231244
395.984766688885
396.243425634681
393.818764700918
393.818764704271
393.818764698716
393.818764708521
393.81876469365
395.074556550553
394.856464315319
396.910200571511
396.243425635797
395.07455655287
396.910200557046
395.010928563066
402.029187231436
402.761282610671
393.818764697678
