1613.1743990387
1408.6429139171
1540.17923964301
1643.40781051285
1344.00259864414
1332.63516517488
1535.5755959474
1553.69784110991
1379.53259620181
1587.67841433125
1602.56739812674
1513.88704504608
1706.74971117929
1423.97943341693
1481.35842883961
1605.58703625841
1499.47014388427
1697.82096297043
1553.00360959845
1526.0643644858
1406.31311758819
1517.1037496459
1821.63985444586
1714.65507096056
1378.42859826954
1683.56693577583
1578.65137158985
1639.73073222093
1425.24963564207
1693.37965626585
1420.93894042857
1652.91206548882
1568.44268602833
1635.98043451491
1458.45664302878
1654.74933498492
1651.50616566693
1597.91113049311
1605.64070437108
1581.81224426632
1630.76028641394
1520.90576780865
1616.22027443444
1660.22077448134
1533.7392842089
1506.47438537882
1845.0260266211
1614.5532872785
1496.81812731211
1582.44657643767
1721.34242441015
