480.422663731586
480.394263823508
480.406833297671
490.777094384078
480.422151723319
480.861526718774
480.407699473441
480.415388694727
492.047318963191
490.690810431318
480.512820323855
480.424904252912
480.401158756855
480.380009198548
480.456304761596
480.431586584953
480.404609803769
480.479383942534
492.042946997096
477.812289005131
480.405339169452
480.398734340538
480.422675012843
480.391258204419
480.439405828375
492.087207931225
480.449465876638
480.439290357402
480.44604838533
480.402639917469
480.402411039391
480.433417765481
480.434924168657
477.501823986622
480.444364860231
480.42573165276
480.444275009835
480.500807785606
480.40624808019
480.421752314811
480.40747826938
480.449137195162
480.396469977679
480.480443275185
480.45933223478
480.417084851385
480.505180928601
480.44349139762
480.453184870461
492.008059287722
562.784831283325
