34.4555960972179
36.8299071352899
37.2704111016694
35.9016187057713
35.4283017100018
34.214169272407
37.5504166838815
37.8891425281823
36.7824650103456
35.2265058109272
34.9209610428939
35.2197541852659
34.8186097451417
34.2065767774043
36.5446295792659
36.2218221602202
33.6749838644845
33.3630624790298
34.6632922577722
35.4672780186809
35.0830375423723
35.2285645100967
37.3030639999945
36.9508268833042
36.8374385497698
35.1045024021792
36.2225080338753
37.6770050269271
35.8470804972803
37.5304852698267
35.5184112134543
32.7036772960512
35.2466741812696
34.1336374110449
34.2666752405103
34.1577583489563
37.3753021388438
37.645454387049
36.157808593643
34.3110951621126
37.344621873859
34.9389898247465
36.5024347128647
38.6949756600195
35.867643063454
35.4746296561245
34.3495749427915
35.0259641329711
35.2486086512145
35.2000752810619
35.0509099113198
