5.47211219129961E59
8.17989678560494E56
1.26711650270362E60
2.82475852771049E56
1.35295434511628E58
1.05129812483679E58
1.00011120524351E62
2.96761088959941E60
3.21816895064732E58
5.49141181706054E62
1.61390289135067E62
1.5098795696756E61
2.61365059173267E60
1.09035193527401E61
1.29689696829312E60
1.42533933907246E62
2.17426439746357E61
4.44782570668313E62
7.42663387993194E60
4.63178244759872E59
6.07422525035677E59
6.13939230603995E62
8.63215176978071E59
1.29952964496843E62
8.32400476001453E57
1.89407311679166E61
2.9774940975583E55
1.1621647835605E60
6.49293465812329E58
1.22044662328387E60
6.6163760415041E57
2.90066556716294E58
7.72765383269722E54
6.39975406100614E60
4.24823771150558E59
2.8044499505166E58
9.93622716785104E59
1.92608066947254E62
2.1807654511017E61
5.7976813939118E62
8.00244956447237E58
4.25850829170983E59
9.55667020418269E58
4.90791054502876E57
9.05505209047137E56
1.30527061816775E61
4.87184526261778E56
3.08101004869026E60
1.05290761568493E58
4.23013536459847E57
6.25914326351395E60
