125.338422725442
100.976265381132
122.15097405582
113.298717777453
123.251359946595
138.756629177226
143.33693470317
118.196063046581
136.260437287663
104.552325694967
108.063401404459
129.492133738356
105.987890872476
142.199362587568
107.724271711226
127.367391652156
139.842427542119
111.920153915742
122.740100319319
124.820360102173
112.770668090382
120.465956238251
128.831103919385
103.093754708315
105.450589843409
123.343899650416
104.300982153518
136.507547241884
131.773328437181
131.828567254892
105.237938759986
129.075677025347
127.571158029941
108.843118006561
100.340951141617
204.397462754529
136.970837430264
109.407380402299
102.871348720515
117.220586317096
123.295413106647
242.635405546141
115.679571627388
133.989563969805
133.854213982359
109.891882589512
102.658629856491
124.483793297669
112.073086964067
128.539874147953
112.619969015511
