61.2732106277087
92.278826848303
33.4224973683417
58.7701659672045
57.8458476475739
69.1442160954705
82.497441203041
41.910742589273
97.7215228166124
73.6339132611206
59.8965206082398
35.7103708963919
62.0658599634564
60.0276070144553
60.7529731055854
83.6051688748103
39.1448323804236
66.1453599586819
116.945328786022
65.9489540858085
59.9521214534864
47.1882064676079
54.6850969767445
41.8415148438135
75.1875264281223
48.3109108976939
65.7620801488697
88.4265959270581
59.7646473849595
46.0277787875607
46.7382407650566
61.9599113427757
80.1292695874522
98.7685943896488
78.5634799388522
69.6702428360168
69.2899716296929
82.5896151904149
61.4277133111837
45.4741999134915
69.4117565333229
73.9486811742654
56.0340663836907
71.1297520035043
74.1815079885589
63.7091419566441
75.4028294436011
52.606229880354
65.9182849399056
61.8679935124276
90.699893655421
