22.0076843379102
20.0275012239774
1.25129872685648E-7
20.0200143010086
21.0126597100752
0.994959349520968
1.88051899385755E-7
20.0464498915653
20.022993837794
9.94956049176949
21.0186530447934
3.78535306234653
27.0093519958427
23.0136231019355
0.994959243492531
0.994959441067977
1.98991832985985
3.28415353578748E-7
24.9973045165837
1.0559413025926
22.0216540434899
22.0153936378929
22.0117398117607
22.0042058494998
20.0203008643743
22.0137428590706
0.30186426716773
20.0243841740705
0.994959314475636
21.03166711227
0.994959332387225
23.9692820485279
25.9968643333627
6.96470866734285
23.0326302459123
1.98991837119297
20.0293326160861
22.0069789340753
3.39696271112189E-7
0.99495929049408
22.0180686674498
23.0271283720901
5.96974955139785
5.1566608178623
2.98487746415663
22.0217149925306
20.0131151460814
22.0217091952468
1.98991835750326
0.994959380459477
1.29682328086574
