1.80597324517815E8
2.57049967120724E8
1.24147212074099E8
1.24927725129542E8
1.59401218794719E8
2.0475731439601E8
1.51316531325698E8
1.55625492087973E8
1.4830122694321E8
2.28162657142632E8
2.75584168494079E8
1.47000661723718E8
1.68631560736487E8
2.33521056970159E8
2.66394892458844E8
2.43106986523128E8
1.36430923716022E8
2.46817250967614E8
1.62248942097115E8
1.91273195478853E8
1.63960279795005E8
1.65245425737394E8
2.51890916357533E8
1.99848183079514E8
1.43234807021348E8
1.6135256227853E8
1.7441482323417E8
9.68674264498574E7
2.95148273106208E8
1.03615310753207E8
1.58886463336912E8
1.70700957671791E8
2.63714499423602E8
2.22453877643528E8
3.35751618575392E8
1.29988109164426E8
2.28129270727929E8
1.59319280105638E8
1.3792451186958E8
1.45712158541021E8
2.47235102230042E8
1.89526313639411E8
1.61180110291345E8
1.75679647529319E8
1.49948065546238E8
2.47569656111653E8
2.01404644170586E8
2.63110286964383E8
2.33554944145836E8
2.21728414636377E8
1.5159762582505E8
