0.0105525931369357
0.00876992912003516
0.0125819696287408
0.0121040814759681
0.0114438111129402
0.0107619693039851
0.0116522835985506
0.00895838628014189
0.0110462958239168
0.0137561282525667
0.0115125980919402
0.0106250011613156
0.0110715315374819
0.0120826025544147
0.011422762220036
0.0106486807063675
0.0117712969386048
0.0106398049557583
0.0110479501820464
0.0115953994228448
0.00960265260323467
0.0108146330205727
0.00941841768815266
0.00996730563895198
0.0119824627566913
0.0104662107245304
0.0119767309200824
0.0105625474731141
0.0126784032657952
0.0115629823142172
0.0100863393705595
0.00985834347420678
0.0114428591024307
0.0100278403826906
0.0118230173879965
0.00957509584281979
0.0111622709619041
0.010053365425847
0.0129329718924964
0.012643627605371
0.0139097676731126
0.011734461621927
0.0106406757589639
0.0106762372814728
0.00953509843907341
0.0114847671352436
0.0110769069699472
0.00957291281804373
0.00899290372376527
0.0120544539845469
0.011333001936805
