5891.88486396556
5986.72908838855
6198.19891002084
5372.61425498053
5737.60933984107
6316.57298198658
5653.62597505646
5819.59486456325
5935.17464874279
6022.07998829866
4907.10540566176
6514.27036719186
5396.28988134572
6287.46840196163
5675.42534710668
5431.59452318879
5760.95524047516
5279.263937539
5703.18414876612
5918.13947051098
5870.66722731326
5822.64657264481
6346.9884755782
5769.9132327028
6414.66114390467
5902.94832160142
5640.21674257353
6332.00930257256
4839.34006345824
6213.23922941993
6224.89733492031
6245.41908898195
5922.85129827386
6682.31230047205
5828.28404624537
5534.00365567573
5602.23318689209
5041.28723562028
5029.00520978757
5456.48798447292
5621.26933764816
5924.77047940449
6482.29171025837
6333.08512042345
5900.36443016566
5948.99086888061
6189.54109631596
5551.79724273108
5574.70058006645
5239.21217610261
6526.94356986088
