232.55362644613
257.399474996721
237.306156152634
254.502460156787
242.385893118028
260.221075514043
230.399951131995
238.802342415579
246.116652846825
245.327160949631
241.103426252175
247.291603032079
262.844228157934
228.208827602437
244.224262031022
237.820112962228
259.113155141272
233.436787835969
242.775493042337
257.071752918577
250.833397272776
232.127228656224
252.94796547535
239.296270566378
239.197608816046
238.145014413292
231.550662553844
252.80491214967
241.505799430346
233.047223089662
247.676088521963
231.944171923801
249.470920793852
244.899786562049
236.119359929131
246.281283001629
241.504846463476
233.969216979692
242.298755834815
256.064246601884
232.845967239535
239.361891331057
229.91991990215
236.537314625171
252.710254916157
246.164907825901
230.47757909748
241.751893732808
231.532601135557
244.205279096645
241.985070676337
