31450.5834935094
30429.2782037203
31666.2882253342
31060.8780060446
30321.6273524915
31784.0453648941
28930.1643667715
31150.3110284843
30664.9282174277
31066.6342222293
31251.3196059567
31797.6071358444
30744.1933228974
31961.7990453832
31444.4882393014
31760.4343933972
31843.8003722131
31028.3228577713
32214.3160242745
32199.1372299051
31963.5627019146
31379.3131405012
31696.5193009961
31301.67814423
31415.3537081416
29968.1194193601
31482.2456023193
31475.1674351248
31485.5712256855
31385.0126167209
30332.7953723612
31142.4339714385
31395.579830922
31530.9112518302
29891.8712372133
32150.2019031229
31671.3487479973
29753.8993456603
31505.9181180582
31296.2503594068
30403.4220781751
31578.2198228774
31380.9827706282
31044.2065314911
31206.9019958948
31201.8029324689
31450.5471073035
30875.6613542605
30613.3225979338
31174.9878024152
30945.36900485
