37.5102464364729
80.675150833222
20.8692612298089
44.2431279153739
29.3109119765534
54.1964227971819
68.4846715076942
28.7311295305688
85.674499389645
35.1133015383934
48.1063107685191
18.3378856591871
36.5145768662862
47.9900337960451
20.1746904904799
64.5528235822944
24.5511801216385
35.8127901122864
100.284288518093
48.4675260121389
45.1652423444652
30.9578135772624
31.8761628418172
28.2826485360886
59.9552612585658
33.2054194748571
50.998601316777
76.4287722235854
47.7562174787113
33.8933108980532
35.1009856621054
48.8435698045205
68.9998490926082
90.0155688132779
68.5060946324793
41.3309681739347
50.3002926567619
66.4246432442646
43.0765377909595
21.7727785332961
35.7708487083723
59.2104102032854
40.9245528135177
60.7332514410223
58.747287165553
51.4983134777603
68.4119813211182
37.0921703514205
37.8545048519211
49.6619722121061
65.3402851838987
