418.187479755273
424.266004002512
420.739900632517
418.157230472369
419.084408086965
421.791942585321
422.470537800735
421.611644038483
419.161816867729
427.754468304202
418.794217792138
416.453607915655
423.556678709049
418.432417286999
424.955523923878
411.364279614626
423.692782058808
407.070871404495
426.00251851411
422.935488113709
422.885870036482
418.973241364718
424.941026550054
418.171060881004
423.332655930092
420.905567053101
414.239983562233
423.10381704262
420.318137102202
418.912989516725
408.258951074202
412.749302455633
430.586422440223
427.369452159694
424.655257387837
422.740245646572
426.234696199424
421.916460177604
426.522607226983
418.447521941596
420.030764349136
418.107510759311
415.80463728223
423.49586592855
421.111833527474
423.640221411903
424.381851866228
424.565267892499
422.93637441619
420.205476774748
422.632215091211
