326.129009472599
386.451864428233
385.084164580985
381.073039346421
389.131595089654
372.075175367545
369.700054304829
356.686155875427
331.851441668142
374.468086332538
386.8331324048
323.298277835498
384.685427970341
375.961619449482
366.630710193634
369.382679551221
391.744631762062
376.597427251529
311.117334901117
371.42045169471
372.542068686041
352.725191795983
411.943138462276
373.226216638197
346.865048590384
401.067108443672
402.01696432067
349.913418630264
360.828788958614
398.415919541261
418.004219669745
365.794029833233
377.537904255235
354.990044852729
380.113704022969
367.138015332803
324.0855990031
351.790450398672
306.852768493163
353.567847799513
358.795707488179
380.204479026823
359.643941734366
342.859014288638
351.292208873354
381.278225052308
343.310018843449
381.038296732353
387.752308449245
380.921601696219
357.800405377584
