32.2748018239558
47.3048808595929
95.9709270186393
88.3011116439229
41.0749826291628
162.200652188378
60.5134281976236
49.9295924037265
110.239115012891
57.3140471942322
130.054349812602
50.4652148962473
31.3484647042446
81.4090365368945
158.855116390272
68.4439939141723
36.2944689515966
67.1780620737038
130.977033620636
44.1161517123935
40.5082931644215
137.019763105628
54.4932621330256
107.495376009845
23.4095962844547
54.5064915934724
132.360914708156
82.435927415323
53.3982488519403
88.2569867725379
24.3472070740738
65.0653372026627
105.74138066886
26.9375050306255
55.7177275215911
144.092593299056
81.5317637405813
52.8021511865386
126.277387856822
55.9350328193104
79.8102257221756
36.9987417952077
34.4466712099049
113.241370187754
67.4708887601635
145.545649199122
109.089045822187
99.725555243321
86.9322828763311
126.396475790444
78.6043182790331
