7885.08229631074
8123.45343677288
7796.79400087745
7901.26024788413
8174.67534940431
7780.47380067604
7140.61646549182
7978.44924734147
8047.84146040138
7535.46017406418
7846.22067925533
7711.13265654167
8116.25229586957
7699.33378248196
8487.92705939356
8143.34554055406
8127.30158273428
8366.30321828578
7688.99676252301
8466.47053689425
7673.77723272767
7432.03568607303
8255.09579275678
8044.24829820107
8361.53713366687
7914.6261482468
8039.79050845512
7620.46470795115
7935.54789393673
7193.14766398205
7788.92706556496
7821.34593664301
7819.96182867511
8387.57140002436
8133.74588366738
7726.88262500421
8204.72214659017
7623.43609746425
8229.91016213218
7966.03113795102
8200.18785722877
7529.56653917576
8209.43594335202
8242.52395812791
7657.37120592447
7731.20056286647
7823.23865699056
8201.61718200192
7368.16577923469
7938.29265476593
8450.50730601997
