212.277246133674
193.127740088575
212.277259507365
193.932947571032
212.277272835357
212.277152389874
212.277776843128
197.356854245288
212.277233563123
212.277208983681
212.27723897159
191.331099514428
194.0299613119
199.001616380676
191.261234312547
212.277297341273
191.593312370048
195.732408203777
212.277111595585
279.123343250509
212.277130256678
194.392802084904
193.485240159339
197.356856407247
192.027091674976
212.277075478393
212.277788983531
212.277066319779
194.863683456404
212.277809554825
197.356864019764
192.110067310559
195.712042337692
195.716837922083
212.277260593816
212.277038230874
212.277166227489
193.474549494897
212.277103036879
212.277226924623
192.310938460375
212.277269353604
212.277168031193
193.167200559918
192.422123236335
212.277124124805
212.277134952609
195.610787989274
197.35685156367
192.368080733606
212.277009017652
