593.701815764828
518.561077649633
391.516871075953
313.135837643477
342.753479044257
452.783810693218
392.223606303499
441.79000866715
307.729843948614
419.341636762012
463.725235757927
390.19820635336
339.437506612922
401.853346202869
335.07478358079
316.710572860676
344.283228168781
354.336625394588
531.658448900225
351.99671044988
392.632708412379
355.036441270137
492.368936271378
332.723644551599
624.726528793593
337.372968461395
430.590706299583
407.48402607411
423.017422298448
374.375864717864
407.208658657344
354.882044918915
346.194174152022
310.710883147266
413.22098379761
421.957752841937
368.505184517062
509.132242172801
337.728179985085
326.207505262299
357.234696142904
685.56159162587
315.384419465294
369.269928724617
608.593279772484
801.710778066724
595.038084062195
451.10617224191
347.365931894005
328.929913878144
359.642991068476
