1.01217419569366E-4
7.28724423311178E-5
8.12456328844746E-5
9.56714009703319E-5
6.53241577310837E-5
1.06171197955973E-4
9.77629217686626E-5
9.16743247785234E-5
5.12489750690293E-5
1.1887983117731E-4
1.0714428395886E-4
6.17246214460465E-5
1.02266322357991E-4
9.38784044137719E-5
9.67264171549687E-5
1.05231490294955E-4
8.94548083465452E-5
6.91787782329811E-5
1.16473638001935E-4
1.05409213631447E-4
7.45732645555108E-5
1.20958705622343E-4
1.04063894241335E-4
7.48421647926989E-5
9.16975422455835E-5
9.23624114648192E-5
1.03194658208849E-4
7.88185934652574E-5
6.3065660981465E-5
8.89687643166326E-5
8.03592826059685E-5
7.2199634360004E-5
1.35705723550927E-4
9.10925820676312E-5
7.54099096980099E-5
8.06144310558921E-5
7.63539897548071E-5
6.53687811791315E-5
9.9464882509892E-5
8.12566469221565E-5
6.74603581956035E-5
6.59693045577114E-5
1.04741389520768E-4
7.9078439227942E-5
8.67745085315619E-5
7.91417962773266E-5
9.37452200560074E-5
9.09746249817545E-5
1.20328366506328E-4
6.89757150666992E-5
7.5335604378779E-5
