480.244856648013
480.235217530616
480.235698420624
490.103007099196
480.231994305052
480.285591236423
480.235831224893
480.235492706559
491.844361148227
490.09596302152
480.237724747742
480.236064605449
480.235809795835
480.235507829127
480.236344498116
480.232088945532
480.23555850899
480.236745689183
491.844008264064
477.35605652841
480.236079669437
480.236577270479
480.236134566367
480.235305718793
480.232297866659
491.850530259528
480.231753530721
480.236376314151
480.232441222277
480.235394317366
480.235247415005
480.2363935794
480.236398449473
477.342898092124
480.235717451304
480.235909954021
480.236480484016
480.23281654452
480.235576256096
480.232150956167
480.23191783282
480.235965361452
480.236115828755
480.236841886575
480.259990706997
480.236079677777
480.232886957248
480.232802320117
480.236149715478
491.843716139293
562.521174479373
