719.155414328183
998.876259491015
715.702735678152
691.100912589889
867.402903337277
741.597315038161
409.875667931596
908.588430130771
953.748807140474
734.152468088229
909.840935763002
846.34434710472
895.783750418664
674.698202677132
1000.08353728921
1114.19012213097
660.216315096692
897.809389482959
774.797715637946
737.081012432742
869.051822733551
674.361724471609
917.973627065892
818.692836376596
805.254853280075
849.137535328195
741.99558425147
797.882291475995
835.595363442025
873.29550437969
1068.46921001111
806.849299515211
619.926768171438
844.010547274001
986.426480227393
679.243455373758
854.437933693123
677.742631323083
741.006997240552
959.641489352405
966.339385498428
754.388017976924
938.66845339369
794.167852856258
884.591097791059
677.688474850905
820.723594639443
710.015866268131
865.7490442835
751.707300607031
703.924939756733
