22759.5875153933
20629.8757616983
16514.1305766569
19201.8238760826
10442.4494068065
20221.2871842435
18783.1975945355
17083.1658567922
22755.1151125984
18645.2991432377
15561.2195043562
21982.4222503401
14692.62128337
26036.0309192036
23491.7596436726
18000.4104552474
25457.26474368
24345.9661909288
21735.2862301664
19527.722815705
19484.2209779839
20869.2698649422
16661.0986382333
20737.6669565614
25187.6056271407
16789.297326846
23188.124095349
20638.3746029312
24819.2314772138
23438.3216611964
17560.9813941144
16508.0417128515
24211.4197242278
21863.4147227499
21406.3014019096
17761.3191428428
15334.5268399693
16195.5410537361
21477.6588074558
19353.5282881348
13056.9089260951
22471.1493345213
23062.7068925565
21859.651160882
20072.8187758407
21983.7062585232
15108.3212905056
17349.9357019382
19388.9397908396
21251.138554462
17413.0538799959
