614.352958785636
589.602042695613
482.906987777972
673.672713827359
621.31725422695
639.370773289397
411.593214071094
594.932642621225
631.671204320929
606.414411324221
500.907746724047
592.136893727477
596.93433992383
703.68369327863
695.648055428114
563.179633794516
647.428709518852
469.550034347155
621.992696451022
550.9567781409
625.9412596089
638.664740381201
596.452087398962
628.587593413701
714.67326039842
635.818238359328
529.503530576389
495.901100937474
680.934102156827
643.976274428945
647.769293479494
513.550609022379
626.343252607632
635.62280210102
612.784629388183
544.30118634434
621.083717104657
579.606249828569
638.579257676526
748.748427725293
635.083121721212
653.264739824551
672.070512377023
717.359822412492
457.888898119316
616.745812055933
594.94629421264
621.064519261284
578.146233906047
694.03569945315
538.22653815702
