45.1185443364375
50.4784976944935
48.6198646666805
36.3517527151688
48.8604422268688
53.3260257328991
39.8234983960343
24.8459731243405
46.548385344027
45.8324110207772
33.8268581228912
48.3224403531789
49.6836359243586
52.7217513222186
41.1746706260915
50.0639517833158
41.3460757876351
41.4727891761102
41.7192939248398
43.0136705317732
45.7960935977065
31.5273961514225
53.8949414780855
39.9760627128106
42.1157188599346
33.9768995083272
50.5152676803787
46.7468508402196
49.2191408050869
43.1003618693753
52.3134774744007
39.4547678876512
43.3388597882943
43.0451042113854
45.2659546680255
44.622747853954
42.0035902028366
49.9177417376472
43.5970426422335
40.615173177542
52.1323944445845
39.915753842559
49.1355266622542
45.594882399633
47.2096974766457
41.0652474322873
57.1664713570898
37.5489183846373
48.7461695637879
49.3675556050114
46.5521147443563
