193.908978752543
261.68045115417
229.085070026914
293.963287909379
175.281078874459
168.820672839051
259.695999203741
197.23238432818
314.659372880319
168.614997972266
239.880779282775
277.884218771109
263.50527521021
190.17499162473
218.30002289658
243.09827431914
219.907834116207
261.975981466704
226.564273275067
163.669392032417
312.991799990881
262.865336526568
226.135186561399
250.140488920091
368.951714259184
281.465576208327
189.168591702886
340.900930946333
342.537222421467
261.371242273907
273.45165032908
178.919311397317
343.145825489226
169.012656436996
161.100280397416
210.774919044413
227.322050035642
223.497721177187
222.758219680321
181.912861409042
191.797563659271
161.556249921543
176.369537137645
181.972152660391
201.040245607614
228.551637952331
218.746084204119
244.998385996387
246.117338198035
162.050894636086
174.275668961304
