185.555211597185
149.185347488271
102.655310674698
24.8629613915914
157.203609850667
23.9019449630389
188.901107505799
26.2673871459085
34.4320899737518
142.398209713
228.756450441529
191.300789124061
307.410990336734
138.025360801324
20.6657675478045
113.59474581201
137.503829226046
21.0132079410823
94.4562018846818
204.494890175115
183.28661899007
202.743766175101
22.9371748662138
22.6872790744169
195.978919309704
21.7488015576025
21.9594178288871
108.082738436343
21.8955522886367
137.020184113906
23.029611470201
22.0550256317192
20.6375591876217
23.6782413203869
114.282208323878
20.9678756371998
167.472652501993
21.9087498516151
179.786155649859
21.8531960091066
192.683522677018
20.9621612730182
175.369693806565
130.742187595606
114.356852667028
147.034261591054
21.8374150695233
139.833977483884
20.8011744775768
149.740196909147
21.8563811975644
