5.09748370854301E61
1.82316881268147E64
4.82270836817083E62
1.9989232180543E64
8.28987199521871E59
1.30390772648122E61
2.97018917540048E61
4.5436120903342E62
2.52154284945132E62
6.49917716926904E58
3.02718455175133E63
9.09079710606491E60
4.83097566557026E63
1.87090105126207E64
7.63960976905494E60
2.29281394500322E61
1.76477116241086E63
1.67921730631168E61
2.29660208024821E58
2.31712653950768E60
4.36475610398741E63
3.3394244039922E61
4.66295000314746E62
3.3174616904071E63
1.45799189103691E61
7.91376742528386E58
7.53492729222667E65
2.78988438597788E62
9.02520409912498E61
2.73241106019479E63
2.50016906290545E61
2.08228132964441E65
6.95089153484467E59
1.40890146919201E59
1.67015427698664E60
4.4168984170167E62
3.16446543599418E61
3.54671948746241E61
1.34462900737805E61
1.06294199544271E61
1.96233135336565E61
8.99332078542089E61
1.44280211053175E62
7.98371048705041E60
1.54966679522892E61
3.55950069322656E64
9.5886085873346E62
5.13573958292474E62
4.61939564244582E61
2.47680540344215E60
3.25701870874864E62
