411.615777758474
416.76599502465
424.099165045614
418.526719448795
413.783233637888
415.975675076641
452.40353289572
400.234060074363
425.083788110268
419.033539451085
423.27596229815
411.76597027378
393.52455505908
422.10281864372
417.883030228059
452.277240800818
421.288159475939
408.235054933519
398.823790648108
425.613280932419
425.31733000476
419.247336454747
419.072740675072
451.8469014847
420.612773133806
416.387515480256
420.909640567922
412.286488127805
421.159796125003
408.96470135629
402.709672176423
420.194709355765
408.336710334144
400.781994928489
424.218388364675
416.904218827955
420.928689155788
406.972407197259
414.691886017411
423.498073072324
424.507073296163
405.024469569252
453.384378173354
423.008640004637
419.069631252837
418.46037900636
405.661163268062
427.405448615595
424.353768006084
427.101134446909
408.878842329204
