300.002194290149
300.01341395202
300.011422747509
403.285683057499
300.003927200901
403.285681482933
300.025965922737
300.00183296341
300.00647346997
403.28568268364
300.104685791327
300.006011446116
300.0014501326
300.003074817708
300.011979586319
451.711289959566
348.053278824678
300.003123644398
300.001905830672
300.012721987793
300.011013102021
403.285682279628
300.002310261821
408.738279501468
413.975165797034
413.975165799582
413.975165813093
300.009887824975
403.285683295436
300.001956737608
300.003030400096
300.004055316765
300.002429297339
300.003055096409
300.010252324723
403.285681044548
403.285682462938
300.001476170039
413.975165831925
403.285684533096
300.014311772977
300.002382912654
301.402062817886
300.00623110707
403.285681672017
403.285681982481
300.007583357699
300.004575813432
300.020315084623
300.070278483036
300.002937965309
