556.913192377677
531.137907266561
540.911005170671
547.765334830824
544.244253745211
553.689503996809
536.057513446877
559.665082338838
547.667617360892
543.2209786371
558.575623846142
547.36800346053
548.927396673711
547.52771015156
548.79168827394
548.910489630342
542.770990515262
532.937468547399
527.053444684702
552.880108793477
566.432890666179
557.658473398476
543.792770298876
548.357707919856
537.990244773057
550.69763777665
543.191594542114
560.131262854171
546.765983498875
542.518203113129
547.969487634426
547.776768779298
556.405722388847
548.263133459923
555.543359503225
553.842722800918
553.213829482911
544.225929970367
543.876742969046
556.919393039063
564.607140424497
548.009067152402
565.646942587029
528.124724161916
549.808548538228
551.759461578399
529.938931740916
537.697873696746
549.338530943627
530.555950576539
571.659497464743
