393.832155340446
396.343247893259
397.938795801324
395.985711709012
395.920570450226
395.086174134979
395.683909297437
398.298607519949
406.455268591084
393.819600493498
394.60014441132
396.668557595828
407.050836960602
397.881447589571
395.194952835359
395.986014787269
398.662684675214
397.16297141459
398.15019407227
396.666440033858
396.724105496387
398.152508950154
396.697520034093
394.603698599328
398.64469008567
396.054265117759
393.819293368267
396.999349719821
393.864144689079
402.037022919334
399.350207981563
394.18835032633
396.275414010248
402.032716503735
396.03725854499
396.263274709158
393.84724171536
396.88329609742
397.379979650424
406.748389082008
400.679929003151
402.307896105696
396.660386521535
398.83056228798
396.292419876587
395.985248398635
398.305006787595
398.866127041028
402.031449262075
402.763200889566
397.838226181436
