643.69120342396
620.239935766314
636.579929370763
604.061821785916
618.214070793115
598.326928562373
648.70084860458
587.989388455703
668.003320394644
595.932702800089
586.888493827791
649.75090846246
641.531641190364
643.101267570433
587.503106037846
629.902247262039
642.450556857039
609.096359597144
610.020262316747
599.81094525017
635.302095064401
614.014114452701
585.120679931102
628.270000344442
654.061660054996
627.039382899161
640.589846472453
587.452971803752
595.339049628555
563.693933964788
640.208518213878
625.058645745678
618.054345809732
625.124602048043
622.23377749431
595.461208032445
618.02538141117
631.566177230909
616.707189065765
620.678818902969
643.408775253248
624.642765235561
597.616263653787
643.381630207582
650.843842332702
593.053653742388
604.012686986813
639.172327626687
638.826462281979
634.300264457544
621.459394130114
