26.6263499394533
52.9718082679728
24.429018278438
62.4064002343712
23.9042300606661
40.3064296997359
71.3747549373365
26.0125438311991
17.9092429418156
53.1538726607607
43.7603953337978
61.0144646413632
44.7782345765481
119.20901246848
84.5466340979269
66.9293878295275
40.3329156824341
35.4481817482044
33.8253136674348
24.3028383131518
19.2305278229314
50.6376378369534
33.262260365474
48.4510576352973
116.114140976283
8.95462655460528
35.8183846913576
62.4413558661968
33.0649914171615
20.3097375851896
121.720324878337
30.3589665767474
164.17886294684
31.2868680906731
35.345926743918
71.2583600535377
50.0227073903891
73.913150167303
24.3929973058744
104.684961015216
51.3998953018502
57.084196930984
17.8853707445712
28.452068510069
28.9742585370582
14.187136742411
67.6508673468504
35.1539310841608
27.8762858355476
49.5201561426202
22.4084076467684
