238.038074942924
227.15031408817
235.454068603116
241.922095179515
231.581436650212
231.565227481452
233.898464086989
244.630001763622
233.348876708125
233.293539090685
233.970054605273
228.751529564313
238.882296797787
237.555102663581
233.358833958379
242.30979022128
237.997231172132
232.898013572178
235.564532239229
241.48297930645
231.943961253682
244.098595030287
237.388511759816
240.67705476907
234.721311041018
233.998385499261
237.11225363389
243.732671120003
237.161213166754
235.380026423472
233.53318874566
235.054522985654
230.495944428792
232.054148558273
233.339773612748
230.823369027321
240.584274883746
238.956853196845
233.86653327809
233.240469880635
229.709306254926
246.458969457063
232.553531625301
237.799598913967
240.236935625192
234.67316083813
235.560763606732
233.759632691852
229.482906684669
237.026218056777
239.339108027993
