414.534849430155
402.510368036626
405.148231104597
405.012699694675
404.037285771668
403.446833827577
402.031790696056
410.211041382099
408.923233598034
400.135967052533
409.978763254994
407.459853168459
412.895719299589
402.948495437909
415.556747658192
400.23762679118
419.165766398051
406.052660542033
406.338997252004
403.925017494284
408.224876124637
406.011102547003
405.498546314494
406.557105847014
422.758490545963
410.301030109765
408.014896407471
410.849164633935
404.751820078088
410.911630904268
407.30149005919
415.15795113971
410.940067614183
407.150062125465
407.212524639956
404.680331447651
403.691891380425
417.786743449675
411.040754170662
455.721279414337
412.580230907994
406.091776226859
399.085428441812
415.217768878786
407.783266326715
402.843031899701
409.128746443811
403.736131435365
403.705402499525
406.011373252765
414.489325071461
