129.725197077751
128.920339369583
424.295786365608
127.670980727988
148.804291031651
302.303536233918
8.63912106578209
124.397496411708
467.137331296573
131.316487947635
441.033245297163
225.083263497061
248.840207954843
252.504576885254
130.279032308379
126.733450214506
128.224811564585
128.409093589158
245.629182694534
134.22305523156
9.27219374316337
135.657529342618
127.801006541034
131.695066585624
11.5632953308195
131.012031385239
348.996677670519
135.881091507785
419.487455714403
432.258610012606
14.2837727103652
128.670959374045
125.404854034794
123.143847023181
130.341490471325
135.452546529192
250.169633175028
131.683409927213
487.40251380892
259.254820319253
146.188858965554
246.2247764561
348.281735863191
706.431170341864
134.656718919228
120.306657864952
141.01021782805
242.318227017757
144.742712070125
133.924541438115
146.513173521013
