36791.1183980073
26593.7283442035
44845.8657966944
27984.5079567351
26678.0174791312
125728.168814139
62465.8322918049
69617.5475626054
34009.0200931992
25622.9334563028
61792.2211159651
104633.071939991
32647.5708513997
54848.5520668252
7085.15273838769
122698.033843862
7720.98818689698
41434.5247818402
123309.370402183
34516.9888100436
22301.6357442224
67041.3233419939
178105.672620657
37751.9394158331
10120.7649868966
96213.8432823875
11552.8962764373
50487.3514264272
155722.337563621
82910.3219962131
74825.7655831762
37923.3978387392
10677.6976156372
64662.0615335415
51374.649533985
75740.4134527303
42324.6615551819
52215.0786160739
51573.6312660545
30798.8713056639
101872.860120622
90978.6802904822
51211.0045411799
30976.1764122211
88797.0451988104
69729.3826218649
45796.3172213056
64894.6759437068
4377.34399181815
65684.8795932975
32930.95881907
