9131.5364803818
9049.33839885669
7844.38482777487
10038.6372134956
8662.61477903467
9697.26173725908
9467.81822230315
10634.708825796
8344.19434744627
9708.64165604924
8124.86967586973
8718.29087607725
9948.68895233017
9916.74647195365
8963.1547555059
8922.81881272832
9087.73112496474
9035.09158453433
9324.77762618333
9131.59530542339
8294.07115559419
8425.51746571133
9963.26514231242
9511.1388105627
10344.0310653029
9339.55991768977
8357.68356926702
9737.19256636601
9674.83926152313
8956.33967243102
8516.89081929373
9193.1654229644
8036.63999836087
10333.8136942309
8682.93413172208
9052.99765429032
8718.2767961344
8176.49091006508
8124.00336537677
10014.5972571596
8847.40958267694
10140.6063201155
10071.1967645218
9808.62790516387
8327.99630102137
9097.12439410229
9170.4460798144
8405.04904356596
9030.09766244964
8813.60773884568
8998.2755557882
