0.00984249638941037
0.0112720198235934
0.0111574778204044
0.011499404483061
0.00885414905138759
0.013185316824547
0.0140457225388104
0.0124310389816742
0.0108673924485174
0.010022423159171
0.00932199340127227
0.00814232347670441
0.0112201376128382
0.0122705135705701
0.0121045906354311
0.0116773108333064
0.0113776833812267
0.0126216949013838
0.0117825287169353
0.0134182410697576
0.00962226738909067
0.0101074093892635
0.0103489845777744
0.0109381206967214
0.01155164331999
0.00993643414904
0.00918707263974738
0.0080155866112932
0.0132927988138931
0.00788155837227578
0.00885286018996112
0.0108032621913594
0.0128090908110607
0.0149882092367193
0.0139688005069161
0.00906299257087539
0.0111395520668225
0.0106818298399958
0.0131750646729074
0.013877390405014
0.00943180280023626
0.00999024613309984
0.0144417522935782
0.00998159415019018
0.0117772859921956
0.0110201661780707
0.00914517941646409
0.0121517872596542
0.0113289146790407
0.0100082880930472
0.0134131885622537
