190.986459390597
160.155429812465
142.207710569286
194.125014360236
120.808274382356
179.397505429419
148.337791735116
134.875223425231
125.810764305436
145.663423976618
210.03544248023
159.757104629722
193.866895620477
145.669021020047
77.4783595302588
161.971860338115
97.4043072833949
83.3770867903613
146.210789008205
138.349813091405
97.6787569523117
124.473151474918
233.365896532924
191.61870593854
189.888601634423
149.757646485973
162.23589184722
172.624423376777
110.206221279274
200.613261224467
115.855171509907
211.391279869708
170.494896613159
101.267700702303
166.899636364454
102.269812662043
188.882201000544
150.768303366894
201.340498516859
141.629360484566
173.011792341724
280.073663865532
149.936401698786
192.844979400928
114.04506340658
129.482258198638
53.7019631763328
153.543188184808
120.741890459374
147.562344834123
227.332424789577
