9.99377200380022E9
8.25563345180311E9
1.00342537030585E10
1.12313588790485E10
8.83550997385241E9
1.08608687306714E10
1.2958784251877E10
8.98372886657818E9
1.20665145451387E10
8.26758612673606E9
1.46943588750076E10
1.46683053680649E10
1.05405959191047E10
9.86134610166805E9
1.03157629151338E10
1.3460351746089E10
5.15498615121293E9
9.0713390191642E9
1.4095992397759E10
8.95348091449969E9
1.39684597961868E10
1.13384354531349E10
5.83190206143383E9
1.13391402861203E10
6.61228116464175E9
8.87722000591702E9
1.31262606022525E10
1.20247372849593E10
1.52437694757532E10
8.55868137380655E9
1.16845192295261E10
1.38998794401886E10
1.26325780058999E10
9.33232651278629E9
1.09024354814474E10
1.08741593888844E10
1.18399757333538E10
8.40539519089769E9
1.33839575218648E10
7.05762806837362E9
1.4860000809485E10
1.25532078731063E10
8.00822141356922E9
1.02637121407455E10
1.53880675225034E10
1.21248796396346E10
8.24026193775702E9
1.19950470971668E10
1.51644730372151E10
1.14229606389427E10
1.2752402374952E10
