1590.77411476728
1593.20822054761
1831.34628094533
1541.46624552391
1285.52044612645
1420.00628351519
1775.50829947238
1683.08052898483
1584.11707685669
1687.13485426677
1142.28564834543
1421.68544877219
1343.39859136053
1101.36264044297
1523.24207934554
1684.45690093736
1788.40616482934
1743.38841594919
1877.04002050791
1263.44344720603
1495.38592655535
1571.25180029142
1405.98335039647
2156.59407490729
1600.20198798208
1829.29763541943
1689.21415214928
1589.83439404888
1205.95763180193
1718.23701539642
1913.7385185114
1776.33268420126
1533.53392013186
1541.14119337244
1420.66738670972
1084.62759596319
1736.90730013549
1800.47416361953
1609.6983416483
1529.34428229944
1817.65500030434
1611.28729876908
1577.17042834035
1784.82044904998
1642.29783920064
1574.59115870187
1131.61158616415
1452.64922158632
1640.87520739701
1680.19163802299
1506.50576538229
