691.177868955826
744.401532144528
764.544427104558
821.670576642855
666.06248604512
702.986740887205
738.683736633204
664.319362346147
682.598015518683
640.064225393768
677.300609575845
655.462369269519
739.444988922136
677.859855581625
683.810853953458
706.597088042963
670.130544725345
698.619012766645
711.109247548783
766.05032956865
721.241738415682
660.93279463251
766.676312970255
667.642092545721
726.930223741824
674.192727263394
759.101094449738
704.792363908286
724.512286938591
698.197168905936
712.763384199965
750.929582519282
706.408379954916
621.426878491661
663.710084499962
637.81673592229
703.05116226919
678.098277627
704.253554166901
768.88777213535
652.134446585231
697.894319615665
746.846494965916
683.398033268083
702.129172755966
691.540564566736
655.663108656486
737.568647479595
679.024798366451
733.909100585884
705.323077667297
