2033.96850345354
2134.6030193076
2145.08949656296
2195.56394661051
2202.72255928419
2110.39750759353
2104.63790994322
2069.60325542211
2195.51793244839
2116.37324244363
2077.71960369903
2348.55859817781
1992.30647101895
2108.66550079912
2064.29061918561
2218.65639135196
2059.34587832912
2161.96296186775
2054.48459297212
2420.69994396711
1975.84544013362
2049.16178012508
2484.43145928655
1990.63402435975
1990.3416125775
2136.6548041256
2340.40794469111
2387.53508320565
2050.36207313178
2368.35382305491
2118.18105064258
2342.75147675035
2093.50038636942
2491.87216598976
2124.16405571097
2367.03209795194
2148.85812137801
2793.01859438381
2388.93252462291
2019.42864858302
2016.11726415072
2177.04855623333
2248.95215306066
2042.48870180728
2104.0091261632
2206.81902309881
2101.08148480451
2103.18066289129
2064.37324981354
1950.4996368407
2010.74682306338
