788.299628196965
752.123305427715
831.822272640156
300.000003000664
833.535039981106
200.006126130163
200.000014157003
728.937447141136
200.000014715788
780.292280835773
200.004070144596
792.625643446223
756.24613697732
783.573438645766
200.012566608308
727.328771338418
806.676941803472
727.328769785727
862.526899690096
200.007019230178
735.959836884413
200.007072811698
788.228661777414
200.000014809465
756.379692826231
200.004307989098
767.948633719695
754.383374547569
200.005063995647
735.959840485669
200.000014621688
848.675361566165
654.401488506127
682.701528345229
568.331299232859
780.292294112654
735.959836884886
783.155739438737
200.006262613914
300.001739598492
300.001688739063
735.959850402769
738.290429076183
888.903893639326
871.391004704761
754.756919895537
780.292291862649
200.000015007499
200.000013108833
200.000014853844
839.80701346025
