32.4837751732616
34.4238966371438
30.5762070161024
26.4318188569109
32.4342680100285
36.4685873186011
31.3533489023332
30.5011525990367
36.4352912677257
30.4154392509474
30.5079246913265
34.4848180989873
36.481671022126
38.5381963715752
30.4274146088731
43.4477169451504
37.2207087630354
29.4947287019445
32.4780734169772
36.3708201851484
57.318034269902
34.4523962711921
38.4153508441859
32.4821242365317
32.5674646592875
38.4056580414222
24.5010997830948
31.3501262364418
37.4174374711833
34.3243053061744
43.3710194081441
24.4162976045334
33.5034705561038
24.3624281938305
26.5337751955869
29.5234004368849
28.369342187867
33.5497696605817
36.4071348031878
24.4556842045724
30.4036846142099
33.5159031674068
37.3674094025439
29.5022315488147
25.5893345613536
24.4857826816165
55.3947550971382
41.520489200662
33.4587496776874
25.4941726267941
25.4395955031155
