21.3561666878365
25.1482742705673
30.6901828943489
20.3318685124223
32.5316021348913
23.4395308658864
29.8425999602841
24.9842297201101
21.2819236493567
28.901798490258
37.8014943504056
27.7274691922155
32.0651597778919
28.0694070449342
35.4747463294295
28.1367660694148
22.548887523066
29.6863350644978
32.1785397625461
28.4172842881067
21.4719943640248
31.9344789298575
28.6593491895408
41.4266288314298
28.6462754664565
5.27095520661396
21.7126114984806
21.567367567231
47.7099717806295
2.16586231539009
29.9921114794656
28.8809001999766
47.568748769281
3.95569985140651
28.970755079418
37.1718943064482
37.466885763145
30.5183109484201
30.1840718055728
29.7850971021874
27.5952082960464
22.6067487617761
29.7166674084492
28.2058060484144
30.911110204024
22.6177635223821
25.2741658237755
30.436554926534
20.0941634373501
40.1659427735301
29.0794478846424
