25.8169561163186
24.2257521337247
2.97649166946712
10.9402172205812
13.1530033783658
9.72581572512195
10.2900532766755
18.144990202215
19.9519312138113
17.7983010733722
33.7709417511924
5.26813210495811
22.8884931933994
15.0424618811869
41.3671204265402
5.82649776333415
11.1642664951717
18.4308903026599
10.3891776522621
1.82575988454346
67.7723076882089
7.09335290517197
10.3710253347067
11.9301827600357
44.8053589436563
8.9772223692944
12.7088832574952
95.0449549787777
12.6979159127609
11.7143026680658
13.7403595670071
4.48325116886917
22.7632715678267
0.532174908370962
11.2256071046384
9.47083864839419
10.5903211844914
13.4339762810739
14.2377569814712
8.47513102021958
17.7431178655359
18.831221048061
13.9046628445924
3.78971987793625
6.39029177874409
7.20212282902776
15.1535338428353
8.89588464164694
15.2297765362264
15.2242707537048
14.2521827393048
