212.280604252245
195.022883311487
212.292799440798
195.727549848914
212.308844069329
212.295589703246
212.28778176693
197.35743687403
212.289119819803
212.284058901134
212.284929243225
193.214461928518
195.385859458919
200.207115933216
193.346190041636
212.291776868416
193.862068343413
195.876963724494
212.279276572594
279.123694085468
212.290501719985
195.711940006132
195.532809301474
197.357394520984
193.507216366452
212.282067550618
212.306159812714
212.279641580696
195.814740466157
212.332553791691
197.35758022841
194.278229823828
195.822333334706
195.787765465112
212.301428265862
212.278984798241
212.28553305126
195.778330616087
212.279207020548
212.286490545279
194.277560568791
212.291244548851
212.282101192792
194.612430617257
194.284348192049
212.282241579217
212.280151832912
195.832137240763
197.357416593042
194.351338723713
212.278423198007
