14.1306641989203
13.0627742824526
11.4256955480265
13.4913326697083
13.4152709129802
13.3956251169079
12.5689674580484
12.338887066055
14.0399417017137
16.7550752907447
13.9458295604483
23.1342477892268
35.0058183492799
13.3183994837625
11.5489672326321
11.2435170308765
12.6403072879143
12.6014619477473
13.0206702748839
12.4819134066048
12.8527563702191
14.3999498057799
13.4584930149482
12.1352172749476
16.2370443357961
12.7015981493149
13.4433435090629
14.1672859922442
28.7263290634153
11.3839003916719
10.65202987235
12.8074958216218
14.0776719705891
12.3458691253689
13.8896787378243
12.3476620021419
11.9072240679585
33.1557533952481
12.4695275354077
15.5260903130549
12.1993691505879
11.8432767924086
11.3434271668162
28.7329095506112
14.0661821845465
16.4937106247258
12.2213673313308
12.1993533978953
12.0396052022751
12.7941523622097
12.0599795125842
