387.152173449103
387.118627009123
387.116109338295
387.113680291278
387.171342659869
387.115817942311
387.152445303796
387.101190714759
387.175891767078
387.220657147834
387.208390102719
387.273946462514
387.168900994272
387.107782407022
387.127967341869
387.113320284376
387.224893009522
387.182523500511
387.165507603022
387.184378820815
387.141299458707
387.16388751233
387.233896444188
387.215832448445
387.135595940886
387.248686553587
387.177558971336
387.120730920542
387.179911752071
387.168868941129
387.191081554703
387.161831919974
387.137382196011
387.161374567356
387.165588284597
387.218093734012
387.214750158099
387.22324503763
387.231470275032
387.217025765406
387.155658947987
387.159017678844
387.250252755322
387.207521842874
387.177860754652
387.217434173077
387.113368143926
387.194791602314
387.217223656493
387.181661280566
387.11477365367
