233.579141712913
224.856329221274
230.69056829994
231.873693629521
228.865644570849
228.661279586785
227.64966096092
233.835152758814
228.162014267138
230.519305670718
231.891095695085
227.538261767154
236.40228875784
234.243672864332
230.079772388091
233.38319369443
231.050861006527
228.810768386314
229.416473700876
235.960765423587
229.859957655636
235.961793817306
231.211805157625
235.55202253706
230.774029872362
227.936384950132
231.469819526827
239.796987141322
230.342061927359
232.276498738153
229.609017645834
229.51157455564
228.068233496966
230.061759879856
230.109429814807
228.487943091215
235.926224038611
235.832784249379
229.859404682865
230.352453318059
228.359346869804
232.520761077259
230.075618131832
233.399887891942
235.68979664874
229.259373042648
232.767007158792
228.570036470802
225.025248624047
233.45421119356
236.243004750521
