2157.21417000695
1671.34829105713
1853.08127529598
1957.76138585622
2122.36559809817
2023.2266344941
2037.84985665298
2142.62353270814
2149.66972576133
2159.47226817024
2130.34223317221
2050.66782638391
1717.05158879237
2188.92182638014
2181.55125641523
2173.69533992593
2087.60136795765
2136.6336789524
2033.95189995998
1867.53463225541
1956.87344207619
2031.3947654592
2092.04636712618
2098.64585001408
1874.71581674202
1767.53676453509
2301.09096428411
2147.74300358691
2278.78363877305
2108.96094973771
1398.95695137007
2052.50604933773
2114.85575520489
2160.04589158822
1994.13094253303
2063.5227071661
1866.56987158844
1981.40153448773
1919.67261696198
1840.72133365727
2098.33402762187
2054.99985123259
1635.01405029719
2161.4849181234
2039.05299736276
2204.71136768624
2091.03533052715
2120.18567543578
2006.08128568892
1208.74329161608
2284.18931536628
