40.6343529420424
1.3072465336304
49.2642462806161
20.6229094100088
48.2234445081449
42.4296326239639
41.6958568141224
0.312245503864233
20.4190837462443
20.7824907423983
22.2202619485868
19.9180768307806
1.62769297427917
2.62681996677384
2.30505958622712
20.0882702479325
22.3810337681355
20.0921874218773
55.0980891296954
5.59920520312949
21.7916069205858
20.7368620703774
20.0996375960751
1.01426585468562
24.4136853011805
3.98033379261869
21.3873506754067
1.30718246866536
0.995014449263635
21.3116224396499
51.7393514476089
20.7209057619041
20.4096120213619
21.3970708855816
1.3250022522443
20.1562364429105
30.2266077825477
56.4969641186422
32.951998242218
52.2475393062582
48.954140344028
5.28703807055308
23.2193718927354
0.633693535534348
25.0684691132492
54.2610999134563
0.318410984109505
1.30889905180925
1.62305196500188
23.0954654175266
33.4223567345853
