583.745226354939
300.00000287051
644.131695173265
583.74522631377
300.000001985927
583.745226365664
583.745226324483
583.745226346298
583.745226358742
583.745226387964
583.745226317127
415.727953721289
611.821808687204
583.745226361238
583.745226310662
300.000003331065
583.745226321752
583.745226360876
583.745226337004
583.745226384255
611.821808454415
300.000002231153
583.745226355151
611.821808715913
646.480341420538
583.734041516223
583.745226333571
583.745226340344
300.000001822254
611.821808430285
583.745226348698
611.821808666239
300.00000168601
583.74522634796
583.745226364337
611.821808599553
300.000002733848
300.000001994374
583.745226332546
300.000004617193
583.74522635313
583.745226329577
611.821808670285
583.745226346518
583.745226331808
300.000001784842
300.000005394472
611.821808560381
583.745226350199
583.745226320463
583.745226390625
