7.76020401190181E-4
8.97034844797417E-4
8.66408153115117E-4
5.96834695159032E-4
8.01967422717098E-4
0.00102997288172446
0.00100889791514192
0.00105941497616868
8.6598339748889E-4
0.00100667435361856
8.0218918611763E-4
9.21307806265759E-4
0.00121346227621189
7.12864515094225E-4
7.28294177520183E-4
0.00111047758673521
0.0011144803106049
8.35315337667453E-4
8.96335751008337E-4
9.31599683099193E-4
8.13718531276209E-4
9.95550873142292E-4
0.00106541016816664
0.00106938201139428
0.00133131987183788
0.00101437701283658
0.00100043400618688
9.25083293509488E-4
9.08522718873428E-4
0.00104837759351994
9.32762162904055E-4
8.81932542597497E-4
0.0011286217718407
0.00103323777119613
9.44679715871644E-4
7.51273730486446E-4
9.29902044276787E-4
0.00120740942628572
9.95257847364428E-4
0.00107097765152275
9.31732722733614E-4
6.95368230537952E-4
0.00152892886353584
8.04509859563041E-4
8.85066044531868E-4
0.00102355631338469
9.11427867436032E-4
0.00102867446832988
0.0010061773998018
0.00108693738752663
8.46528097952159E-4
