21.3571609759933
6.71938267489395
29.7488738616589
9.15961774109473
11.8217689611374
14.2452928060995
20.3459486214374
10.3295366468255
27.4594542617606
22.0529034725737
32.739076773219
17.5210267609782
11.7658565288234
14.0548496079953
10.5974906042024
11.0464906800671
8.97731177948071
16.945836545694
14.5756506351281
32.0832362336919
13.8673950260584
15.5168870735015
12.5748897531262
11.699933000179
13.9871305746117
9.26090659735246
11.6931027092392
33.8426478116833
14.9558837300306
14.829588245623
17.4388372099575
35.2795749990978
28.8443632972171
9.68068274815892
11.2650021845716
6.49447816771817
11.7614318490268
18.5670288981021
29.932356443667
17.1478226892871
15.7803619363119
12.5251775813645
14.9925853750819
21.9343831894691
8.79900225483834
10.6692640828528
13.2248617436799
12.3830671247799
21.0663677543907
14.3568354662548
21.7244331171553
