102.555524279086
24.7890918497835
81.9436277904695
85.6036603332459
101.768786705763
24.8232662940238
86.4913834634538
82.9556660288908
202.72472395646
22.8903663319975
97.9960370218673
22.8812881646713
22.7513663849907
22.7517806788296
27.8958863527903
23.046741775398
22.7239249952684
22.3368778872186
80.3613151675029
21.6058198930998
20.9960961670774
23.1377632214167
76.465655742317
23.7971255025773
100.097611771706
83.4495202592832
21.654049469596
84.245120651115
22.7526708362566
23.5745632036064
82.1954839760531
102.898022522193
22.5678519941439
99.5640028964699
21.660097597327
113.077809690776
21.8261304911994
23.2918079211049
73.5645270411565
22.3968553406685
22.3837845372179
83.0557833351172
90.6133951446286
85.8231858578458
24.6181198492673
87.5294424782544
25.6695543600626
98.0195014856488
22.1597216095238
21.0143250511292
20.3970982163951
