40.1539311621023
31.1993046839109
46.0667624733426
30.2043506650655
35.179135876667
32.1942637470061
47.0616962704294
31.1993046807511
32.1942637486075
47.1186092590081
27.2194734990878
33.1892177616048
32.1942637420082
35.1791308408999
30.2043456345575
28.2144325503098
37.1690539950368
39.1020641880505
41.1488801406631
32.1942587037465
26.2245144419453
29.2093916068543
38.1640080067109
42.1438190020474
29.2093865762786
46.1236552315343
52.0365118073257
37.1121410139885
27.2194734912516
27.2194735068258
30.204345626468
31.1993046877512
30.2043456258386
27.2194735009584
35.1791358841642
34.1841768173076
25.2295553799815
27.2194734941766
27.2194734985133
24.2345963220459
31.1993046877194
35.1791358764665
30.2043506691157
32.1942587076953
34.1841818532275
37.1690539879385
36.1740949314403
26.2245144398021
26.2245144461028
31.1993046847786
27.219473497508
