418.187479755273
421.605219530275
418.773668221079
411.655852979227
419.084408086965
417.130284673508
422.470537800735
421.611644038483
419.161816867729
425.159472416624
418.794217792138
416.453607915655
423.008403938063
418.432417286999
423.908249511766
411.364279614626
418.243361795239
407.070871404495
420.551040913313
422.935488113709
422.885870036482
418.973241364718
417.82415589689
414.139406508023
423.332655930092
420.905567053101
414.239983562233
413.888627996569
411.912395857481
417.055587868877
408.258951074202
412.749302455633
419.370064651966
419.582029714417
404.456506584306
422.740245646572
421.076259555393
421.916460177604
415.220019176848
415.447646931613
420.030764349136
415.414600918844
411.039722124764
414.753031369872
421.111833527474
423.640221411903
419.097672110798
424.565267892499
422.363445976179
415.247039678255
422.462270952096
