2.98487718516617
0.994959062987846
4.9747952960862
3.97983623923938
0.994959065543298
4.97479529787199
2.99842392397659
1.98991812238637
1.98991813760802
5.96975435926038
2.98487718827175
3.97983627994722
1.98991812918007
5.9697543489674
5.96975434920387
4.97479530071769
0.994959065454282
2.98487718671743
3.9798362635479
2.98487717905027
2.98487719342063
3.9798362414075
1.98991812556767
3.97983623797404
4.9747952912137
3.97983624107144
1.98991812007671
2.98487718375827
2.98487717897513
3.03768509703514
3.97983624180472
2.98487717603791
4.97479530112912
2.98487718442129
1.98991813217265
0.00125995329517536
1.02342217899457
4.97479530487408
1.98991814660201
2.98487718250374
5.96975435478214
1.98991812423174
3.97983624696781
4.97479530708199
3.97983623427297
9.78320713329595E-9
2.02973634120394
3.97983624920357
0.994959063508873
4.97479027250949
9.11791175894905E-9
