386.692979399079
386.687827947164
386.69575582194
386.717584062293
386.719671019598
386.69990297649
386.707108890885
386.691308596188
386.699902978115
386.702959216625
386.700521134936
386.692567913124
386.695755819265
386.697814207492
386.687827952317
386.703549911357
386.701813204465
386.693212461569
386.691308599916
386.703158426187
386.692847888419
386.694523451066
386.701209173505
386.695057639984
386.69284788615
386.69297940376
386.70315842711
386.701209169818
386.694273909412
386.698900455537
386.701209173971
386.692979400213
386.698900452627
386.692567912808
386.69536196449
386.69505763751
386.694523452492
386.706306851861
386.708280560382
386.707108893143
386.723119159205
386.701326903375
386.703549910125
386.703549907565
386.695057636082
386.707267559666
386.708280557531
386.694523456107
386.70667966318
386.695755822515
386.692791791954
