466.295175152954
1248789.65312608
1248780.90394562
544.863790153111
420.184815429505
443.680189497681
407.996944208853
1294.39018024208
395.443843813749
395.486874776834
601.79340125848
465.281810052114
408.404580967664
443.587729438099
395.454800356018
395.232921191267
408.603615596074
817582.83174013
817591.683828202
409.713737180788
502.008307946071
1248793.6878756
647.455085332359
408.417011834855
516.559255072765
817583.864944941
443.936891835701
404.851838154544
465.624966614184
408.437911610902
641.136546290979
578.855396003345
446.188463458042
467.059929596146
501.375443563481
395.401203708997
444.362655796226
395.404479656318
484.916250937718
444.303662889953
443.573437036155
485.511089129077
544.423336374003
817589.535527696
545.410909513288
502.557574426064
517.958588412823
817636.626054764
404.579396545471
443.677799483327
465.07909132749
