208.76187483573
203.433471446339
116.14637738179
27.2836136250428
211.213575569366
26.5520721693442
262.380999790086
29.6179728960296
37.6735016199336
168.616543171045
273.467577812993
269.521790744308
371.996920240283
238.362067243855
21.9458392729698
137.178640623456
164.231242164496
21.9803334747546
122.338396804696
204.494890175115
242.025230276225
242.420299112073
23.8649480597219
23.8601360958005
238.887213804881
24.9384845014272
22.6120792203144
130.302903858642
22.9192342763295
160.564583875749
25.0902091304547
23.6837088207751
21.8841345466669
24.5857813864202
116.800932880229
22.0806455373156
167.472652501993
24.9383916404754
239.978732846487
22.576745503105
215.237328690723
25.2348869360005
248.142678248092
151.488359663764
159.752152527902
168.04247067052
23.0383661444023
139.833977483884
21.9889420286431
198.530490195608
22.8835343104352
