22886.7199487943
15972.5068448522
18513.1790183557
16735.3467489256
17318.1388228922
18106.4234914268
17140.8244748713
19098.8216909879
20884.7042565671
16200.5951216464
16227.9675116469
30555.8906591738
16792.6773331319
15053.7914521856
17491.1835425658
20851.5634858618
21788.8316994059
20899.1596047026
19404.9238394852
25971.4416198783
19056.4669441372
22956.7788488572
18391.2810997683
21715.9437330546
17169.6922045492
18687.2363514196
24377.7342361537
29568.9025912338
23826.2921574763
21375.6324078071
20596.2910237725
20194.6450413656
32271.7400504815
18209.0856446791
17069.1471839137
20759.8467261049
16986.6470775699
27093.9450904527
21801.4665472494
20097.831878832
15175.7076529199
15974.8343763824
19042.6564973388
18604.1548979315
15806.9078617856
26523.7502035118
16603.2292182785
24095.9920472694
18614.9861824017
17491.2012305996
16999.8945804855
