2747111.97600761
2292129.23368459
2882690.7109212
3044207.00055464
2637621.19070584
2290489.13382556
2941842.56727325
2741302.94562309
2531197.53452138
2607530.51132108
3804952.80150494
3017020.00676232
3028161.65906207
3560045.8047294
2841462.01536306
2752575.87951927
3213563.26511028
3438712.66586032
3240852.90044382
3853374.97760414
2550174.3739208
2601465.79392039
2615131.4301088
3749645.36461738
5064575.95919458
3181128.19028197
3137722.58844192
2538685.85155486
2754656.18049519
4124919.35688077
2807095.42614634
2367242.33569852
3401168.31192766
2865678.48957858
3837827.8863289
3787093.03048583
2564095.16182431
3361179.12438751
2900091.93960018
2875031.70996121
3496932.31605404
3711012.69484802
2534192.93945529
2813893.05159935
2797578.93300781
2855034.23178765
2786619.39796876
2782208.06146316
3034699.34202639
2910631.17228705
3137956.09796551
