57.3468133938677
57.8429876825496
24.0738817805411
0.497940403511848
49.417315257899
21.5436903569971
2.46657659979041
28.5189499038108
22.5203797002707
20.5015403208329
25.7106847461723
30.4791389270115
25.0908839428992
29.4963321375631
21.8710398918665
23.2354238542707
70.274878716014
21.2641900925937
24.5355302273204
21.5397768302307
10.4450214063506
21.9845740237531
57.3400960598251
8.55891549253033
13.1154018270122
22.5260931218181
22.5112250126724
37.4095523965434
23.8584982056657
26.5736807436529
24.5071896090462
21.5431253118668
29.4460553489682
21.5374732223643
33.4863895616918
22.5623205257
30.471966791624
37.4758352853344
29.3479348527812
1.4949592338121
1.22645393723292
38.4726323832222
167.343844752713
20.4031096288622
21.1135319928687
30.1308485245377
10.4071960896742
24.4112918906601
21.3351858631861
56.3325574078601
22.0983640907673
