1.43387126461448
1.70662582870045
120.077674845161
1.62430532713051
1.23240254536836
1.61169443720655
1.49934046063822
0.84339702629768
1.18520018010258
1.4155965171874
1.64985768173119
0.43732488433352
1.63588636323288
0.682261964655936
1.41672142620814
1.71169022230038
0.966808688195215
0.572824267620945
1.67422672653151
1.62688372412731
1.70519221099562
0.713307717654516
1.9152175819172
1.49609864318222
1.40301112330508
1.44839696958456
0.53125322839378
1.70781276537127
1.68473295560625
1.6984113671806
1.13094579954668
1.49887234563198
121.089272610145
1.44237629603322
1.00865383840824
0.26720336167773
1.447391989876
1.20533101709407
1.41282308986024
1.7041786741886
0.804736373004516
1.41860588464328
1.69063383692628
1.35283706400969
1.4982174079023
2.11505116867488
1.5903698187567
0.339375830311155
1.68621426918867
1.49652006158794
5.42427613332711
