364850.711122912
1465619.92298656
1227015.98574637
828217.738349268
884593.421662129
910346.175770663
1258143.15365798
506318.735247626
721868.989773995
905093.001163224
810804.573329111
1412140.08582241
1608030.48650383
1485748.85668893
1443101.08537814
499303.089162609
2621585.64998236
1584062.60639637
312005.125175623
1445026.39104631
1162104.1244912
958490.99777026
1145203.52370723
935986.968803015
752463.80939981
726167.746031669
2276030.35919011
2090880.22552079
976600.684602711
1776295.85829974
791371.187456312
1085909.5664208
1008238.1518638
682153.725063732
873762.848507997
874279.911259929
979788.588463659
523041.471832452
940522.05823056
657519.432335018
842666.354631514
524707.022218075
512543.97682976
611617.67347764
906093.752205967
965237.899164677
649996.437793319
578487.290301836
806328.146641686
1198117.75461319
889494.613030142
