39944.3788665847
37873.6207746337
39018.0870925562
35545.0898602371
34999.591704345
35997.1341581223
39220.4838438408
36684.741774099
35488.842800071
41929.5400449714
41502.9518987352
39837.8138543291
37059.8187825819
39900.0385782068
41693.7731703629
33430.9448325701
40300.5431144351
36812.3105409412
37368.6664628601
34883.3788723109
38865.1339746891
40491.3233317063
38758.6764088806
38370.2144146795
38276.8995840075
38562.5429750119
39657.7561242273
41083.5656577341
41341.4569623692
34540.0552179289
39476.8751846663
39160.0061759443
37130.3107250289
37667.0370427919
39967.0840933316
40635.1064516408
35774.8450776176
36771.5484755176
42534.991419594
37600.570859403
37470.5482549061
40486.4250463468
38158.0462384562
37162.9225572913
34901.2759339812
35950.9305312779
39082.4292386724
36096.7920393854
39668.7612331862
38289.6384424107
37221.4919465443
