249.24594
252.50563
266.54947
304.80578
262.10675
266.20987
286.35217
248.08955
259.01049
326.10723
251.24098
243.93826
282.10704
259.98069
236.94063
246.99534
249.49509
238.11627
283.09928
266.94066
256.51696
254.7598
284.3341
257.31973
256.08191
292.22742
233.47426
291.81061
248.05917
271.80619
256.66877
237.44491
257.1501
278.34558
256.76957
269.01113
263.91136
236.73355
247.14023
259.92985
237.91966
242.45331
243.93365
272.94451
258.68326
257.32945
266.74023
275.00687
268.86134
237.83208
247.30293
