5.8346069E-5
2.7758275E-5
2.4309004E-4
2.058175E-4
1.3966053E-4
3.1772413E-5
3.6106414E-5
2.3088454E-5
3.4754584E-5
3.0436407E-5
4.0475855E-5
3.1920485E-5
2.2710543E-5
2.6777105E-5
1.0061621E-4
2.8989111E-5
2.5708327E-5
5.3206502E-5
5.7689895E-5
3.1733111E-5
3.0697098E-5
2.4458919E-5
8.0412155E-5
3.8882829E-5
3.1023957E-5
2.8463453E-5
3.145367E-5
1.4270704E-4
3.0282323E-5
1.43771E-4
1.4516566E-5
2.7192005E-5
2.4013368E-4
4.4039751E-5
3.0578004E-5
2.0528396E-5
1.1772907E-4
3.1894384E-5
2.2454834E-4
1.529712E-4
1.0629605E-4
6.5666894E-5
3.0492493E-5
3.1048843E-5
3.0170694E-5
3.6779103E-5
3.5317885E-5
7.3958872E-5
3.0368736E-5
3.2364277E-5
3.2095768E-5
