38996.464
21162.722
47961.747
28616.549
41504.87
54648.611
27726.528
33960.675
56765.4
36634.399
22354.651
26982.113
52487.392
17112.281
43802.884
24453.511
58244.984
27190.486
15632.042
27160.204
28652.045
51103.956
32750.816
27910.252
54048.74
28226.33
65637.295
36635.433
21704.538
31988.666
30319.505
27649.003
30308.222
46441.036
56505.806
26395.662
34688.417
15319.755
32478.365
23740.411
54984.104
46740.429
62927.483
44735.204
25370.173
28457.571
80059.646
29204.174
40119.451
18160.598
44507.495
