555.19074
545.13185
521.99558
475.45599
510.93109
566.14301
485.414
475.99701
474.52599
535.74463
425.33886
531.40836
502.94306
488.948
483.62185
605.27108
535.91783
511.38825
604.68551
533.41983
526.25927
532.19865
528.45452
522.27789
506.89154
543.58586
551.14132
499.50893
548.34367
453.00864
570.61289
548.74802
523.87426
543.39333
521.60496
571.22253
558.47026
520.01967
509.84656
464.51883
534.96449
470.22702
508.84166
479.81338
550.10933
446.56622
501.22006
573.37351
588.53908
620.70518
571.32606
