356.84048
343.02641
386.99997
321.44874
382.50116
357.59025
402.76416
365.92971
355.71022
358.09564
385.96437
409.10319
389.8529
368.2965
358.11339
341.05204
340.94582
370.74532
327.89933
357.64957
356.80412
380.72455
348.20803
374.01764
365.86791
334.83969
349.71919
358.00506
331.39006
382.64818
354.67702
384.27707
397.57894
381.90259
326.84019
345.4665
382.79443
341.96901
363.91782
374.75043
379.18651
361.52624
374.62855
344.67345
341.98102
349.96979
404.90277
377.66581
347.36369
358.91337
381.13011
