146.25863
191.03143
154.21819
112.43015
214.91036
192.02641
210.93051
170.1374
143.27374
229.0247
169.14245
216.90003
288.53635
226.84984
128.34943
220.88006
272.61762
198.99112
208.94084
240.77913
187.54875
211.63941
201.97537
201.97588
182.31881
189.30728
214.91027
180.08692
174.11724
217.89435
193.02142
255.70326
124.36966
170.13737
222.8699
271.85273
180.0869
160.18727
164.16771
238.78933
180.08705
221.88968
218.89012
179.09193
260.67823
168.14769
202.97071
141.28392
154.21831
141.28368
220.87973
