1308.0923
1511.9217
2073.2058
2212.9121
1158.4815
1958.8968
3181.943
1939.5112
2830.138
2183.5798
1900.4737
1597.5867
2716.8288
1876.3298
2028.6992
2201.0148
3143.3231
2519.8301
1551.3833
2040.0914
3073.8063
2282.7401
1654.8517
2309.3265
2675.5895
3445.356
1443.3595
2066.4631
1540.9573
2370.8892
1906.9019
1941.1632
2123.4234
1293.5852
3737.2249
2109.1115
2174.999
2737.9081
1672.9668
1982.3259
1346.3897
2373.8405
2356.9482
2029.7976
2742.54
1187.0754
2775.9289
3044.0391
1741.6874
1992.8326
1793.7844
