422.66823
467.09657
499.81999
441.05613
452.68366
424.24385
438.09205
453.98407
447.1464
444.03272
419.22881
456.35097
419.292
421.57816
439.97594
484.57379
429.42044
423.5314
449.15719
425.72659
459.3812
491.3024
474.95581
465.48023
423.22972
449.42246
405.23467
427.61008
485.43473
451.85548
543.45055
425.78975
439.35244
420.25346
445.7202
542.59695
473.73802
450.88348
465.85693
457.44482
456.2271
433.17757
420.213
468.07036
473.29916
456.53832
437.01496
444.96105
466.79033
555.50376
461.64185
