3.2411363E9
1.406237E9
1.8205223E9
1.8622904E9
1.3457774E9
2.7660083E9
1.9128944E9
1.3309453E9
1.635227E9
1.2854254E9
2.4108034E9
1.4924803E9
8.5201059E8
1.2847016E9
1.3759851E9
1.3124065E9
1.8046804E9
1.9349702E9
1.4582859E9
1.278528E9
1.944178E9
1.8447021E9
1.355265E9
1.1876282E9
2.2489644E9
1.0932602E9
1.8112633E9
2.0801972E9
1.6756224E9
1.2849616E9
1.6639426E9
1.3023071E9
1.3340693E9
1.2659581E9
1.3074708E9
1.6500507E9
1.0404972E9
1.5086263E9
1.21978E9
1.5273484E9
1.5001932E9
1.0967696E9
1.2173167E9
2.028918E9
1.5461186E9
1.2310447E9
1.5247851E9
1.9376228E9
1.4831328E9
1.6652873E9
1.6569325E9
