3.2973439E11
1.003062E13
3.0012829E14
1.3751096E12
8.2761977E9
5.6175294E10
1.9319978E12
3.1156569E16
7.8313983E11
6.3396974E12
1.003068E13
2.5072137E11
5.1004319E12
9.9300105E10
8.3538402E15
3.409042E13
1.628467E15
6.2565182E11
8.462724E16
1.713329E11
1.0243113E18
1.2744636E13
6.2446559E14
4.9212494E14
6.5836492E12
3.7930107E15
1.8738752E14
2.0759764E10
2.3860372E14
3.4927827E13
3.6278092E12
9.6804003E14
8.7285646E13
6.4666984E12
1.7493812E15
2.6826061E12
1.4148867E12
2.7669761E17
1.4798664E13
2.2250608E10
1.0725683E13
1.6571865E14
1.8016267E16
9.7650532E9
3.608325E13
4.6266418E10
4.9779802E13
3.9020951E14
8.4933314E10
8.1000477E14
4.6494363E11
