2894.6567
5063.0351
1292.1618
5386.5492
1207.9526
1517.7997
1822.0873
2129.2909
5796.4106
2278.5682
753.81789
887.1767
1420.1331
1036.8432
11985.276
41956.312
1556.8252
2354.2496
37166.51
3424.9102
1363.2822
8073.052
6757.3993
7661.7894
33122.684
20995.258
1926.9071
2749.6577
1813.0817
28580.531
1058.1216
19579.28
24082.485
8666.5794
26485.049
1078.6202
1856.9961
6027.0531
615.61995
40464.18
1965.5769
6255.475
3374.2231
12863.674
26221.747
1338.167
3711.2191
28276.887
46866.928
3921.0256
19828.308
