316.17393
284.00118
317.95902
289.55447
308.55849
296.00002
324.09713
311.04219
284.50301
305.57793
312.27519
327.38678
351.90952
275.30912
292.08498
307.97209
279.57935
327.82518
289.5768
297.58027
316.80971
343.57636
313.20396
302.94054
294.1512
293.13081
282.44101
278.65323
279.11187
307.20499
255.58564
320.69141
333.84709
271.33156
269.26851
322.83389
335.08491
270.46338
288.68803
319.26668
285.66586
285.63395
316.9937
256.11024
276.38712
277.74773
312.74662
262.50633
256.69238
301.59554
302.78232
