316.17009
283.99916
317.59946
289.39981
308.54037
295.7054
323.6215
311.01358
284.44453
304.50493
312.26961
327.26464
351.74316
275.20365
291.45914
307.96979
279.5563
327.70328
289.34014
297.26148
316.53511
343.31078
307.30937
302.92482
293.87393
292.79257
282.17637
278.36539
279.02956
307.20372
255.40448
320.67064
333.64222
270.86917
269.19355
322.82386
334.67647
270.35245
288.68293
319.2473
285.46035
285.60307
316.13779
256.04746
276.25
277.74339
312.73413
262.36079
256.59978
301.35556
302.7399
