0.022080966
0.012163066
0.053530847
0.020311062
0.079790605
0.0057648674
0.015215875
0.0051815248
0.023255858
0.0041559861
0.022325538
0.0082147844
0.0069920271
0.013527752
0.02224176
0.025021322
0.018953221
0.0077939422
0.0091376302
0.0151974
0.01656278
0.015490498
0.0132605
0.018946424
0.010194798
0.0099423426
0.011232381
0.073372705
0.029711979
0.01086943
0.012756878
0.011929659
0.028030134
0.011142318
0.018594665
0.017119875
0.025858582
0.02487606
0.10805209
0.045391238
0.020515652
0.018906191
0.0068643389
0.015384947
0.022229731
0.0076814576
0.014410157
0.020494193
0.0070547764
0.015434688
0.0062465308
