12456.515
12936.53
12694.279
12377.95
12853.445
13272.306
13036.145
11232.749
12880.194
12960.308
12979.149
12675.561
12609.826
12962.132
12152.398
13095.584
13946.924
13789.808
13739.247
12999.677
10044.597
13863.707
12919.689
13641.832
13698.093
11805.102
12011.744
12553.735
13346.42
13867.298
12162.56
12199.597
8476.3249
13559.283
13004.829
13883.773
11271.93
14333.483
11580.596
12067.74
11843.412
12974.49
8725.0949
13531.75
12864.099
14494.863
13153.703
13130.43
13900.317
11590.795
14072.365
