1409.402
1371.173
1200.0256
1326.2707
1375.7496
1329.1837
1440.5397
1537.268
1541.3851
1294.3552
1505.9499
1470.9167
1221.8176
1466.2787
1370.3072
1306.6225
1536.4304
1500.2766
1315.2181
1397.0552
1225.719
1282.5141
1347.6657
1418.9961
1451.8828
1433.3602
1483.372
1440.3318
1191.3314
1335.2057
1346.0786
1360.1735
1239.4201
1213.8133
1219.707
1180.5753
1290.3372
1333.8208
1326.1541
1296.5835
1407.6901
1338.8506
1238.2234
1292.3297
1365.8503
1217.72
1207.5188
1403.1069
1142.688
1329.4144
1342.4275
