1.2577533E7
2.3293047E7
4.4054256E7
3.5262376E7
5.3295586E7
2.9891173E7
8.3041766E7
4.5704303E7
5.2915514E7
4.6296207E7
7.1455553E7
6.0651089E7
1.0301262E7
1.1352086E7
5.23975E7
4.974282E7
4.9322095E7
2283660.9
2.0106483E7
5.6167492E7
7.7516773E7
6.7440304E7
1.7057309E7
7.018009E7
2.3839114E7
2.056284E7
2.1215612E7
9864871.8
4.3956197E7
9433281.1
7.2706495E7
1.042855E8
7.4575582E7
7.3081719E7
5.1191858E7
5.5230768E7
6.0684037E7
7970346.2
6.1927595E7
9.2658644E7
3.1506264E7
6.5302061E7
5.1830714E7
2.8721363E7
2.9161788E7
4.1320959E7
5.2658533E7
5.3173746E7
3.8290994E7
2.66918E7
5.5957263E7
