1207.9653
1207.4335
1323.9567
1412.8827
1265.9942
1199.996
1359.8327
1175.6102
1202.3918
1241.6228
1204.6257
1081.284
1239.3282
1298.2297
1298.2262
1185.3247
1162.9148
1322.0274
1281.5558
1318.8926
1068.5261
1193.0503
1312.4183
1387.0332
1170.1811
1204.2153
1391.307
1206.1588
1186.557
1330.8514
1250.354
1340.0997
1270.9976
1258.7033
1229.1093
1253.4477
1232.7593
1310.0789
1218.4831
1307.4179
1176.489
1257.5041
1429.3745
1286.3453
1201.5991
1089.6864
1160.8876
1266.3243
1201.4663
1169.5908
1139.0848
