159.47079
203.66577
171.42999
123.29309
227.22939
205.57253
222.05771
189.28434
151.61765
263.67543
195.82855
226.39002
311.25653
235.79992
142.80911
236.42018
339.44039
211.71411
234.56936
263.08434
216.57533
233.86163
217.36127
214.06006
204.81392
204.44005
240.14641
195.46854
193.66854
234.38587
213.75391
272.02189
139.45621
184.96486
238.06081
292.95781
195.40054
176.25058
181.20154
269.46729
191.86237
233.93078
269.18334
202.64972
306.15787
180.39714
216.56916
158.66059
182.82249
155.37289
232.5705
