80.59154
65.667148
115.41456
100.53722
100.49021
95.515799
88.885347
80.591453
126.35918
125.50333
89.01638
117.40461
113.42512
53.727728
62.682303
99.495665
75.624613
78.601618
44.773145
79.596584
114.41997
98.500681
104.4702
75.202675
143.27309
73.627855
56.712511
86.561238
103.47544
86.793255
59.697455
102.48048
86.561143
138.29811
40.793292
73.626826
92.530906
98.624934
75.616548
90.541038
92.903107
72.63185
126.56223
80.591494
93.525478
69.240362
109.44509
124.36928
141.28365
62.682288
72.6318
