6514.021
6179.6365
6707.7781
5287.7124
6874.0939
5730.5667
5419.54
6948.7825
6419.4221
6493.0267
6728.2621
6540.5966
6178.9318
6170.9556
5958.3212
5939.2997
5955.1738
6964.4415
5966.0504
6374.2632
5863.3339
6702.0755
6088.9551
5859.7759
5632.3339
5680.2682
5674.8323
4894.3701
5217.6166
6378.7686
5746.5904
7178.6903
6174.8466
5994.3939
6152.9414
4951.3869
5921.2477
6547.807
6360.5355
5986.1708
5535.596
5589.2731
5325.0239
6931.1165
5657.1322
5912.0137
6466.7288
6459.3357
5522.0005
5869.9444
6948.1905
