1508824.5
2586125.0
706464.39
2130648.1
353109.48
1443377.2
519173.78
2766401.9
600351.13
211009.06
1291164.7
1985545.7
1248376.2
1328341.2
1033070.0
2593601.9
1327130.7
658216.06
1968335.4
2169756.6
825206.65
750685.61
743787.69
2010774.4
1077143.6
3597004.5
776736.4
1808287.1
2263643.6
909323.13
3039698.9
515315.55
573407.66
457614.5
520433.09
3065599.5
973392.42
419886.74
2487492.2
1968624.4
485947.92
692658.99
837963.48
723275.48
766557.69
2652162.4
250388.77
1079930.5
1161768.2
3661362.6
530231.71
