147.46939
192.26834
155.37497
113.24738
216.00636
192.74238
211.90532
171.40857
144.30101
242.57875
170.62881
217.94739
290.31695
227.79556
129.38339
222.03317
273.82874
199.99319
210.43788
241.70423
189.39545
213.71951
203.18506
203.02054
193.83501
190.82375
226.90954
181.22358
175.73198
218.93757
194.44948
257.00102
125.58145
171.19605
224.09679
273.6974
181.37695
161.53546
165.13201
240.86844
180.97434
222.86064
237.70501
187.49259
262.73674
169.30378
204.29363
142.49183
155.10944
142.15168
221.94914
