18430.464
14665.42
12115.712
12601.762
19294.827
11889.036
19313.719
10720.246
20182.659
18323.02
13732.413
19422.418
12636.675
10540.823
13658.862
13087.297
13008.041
21465.505
21275.242
20349.158
12502.638
19877.632
16350.436
21661.868
11866.93
18174.108
19603.109
19586.636
17327.329
13401.068
20776.201
20957.74
20494.251
20170.484
12388.138
21574.554
19506.098
19149.037
20345.897
13265.613
12743.013
16570.908
13029.733
14565.607
12338.585
15667.18
12743.296
20054.657
16914.294
13873.898
17209.871
