1679.0079
2714.166
2477.7527
1727.588
1825.0781
2647.3507
2300.9677
1952.6564
2256.3334
1437.729
2285.9901
1518.4589
1488.6195
2079.0374
2508.3321
2438.7314
2454.9569
2171.038
2241.2468
2024.032
1386.6316
2356.8282
1922.2879
1630.109
2113.6234
2287.1776
2514.2324
2787.2636
2358.4605
1352.4567
2104.4548
2868.8373
2279.9518
1637.3518
1482.7043
3132.4097
2208.8764
1334.7076
2300.4539
2182.3102
1758.4877
2254.3587
2687.4667
1443.1441
1711.7028
2175.1148
2342.0428
2559.1992
1815.4297
2072.0621
2364.8691
