111.0458
25.165415
26.417557
184.01416
28.538829
9.853649
56.80422
145.22266
18.005782
79.097791
5.5822579
54.032041
28.699133
15.43063
11.231538
143.50725
18.378322
16.505229
10.191254
235.85606
43.932925
60.262237
6.9228317
6.7746221
6.4150365
244.65943
7.9552602
2.6923794
151.20143
46.223783
44.871656
7.7881519
8.1691978
17.564421
38.91802
3.4853452
52.247321
22.766757
10.265551
441.26962
68.563349
134.91025
848.44607
3.2195924
6.1104305
12.667304
122.51928
12.804555
9.2587306
28.798022
2.1706087
