4.7465978E8
2.2932706E8
2.4188501E8
1.8048053E8
9.3946977E7
1.2796901E8
8.697287E7
1.2266759E8
3.6279771E7
4.8000852E7
6.920954E7
1.2094041E8
1.8619805E8
1.4464032E7
5.378161E7
1.1186806E8
1.4881656E8
3.7695448E8
1.056705E8
8.4839728E7
1.528164E8
9.243798E7
1.3766799E8
5.1155167E8
7.1929201E7
1.5707064E8
4.2873567E7
5.3989927E8
1.3654115E8
7.8763739E7
1.2095006E8
7.4774661E7
1.8559121E8
1.1684402E8
3.6217871E8
1.9874108E8
6.6373269E7
7.8418503E7
8.5973782E7
1.1208872E8
2.5103339E8
1.216807E8
6.4814645E7
2.5871736E8
7.4543369E7
1.6444558E8
8.9900384E7
4.0518033E8
5.7393082E7
1.056174E8
1.9497364E8
