2753.7914
2319.6013
2126.0752
1966.1973
3265.4985
1959.6272
2889.9494
2448.7707
2050.8624
2306.9934
2169.5491
1688.3277
2199.1981
2181.6948
2331.8208
1811.1836
2294.5446
1718.452
2376.626
1780.4474
2393.5845
2230.1485
2067.8534
2086.8862
2030.7247
2207.4107
2950.1161
2190.2224
2113.4963
2468.8386
2000.1787
2021.9759
3860.3538
2498.6149
2003.039
2080.3619
2680.7454
1836.874
2849.0459
2482.5462
1819.079
2243.7855
2284.9311
2075.2707
1933.2939
1799.8115
1840.6251
1975.762
1838.4418
1683.4831
2558.6942
