601.62492
796.75994
789.68482
767.04687
737.73374
596.00301
765.08984
773.76603
810.86324
812.33667
915.84426
793.25056
736.56776
643.41668
746.47944
933.85262
788.69641
735.2617
751.77558
839.45384
735.57075
800.02778
757.02385
769.59671
678.93927
728.72588
742.63485
696.77203
636.32393
740.70135
840.96593
676.21709
727.90685
847.10313
825.86644
760.18153
717.7588
822.22746
779.53359
883.25405
832.81308
737.9418
746.48684
771.95894
826.71125
846.11867
844.11983
834.3908
746.63752
811.60643
713.87073
