4537.6698
6147.0902
5746.5886
4224.8287
4018.4598
3782.1221
4810.2501
4729.0842
6166.4362
5950.6223
5033.7321
5422.0096
4434.8008
5019.2849
3184.1574
3870.6484
5464.8286
3729.0359
5569.291
5708.3273
5200.6281
5964.2803
5375.8796
4911.3364
5792.3698
4926.3097
4898.5454
5432.5455
4381.1048
4100.782
5467.4423
4389.9952
5424.0859
5735.9013
5588.8842
4779.947
5054.3124
4269.9574
5550.4215
5894.0361
5106.2295
4635.1973
5244.1879
5073.7409
5644.9243
4601.9764
5711.8642
4093.7414
5123.9267
4256.7753
4402.6315
