5907.5852
11174.811
17536.898
9712.3164
10007.685
7264.2764
8703.5514
12220.864
9227.0681
21563.902
14474.557
15808.167
13999.064
16560.175
7879.6032
14071.746
6501.5012
15195.538
6607.8409
8243.1193
17605.497
19132.656
17086.925
17301.996
28366.977
22458.923
6879.9761
13276.145
14968.83
17401.083
13320.62
14880.57
22536.365
8907.755
9162.6656
9810.354
20523.607
30154.385
11567.736
13998.746
16893.633
17487.299
11727.587
18137.176
17592.425
15632.14
11054.418
11461.405
4479.8925
11479.573
14948.125
