213106.71
92466.951
150069.61
228421.46
392518.68
185711.07
118799.24
126028.85
209074.53
188352.56
282274.67
350865.9
276076.26
94971.495
162000.71
93946.083
91144.645
108815.67
137055.93
122846.53
192254.71
262817.43
162638.55
238686.11
159909.63
277180.13
263471.32
201309.26
95345.709
101799.8
163843.17
187109.56
144955.55
155005.22
276176.66
110179.71
312594.96
200367.2
56381.78
227098.02
179662.45
40401.277
361739.29
79368.689
181150.85
86517.995
106582.5
164670.1
236177.23
126528.85
272200.09
