29166.712
27359.947
29623.215
29233.613
27419.206
30435.876
30023.087
28337.633
26431.432
28170.353
27965.794
27452.935
27722.425
26186.733
27805.462
28922.201
30978.983
27772.198
28655.167
30701.053
28220.066
26835.74
29321.798
29413.02
27954.092
31268.065
29276.627
27207.758
28518.828
30032.608
29356.48
29838.096
29451.136
30161.487
30103.408
29286.806
28447.78
28117.712
28282.88
31169.725
30366.682
24321.943
28818.126
27382.0
30706.929
30155.066
28638.563
29915.09
28514.649
31244.724
28644.979
