3506.9055
8941.3063
5275.0352
6395.3484
8247.2646
4943.7037
7815.2064
6571.8135
7754.5392
7062.2597
6447.9232
5090.181
5029.0353
3495.6189
7028.1084
7459.5003
6316.8105
6173.2287
7191.0097
6569.5295
6915.9857
7344.0757
10556.996
6952.5653
8188.215
6502.4697
6666.8239
5051.3975
8471.33
4448.9027
5650.5669
5757.6425
6377.82
8154.1329
7311.4463
6133.6617
7733.565
4524.8983
7977.6793
3791.9415
4526.6694
7700.4787
4167.2173
7700.27
5836.9592
5734.4204
9682.5918
5490.8003
8711.6395
7738.9524
3366.3282
