402.00073
407.44511
399.31079
398.74428
403.83024
406.9562
412.52328
407.45253
406.34827
404.26886
393.92541
416.68933
406.74534
404.95004
403.77923
401.1604
416.24825
401.43163
396.16375
406.24385
401.19856
401.67993
400.55991
403.00871
403.71877
401.09019
406.64389
400.04601
395.70405
402.89993
404.60534
407.82297
403.50665
399.99796
398.83628
401.8006
402.11306
402.73081
396.88387
411.98445
406.16454
410.47621
401.72469
400.95269
399.0017
398.69325
421.84971
402.38111
414.01301
400.52818
405.69142
