888.15329
945.99874
844.84376
621.5757
850.44623
1151.3085
662.28011
1043.2294
496.84039
981.1747
759.5829
975.3822
717.68486
983.20184
859.58977
486.23009
836.41382
505.86353
486.71037
1133.0951
699.30539
1011.1776
753.02384
577.93975
991.34846
513.53894
573.13404
580.13394
552.00125
530.93942
530.58331
553.15715
580.62984
548.25015
622.54445
590.53672
1018.5081
722.78616
889.74756
479.67101
781.48456
1077.5377
743.87422
853.19348
501.81071
931.8423
908.71823
829.32943
665.56293
688.61638
752.40753
