14.924376
18.904204
9.9495807
14.924371
2.9848772
17.909228
12.934458
9.9495805
6.9647135
20.894105
21.889059
9.9495889
10.94454
11.939504
12.934458
14.924356
8.9546277
16.914269
10.29607
9.9495805
10.944545
16.914269
14.924371
16.914289
13.929397
21.889079
15.91933
12.934458
16.914289
20.8941
9.0025833
9.9495857
13.246686
12.934458
12.934466
4.9747953
17.909228
8.9546265
12.934458
13.929397
11.939504
8.9546266
15.919315
16.91427
7.9596677
9.0899034
9.9495857
16.914289
10.944545
8.9546266
22.884013
