28460.923
29945.104
29451.567
32395.738
29178.013
29811.266
31255.593
30336.23
28451.581
29572.12
30896.842
31095.402
30364.758
27598.637
31487.38
29377.412
30690.344
27667.34
29311.311
28876.449
30496.866
30129.185
30381.621
30349.919
30251.93
27574.894
27216.991
29819.433
30937.632
27461.371
28748.972
31143.183
29244.553
27887.38
29477.044
27877.089
28078.11
30810.326
31001.955
31838.15
29596.516
28385.112
29977.589
29488.98
29709.531
30740.362
27205.14
28485.686
29371.392
28056.159
30994.174
