45900.451
92639.249
65264.315
52914.412
73516.791
67130.432
56626.814
53598.646
65928.312
108541.74
53586.32
56432.421
50585.764
116341.33
59991.316
66643.395
61532.093
46858.839
47959.671
94651.277
55038.423
77066.955
90059.124
53397.096
61988.952
68306.983
43637.59
63016.721
52280.281
47914.149
78215.94
115419.92
87032.874
97416.326
43486.598
75770.936
62809.409
57795.648
78940.182
51177.907
47836.994
78565.085
59117.977
50502.759
50868.642
105773.38
56423.796
73609.145
76773.582
81130.567
50750.303
