54312.637
17789.398
4470.29
8487.6438
45866.406
36455.14
24111.095
210877.41
31197.862
20256.537
6116.293
18116.226
1933.3672
7609.8666
55254.072
9393.8305
12474.359
100470.47
133447.15
108967.21
3993.6065
15568.252
26742.63
172687.68
76002.915
54891.561
1371929.6
15049.662
4901.94
22701.69
37589.986
6568.8451
41346.162
9728.375
1358.1332
17265.841
62838.489
68972.694
28822.657
3400.368
6486.1494
4589.8354
36862.662
776705.84
13666.765
17532.038
37781.675
4154.5339
10996.642
5382.5446
4313.8741
