1.2547678E8
3.3524473E7
4.7445918E7
1.1175695E8
8.2496919E7
5.6604505E7
9.6821254E7
2.5796098E7
6.9866086E7
1.5025373E7
7.4731285E7
1.683895E8
5.8277263E7
7.7791848E7
5694086.3
4.3541799E7
1.3527832E8
5.3798747E7
4.3421071E7
8.5959857E7
9571595.9
5.0087531E7
3.0863784E7
2.1894573E8
1.4440429E7
2.6799768E7
3.5446619E8
1.5395481E8
1.5289394E8
6.1715337E7
7.4100036E7
1.109288E8
1.539702E7
1.1789132E8
2.9853493E7
1.258844E8
1.6245458E7
1.2825429E8
5.1464864E7
4.9351994E7
1.3356004E8
8.229817E7
1.3967299E8
2.354905E8
1.1389321E7
2.9763901E7
1.1288284E8
5.6573901E7
9.22708E7
1.3879055E8
2.3414297E7
