6575.1573
2718.7022
3314.4845
1693.6172
6440.5785
4915.5649
3779.8467
3280.4853
1865.5757
9120.173
1843.7066
4788.824
3194.4716
9084.6681
710.27132
4822.3101
1060.3214
3642.6045
4825.3352
6009.1696
2734.7291
539.70459
4584.1252
1844.0054
3651.9347
4685.3402
2666.3095
2524.237
1518.216
4394.8872
5727.8633
4805.9808
6132.9591
4016.7236
1400.7961
3979.0703
2397.9616
2561.6001
3095.7007
4739.17
2843.025
800.70215
101.74841
6152.5045
3942.8214
6038.9466
2743.2545
5822.5065
6425.7223
4002.7955
3807.2641
