2533.8949
4688.8465
4309.7755
4044.0043
4347.7453
2827.646
3129.9634
4266.0017
4293.7674
2814.568
3316.0182
5607.898
3057.3046
4426.9628
3200.3067
4715.6991
3645.2928
2790.8627
4385.9548
4985.0416
4114.41
4692.5895
3520.834
3024.4003
4608.0513
3906.8362
3026.1537
4409.2836
2431.1207
3748.0248
2263.9499
4010.9288
2509.0089
3956.2201
3018.697
2994.7423
3319.9515
3077.5854
3227.1705
5583.5126
7856.8877
4840.385
3377.5814
5233.4975
5905.5365
7930.8143
4782.689
3343.9634
4240.5972
4177.3821
3405.2342
