14587.559
14217.704
14266.709
12377.95
13246.608
14301.497
13508.733
12294.646
12949.967
14063.35
12979.149
12675.561
14296.514
13875.773
14657.738
13729.051
14492.867
14342.506
14219.021
13552.825
12110.928
13863.707
13703.635
14890.014
13698.093
11971.26
14357.081
13592.337
13994.545
14730.954
13817.407
12679.689
9879.4586
14295.409
13997.34
13883.773
14411.4
14508.594
13043.795
12514.383
12098.489
13603.214
11494.946
15203.242
13315.115
15142.286
14198.438
13528.254
15129.79
12376.685
14637.877
