4.5505822E-4
4.4606634E-4
0.0011649932
0.0011042881
0.0010723438
5.5535301E-4
4.1487842E-4
4.1411786E-4
0.0010171373
2.2777838E-4
5.4248153E-4
1.877636E-4
2.5103782E-4
1.5993874E-4
9.3943517E-4
4.0408489E-4
3.5143932E-4
0.0010091152
3.953197E-4
1.4972041E-4
5.4042341E-4
4.1349738E-4
5.803545E-4
7.2310219E-4
3.8337892E-4
3.5160705E-4
3.2369251E-4
0.0010428832
1.4667321E-4
6.1899846E-4
1.8273428E-4
3.186819E-4
6.5999316E-4
2.2098078E-4
4.3839629E-4
2.2641297E-4
5.9254498E-4
0.0010109438
0.0020653628
0.0011051079
4.5939522E-4
3.8757881E-4
2.1862654E-4
1.8312747E-4
1.4691029E-4
0.0010256141
5.485391E-4
3.6700019E-4
2.2705767E-4
2.4463765E-4
3.4759943E-4
