325.19253
337.77234
334.18532
328.46515
331.26992
334.17374
327.82623
324.31845
319.9003
343.43401
337.9077
328.49281
339.50546
338.30341
342.73075
352.47453
333.86253
326.01235
321.38027
339.68642
341.04261
357.5996
327.16507
333.34098
335.04702
329.90298
353.74939
324.38118
333.55948
339.93049
342.95961
332.42594
326.078
347.60523
359.70162
344.63422
336.18944
339.99447
335.05973
341.99153
334.19225
330.76372
333.08315
337.98551
347.09095
342.18045
336.66425
348.48372
338.87968
338.39663
346.07189
