26510.693
25868.534
28202.621
30345.835
26633.629
27454.255
26008.564
29667.575
27498.994
29052.174
27902.091
26505.192
29848.655
29979.418
30597.16
30774.88
29196.054
26344.583
30242.322
31833.373
25437.851
29435.251
27530.113
24944.338
25955.63
29554.952
28315.394
31915.924
26658.097
28179.763
26510.722
30861.247
27326.757
24068.621
24254.695
21900.099
21209.322
27208.464
22505.569
27078.475
26496.136
27917.588
28036.481
23188.967
29250.225
32022.586
28986.1
24469.433
30552.427
32887.408
29036.752
