290.61095
293.84375
176.60774
274.47683
194.14812
209.70561
253.14454
279.7911
370.06942
205.09126
294.75258
259.56305
262.55671
249.62909
258.30671
205.69105
260.65303
243.60742
236.21185
278.24087
266.48965
277.15363
312.3812
361.02227
257.29452
188.05301
280.02133
244.41344
295.75585
227.41357
245.00231
272.90948
314.42999
237.82669
329.11261
240.7145
302.2718
200.31609
336.61384
291.18311
218.81422
266.10467
213.40606
296.6279
232.9608
287.34909
228.51711
276.685
263.57736
236.82943
205.42894
