665.34039
749.87564
774.26783
717.27147
754.02836
749.26822
763.30933
830.86159
659.93959
786.51011
631.2173
594.70262
756.97649
799.98948
682.05286
632.40753
777.44899
732.07408
672.42946
705.95827
704.93484
695.56973
783.24178
731.45124
715.74803
759.99959
817.78429
807.18877
710.37393
650.69144
853.87598
584.30491
827.97214
674.99876
807.64359
718.564
711.08158
711.75483
607.47166
684.9918
580.05214
646.42003
717.11898
677.09482
699.63377
607.24396
784.3004
766.33176
733.48175
685.07661
821.69861
