480.42889
463.4131
480.27271
529.39758
537.19398
480.48236
530.4513
524.4219
530.25822
516.71599
491.81275
484.19812
523.22711
534.42284
571.28324
464.36435
497.5255
516.64705
531.10944
515.27509
492.08428
570.60308
493.66667
544.52779
544.5708
521.67883
518.60533
580.16215
513.29078
518.04991
541.85691
515.51037
568.21833
539.65758
515.92226
521.64245
520.30357
524.20087
526.69607
566.68387
490.11382
512.65283
523.22631
469.88754
513.3986
570.70075
462.91128
569.79518
521.13392
533.09272
566.81165
