29939.742
28967.891
29893.061
33948.141
33346.717
34056.149
29400.673
32282.071
29315.924
31335.799
27902.091
36147.529
32402.813
35979.311
33244.023
33731.385
34444.459
28688.726
32065.281
35375.52
30113.236
33203.051
31412.797
31154.065
30854.731
31521.86
34923.801
35581.142
34044.399
28179.763
31264.521
33673.753
32442.893
33694.158
30766.914
29243.775
28073.458
34813.479
29500.114
30302.284
32534.042
33978.954
30349.959
26588.028
31157.948
32447.414
33046.794
32192.447
33642.496
35487.477
33171.493
