420.79478
467.09651
499.81999
441.0559
452.68358
424.24384
438.09205
453.984
436.72361
444.03267
419.2288
456.30102
419.29117
421.57811
439.97593
484.57234
429.42037
423.53138
449.15719
425.72659
459.3812
491.30053
474.95579
465.48012
423.22934
449.42245
405.23466
427.60983
485.4342
451.85548
543.45055
424.77417
439.35237
420.25345
445.72012
542.59671
473.73801
450.88348
465.85693
457.4448
456.22694
432.90017
420.213
468.07015
473.29916
456.5382
437.01473
444.96104
466.79033
555.50372
461.64184
