13.408419
7.074321
5.2171292
10.832419
1.393069
6.0853694
3.6451761
13.629571
6.2702189
11.978771
5.9788325
19.217058
8.0640146
18.454796
5.6922724
16.635863
8.0782495
12.642985
13.655885
4.231377
1.3414401
4.4852171
9.8792929
4.9758047
6.0729412
8.3396111
4.0072087
8.0650093
14.833809
13.223239
14.92462
16.143343
7.2107007
11.722539
12.994616
1.6339009
7.5832605
16.639515
15.310301
10.359601
8.7535351
4.1765185
10.022653
16.250306
4.4224562
8.742444
3.9295681
2.1404552
13.920331
9.0089389
9.9512437
