446.34178
447.12777
400.12788
400.694
398.04867
399.71163
446.02466
445.36551
399.34845
444.13369
401.87742
448.95184
401.12019
444.77952
444.72224
449.80887
447.39049
450.17174
400.05185
446.97614
446.20194
447.70318
446.40588
447.60083
399.6997
399.21328
446.60252
399.58148
400.25512
398.18266
403.17998
446.72971
398.71094
399.20519
400.12217
444.83574
446.4014
444.98353
444.26992
401.31906
400.68687
399.55123
448.5012
399.23172
399.19586
446.70581
400.33508
445.79304
444.49845
445.46354
400.03332
