772.51541
642.22768
640.22383
938.0134
800.76515
673.96004
681.45103
680.21138
859.23247
752.74645
652.60476
815.117
788.55466
689.8018
722.00348
712.90812
744.95901
713.92599
717.00175
737.38196
881.66188
779.83254
773.46751
685.59175
752.13507
733.52572
782.82764
772.89286
712.54728
813.83657
781.13661
692.43977
648.84109
891.91719
639.50353
728.36915
636.52401
1209.4824
756.21951
609.63886
873.20697
835.41765
812.34353
700.58608
737.41085
689.4164
678.24274
781.84748
888.51398
840.71415
711.16309
