307.96371
318.52696
318.96756
0.0021175081
311.60714
312.92901
316.00103
308.61126
308.04418
321.36622
318.32424
319.63193
323.79213
329.35868
323.29639
314.69575
315.1152
317.19534
309.77824
317.58218
321.13575
322.51492
312.8274
316.18179
319.05494
318.20075
327.3707
310.38857
305.82245
307.68678
305.11795
319.63157
315.5868
329.38682
318.40152
308.80356
307.48447
320.71391
316.29281
316.00598
315.05453
308.69663
316.46398
313.97387
328.9096
318.68738
305.13655
310.36638
312.97687
314.62918
308.20186
