17.530762
27.918528
37.7598
17.429437
19.012762
26.572309
12.237443
26.147832
15.635019
15.738347
11.790789
17.852309
16.479588
28.772292
12.882843
15.861106
31.261933
18.504473
23.362618
16.976637
11.286556
24.644937
14.771151
15.720897
23.117401
19.751198
30.63792
13.271286
27.231938
32.258338
19.165111
14.661622
15.753081
16.880602
20.710575
24.574128
22.438693
11.57213
20.049183
24.919327
27.449624
23.563842
30.454632
12.346477
22.321129
13.389872
18.453851
17.866538
11.982695
9.2311712
34.529274
