135.20937
233.72286
256.7448
265.62423
273.89789
259.48666
144.10896
254.32811
233.62431
121.91695
262.64802
249.07395
254.92725
261.69962
136.11957
142.42305
234.18793
155.66497
250.76719
269.44439
252.29828
134.11053
104.74166
249.43424
261.19805
136.03306
137.02732
238.94741
265.42034
135.38671
241.30417
240.20751
257.04828
250.74074
278.46636
137.42057
262.68018
250.76476
263.90989
226.36801
264.76578
261.54009
244.4846
233.63635
140.72888
246.58237
241.03767
250.23176
258.1414
238.109
140.35372
