954.07178
819.84414
816.92846
875.0615
917.24882
900.51892
1055.2177
874.06823
941.52909
882.14228
951.91473
881.94104
882.21013
859.5746
827.68198
952.47724
1032.0041
862.74801
912.17887
899.37826
853.18311
846.7528
881.54877
871.3788
857.69472
896.82844
1017.0165
960.44675
834.79467
933.39445
912.67883
835.45516
886.00517
947.22508
835.04717
1093.687
871.32403
910.79402
955.5598
863.90035
927.46635
941.51996
902.25403
930.52129
809.63808
911.43331
872.35404
905.27969
809.97934
877.33543
907.83396
