64166.6
19229.453
33037.299
29883.633
55012.085
495522.77
53558.309
62542.609
66684.007
159344.8
36693.284
101130.91
86062.616
38548.851
104863.35
70881.523
152847.04
59529.035
12690.148
126017.49
179131.96
23364.996
6888.7132
44780.427
60547.719
524583.76
72933.928
48756.305
104854.32
128567.98
91196.179
78749.772
29164.857
57416.022
70337.812
11619.6
38732.98
166298.59
36288.849
22977.111
64873.526
14604.135
191791.69
54802.235
195405.35
140998.43
49412.161
771703.34
48350.187
48999.461
122670.67
