1356.3559
1541.7381
1453.404
1327.2626
1185.4026
1411.0002
1437.5699
1359.713
1431.77
1337.8385
1459.7715
1336.7129
1279.1436
1249.4389
1483.3701
1497.3036
1451.1613
1474.8555
1447.1104
1266.3686
1262.5012
1500.4717
1249.9074
1324.4422
1335.8171
1311.3973
1281.3403
1418.4557
1281.012
1417.681
1373.2923
1265.9914
1365.514
1359.8615
1355.8935
1528.9807
1485.9726
1312.4273
1471.4354
1404.3323
1571.0697
1368.5832
1304.3387
1349.3709
1442.2312
1496.7286
1308.4904
1454.7656
1333.9649
1393.7425
1420.6678
