1.1769801E11
8.2354364E12
2.6602079E14
1.2018045E12
4.7019265E9
5.4545922E10
5.1204134E11
1.3564867E16
6.8004501E11
2.8789236E12
9.0963884E12
1.1522367E11
4.0656162E12
7.688997E9
6.5017524E15
1.9827244E13
1.6524502E14
4.5672741E11
2.8149323E15
1.1522547E11
1.5472422E17
7.2365435E12
8.9553622E13
3.9475897E14
5.7917258E12
3.0626853E15
1.2979539E14
1.0380489E10
1.4138554E14
3.2080059E13
1.2853655E11
8.0411742E13
7.5461452E13
4.1329789E12
1.5743095E15
4.2953621E11
1.396105E12
1.0773637E17
1.4517054E13
1.7562665E10
1.8801832E12
7.9581021E13
1.3590501E15
5.7797878E9
3.1814963E13
1.2107514E10
3.1990435E13
4.8408289E13
6.8058778E10
2.4135161E14
1.2184912E11
