18.000741
39.284038
51.039709
44.509313
30.127098
26.663841
29.377172
38.602302
13.223261
13.793434
27.754008
36.097483
74.094149
27.129007
53.072676
72.161796
34.931282
78.207324
23.435873
28.86947
17.428777
51.122324
33.451109
37.734615
13.21388
31.766315
6.0841423
19.485636
46.504664
49.481957
24.415006
26.789923
8.8195016
11.303303
10.938844
18.603647
10.64437
72.401432
39.115789
9.3923562
33.701486
14.300554
29.690268
39.153401
27.64993
14.176122
37.534104
35.040064
11.9302
47.031714
45.500263
