81.929592
68.213362
115.78162
102.0353
101.75517
96.322987
89.966618
80.955672
127.22725
126.96916
90.474149
118.92149
115.57654
54.185065
63.004567
99.738467
77.804037
79.023947
45.226179
81.094287
114.66716
99.83983
104.93493
77.073963
144.5841
74.745863
58.298458
88.161488
103.98936
87.940113
60.866436
103.81995
90.229214
138.76917
42.145944
75.897767
93.053186
115.92647
76.150803
90.782442
94.576727
73.487346
127.99996
90.119254
94.117786
70.148403
109.78095
125.4072
141.46641
63.157924
73.579744
