305.27042
227.60475
202.98685
87.246174
194.48083
330.06642
62.687786
316.69104
289.8387
69.354027
70.924156
454.52628
284.34346
349.01568
486.2539
217.10483
135.4145
324.40699
281.53294
380.11918
306.73572
57.571723
92.300576
81.374875
307.33877
409.58254
86.460963
350.44068
179.23396
51.639157
93.729744
182.49725
191.79602
337.91609
413.7526
290.79166
184.39286
81.309055
563.97245
640.22144
552.0127
292.25896
547.25872
420.94084
57.923975
212.33766
246.49323
83.122926
410.913
92.455683
100.91043
