851.03478
896.28432
898.42624
959.98387
837.37986
837.24374
876.28761
903.20773
867.63641
867.01806
926.69301
895.60121
855.83862
769.32848
912.55069
901.05222
880.43445
821.61745
868.38547
945.87556
915.35586
934.36889
941.86493
816.91037
942.15387
847.43409
855.99863
890.65967
955.84193
902.89233
944.8853
847.0911
942.60229
903.52567
882.59376
805.86497
953.69607
909.82787
914.9198
806.57274
962.79578
912.93751
842.01282
940.28669
896.97277
871.48398
911.59391
920.12024
814.30278
921.49386
822.18004
