136.39257
117.18844
116.49325
119.45842
123.91307
116.91733
117.18059
118.62568
116.07885
120.89096
115.97308
116.06066
117.11358
119.94089
118.46694
116.55674
120.34793
118.38188
116.34992
3898.916
118.02953
117.85135
116.25774
116.66255
117.33937
121.24367
116.9408
117.71469
116.11816
118.34697
115.82578
117.28546
119.62581
121.2039
117.39905
121.77051
119.12935
118.14017
116.6541
119.30926
117.95886
115.84667
116.70424
118.98233
116.76031
116.35704
119.50792
121.03465
118.7465
118.39777
118.36507
