205435.43
175856.2
104506.87
1786418.8
190741.2
457378.87
377990.07
305384.21
718218.14
86512.437
969092.63
401009.99
1004069.0
463485.53
135992.37
190758.54
362273.88
753652.05
368422.13
203525.84
290908.8
639456.32
438011.81
281417.66
255806.35
806928.07
328451.07
378478.07
1343620.4
126240.54
863307.44
856583.97
273085.42
306504.67
562176.01
333548.36
1097711.9
334821.55
411118.19
82924.524
169310.25
289936.74
311625.25
150686.7
648744.15
1306576.9
141200.67
349226.39
311090.9
173619.68
286249.6
