13.487017
7.0813541
5.270641
10.875924
1.4115438
6.3762254
3.6789035
13.684883
6.2821591
11.983027
5.9799634
19.227266
8.0969863
18.529753
5.6924359
16.635877
8.1531884
12.650409
13.656257
4.2499524
1.356991
4.5264515
9.9095583
4.9760306
6.0840343
8.3818275
4.0115085
8.093527
14.86301
13.233341
14.924672
16.167521
7.2896237
13.263814
13.01759
1.7333567
7.6774715
16.639901
15.338774
10.369265
8.7975256
4.1928167
10.070176
21.740668
4.452213
8.7756431
3.9717129
2.1462647
13.934969
9.0333011
9.9514367
