152779.54
146454.62
151345.88
146791.89
155993.88
169997.3
127040.98
150134.86
128600.62
150780.02
109818.48
129698.83
135710.07
169153.64
102468.72
153693.29
127450.49
179439.47
192750.99
132022.3
158494.36
147395.48
105543.79
136806.41
117139.83
128027.88
172366.52
188976.61
164212.8
156538.1
169683.93
158345.77
132063.33
142169.2
80278.692
188660.51
149722.62
138207.22
184446.39
154174.63
110341.94
123084.97
122297.56
171223.88
113164.5
108657.5
130378.35
137991.08
106471.43
110886.81
139705.75
