3363.1973
3470.7458
3174.341
3219.3377
5085.7303
3645.5883
4551.7196
3418.3102
3233.8425
3567.6896
4282.5467
3375.4268
3396.5253
4249.0769
3640.4052
3076.0049
4197.4306
3528.0531
3784.3857
4118.1105
3274.3446
4675.1147
3639.0944
3700.2182
3670.1312
3582.0749
3709.4472
3494.602
3231.152
4710.1963
2844.3834
3630.4912
4749.6246
4114.7266
3537.737
3478.7256
4078.729
4315.7599
4883.1591
3878.8697
3775.1096
3580.3817
4424.7651
3322.7895
3737.4225
2715.6646
3357.8863
3252.4611
3212.3527
3194.1887
4309.5981
