2397.0764
2373.5659
8753.0035
337.65098
152.40475
690.75588
26597.868
43856.894
9020.8693
4963.0589
9502.7545
2143.2422
3796.6885
28482.174
39307.686
229.79223
481.43419
35952.881
52782.723
38344.754
8930.1764
566.54349
8247.1223
31569.941
11297.767
11914.279
15481.62
4652.6062
33584.852
30438.638
346.61104
5327.4416
1263.8415
4616.5047
2397.2607
2799.2529
5156.7375
777.92411
22862.969
9482.0382
2823.7431
5931.7982
48154.018
2498.0393
2075.6713
11810.198
1816.591
52909.291
23643.289
3120.6946
28824.566
