1.6291432E7
2.5670272E7
1.3617398E7
5.0807857E7
4.344972E7
4.7323777E7
2.0351201E7
3.9014583E7
1.6088035E7
7034823.5
2.02879E7
5.5951399E7
2.1687051E7
1.7323271E7
4.2594133E7
2.6116498E7
2.0320476E7
1.9749677E7
1.8772587E7
2.9098951E7
3.5690583E7
3.0095014E7
3.7043957E7
4.6152493E7
7681969.8
8.3663174E7
3.977125E7
3.8881281E7
4.8711693E7
5.783869E7
2.5596985E7
6.8760809E7
4.1123856E7
3.2087593E7
1.3426158E7
6.3977371E7
6.6460553E7
2.4595516E7
1.1677638E7
2.4822236E7
2.9608285E7
5.2736891E7
3.0767747E7
2.8292301E7
4.8850508E7
2.0876912E7
4.1938717E7
2.1926019E7
1.5463711E7
3.4245455E7
3.3400945E7
