3704.7829
2797.1155
331.91362
3129.0445
3908.7815
3596.2057
2487.6322
3503.7677
3660.7487
3463.0502
4649.7314
5137.4077
3871.5673
3757.453
3970.682
3398.0676
3368.5893
4204.6806
3509.8762
3349.8105
3392.3978
5089.4869
3955.6738
4052.1251
4060.6777
3118.3852
3824.9936
2967.3347
2833.1011
3746.2597
5051.2676
3900.167
3242.8078
3673.7644
3394.3139
3425.9766
3148.5912
3364.7117
2637.9779
3354.8025
3843.9844
3378.5137
5017.404
3482.6527
3191.1752
4874.5473
4081.245
2873.1237
4953.1548
3903.6545
2983.543
