1574.2124
1245.668
1727.8352
945.1701
1339.6003
1131.2335
1456.0974
1538.0781
1004.5439
1619.4554
1108.2035
1233.1004
1850.3663
5177.2774
1543.0813
980.10475
1196.8952
1004.187
1330.9427
1380.575
1540.4165
1250.71
1245.4525
1454.8037
1287.0714
1070.2878
915.78236
1292.6887
1168.0545
992.24025
1035.8796
1325.7955
2140.1658
1528.351
1300.9569
1090.8891
1338.2302
1257.1449
2906.543
1023.3983
1723.489
1553.7457
1427.3992
1192.5547
1230.7088
1329.6859
1224.8741
872.28496
1527.5367
1244.6846
1450.7745
