1004.6795
801.06548
767.11372
908.7815
907.94059
808.23943
911.42229
949.51438
825.0636
952.26062
817.55827
751.24276
982.15417
863.62832
833.46835
798.85677
861.18585
959.91853
860.05422
805.49678
944.36437
763.10299
903.51832
909.00728
874.92969
824.09416
944.935
808.76783
981.50307
889.16805
824.48447
846.93856
842.59495
1013.1945
797.35196
731.21888
746.83721
941.0549
934.76658
788.34902
996.61839
868.44198
832.80452
939.18002
845.10419
894.51593
869.52506
759.40419
994.98841
768.01365
926.26761
