19379.189
36807.188
36241.242
39104.082
35690.653
39136.562
23539.846
27357.01
17517.586
29807.395
45507.289
17836.467
35824.103
29367.475
32301.704
22211.998
26069.475
28013.307
20126.195
29560.809
19080.481
28367.441
21841.836
31159.66
20704.851
53615.911
24726.707
25491.11
31330.448
57668.394
20678.611
79602.169
23839.858
24699.05
45757.793
24185.042
20924.349
28883.184
25487.749
23841.147
33448.995
23814.444
23572.36
25945.444
28973.353
52777.509
20542.64
46312.326
26961.047
38855.093
34166.63
