482.93594
463.97846
482.66616
530.5099
540.77154
485.59414
531.04654
525.25581
530.60452
519.35451
492.17676
484.61995
524.02437
535.98955
574.50549
517.82279
498.1453
528.05931
531.82891
515.96648
492.85903
578.78974
494.45449
550.49209
546.14216
522.49765
520.29805
580.89925
518.30312
522.90121
548.14512
521.20699
568.88187
541.03104
517.05841
522.31908
523.16035
531.83455
529.25229
568.34804
523.08818
517.4409
529.28993
471.18401
516.95182
573.88484
481.05364
570.76077
521.83157
546.57477
567.7297
