750.27979
542.8442
1429.5412
1241.407
1422.3583
1583.2274
1670.5215
1237.0932
1751.3224
816.23622
1407.344
1236.1686
1743.8356
1469.5838
1941.3223
1500.0663
1127.5708
1789.9694
1539.0354
1074.6397
1504.3127
1493.0977
2214.8455
1789.0099
2048.2275
1245.2844
1167.0382
1597.9473
1820.5757
840.4775
1758.242
1321.0792
1832.9195
1690.3917
2708.6831
1401.9869
1028.9715
1249.0086
1623.1475
1861.8416
749.05954
1145.9013
1351.6448
1335.4953
1604.9862
2235.1673
1471.0985
958.47187
870.98115
966.64068
2186.9548
