3971.0772
2515.6778
2149.3476
2491.9713
3104.1771
3292.8206
1993.0638
2720.3167
3322.6842
3273.8037
3023.6492
2490.9832
2505.8753
3671.5557
3040.7471
3766.1379
3044.4517
1880.6234
3636.4749
2779.0686
3074.8816
3846.3748
2896.5442
2204.9438
2698.7381
3562.2087
2105.0866
2948.7008
2027.3339
1804.0588
3204.2223
2570.8302
3543.6074
3371.8965
3347.2773
3123.1777
3371.66
3261.4993
1632.1683
3230.218
3279.6432
2625.1694
3372.258
2928.0427
2643.3102
2037.3253
2432.0748
2697.6321
2701.9345
1452.3925
3611.0558
