804.99337
812.10096
827.95917
871.11906
669.77688
730.45265
755.8434
799.4439
813.02782
789.13051
762.87952
822.64168
805.41009
821.6885
807.9184
736.09894
771.8638
824.06302
784.73581
694.14372
854.15089
740.51613
812.3293
797.79445
789.10501
790.10123
796.9819
776.29747
674.51156
865.10272
857.47353
802.61283
847.82308
768.7537
784.67805
792.84738
700.18408
821.29641
803.23811
796.3476
783.02274
827.74976
770.16411
778.44405
783.1514
731.79194
721.25433
788.70087
774.86841
756.91019
831.65753
