247.99292
268.06082
347.55581
255.14656
315.91761
300.5726
323.05431
322.97379
249.92176
302.76536
315.82565
356.8461
393.78453
342.67493
254.94867
304.7564
405.49921
307.96055
346.05825
361.52934
355.29245
317.96007
319.57559
291.29015
286.20255
293.37345
293.55507
316.96678
337.49486
355.98677
345.80737
333.44563
281.22831
276.45215
350.86849
394.81511
320.73265
340.97871
307.11076
387.99455
330.55018
354.11325
352.97875
281.48451
346.60228
336.52581
260.75007
270.49729
308.90207
312.93256
329.1234
