48854.377
43543.737
40167.266
43035.951
40567.336
40190.889
42033.737
32854.097
29184.559
40639.787
38655.127
41115.757
38015.229
36979.729
45959.67
35982.915
43991.391
45236.886
41150.728
31930.143
39121.018
39149.144
40145.143
41080.518
30382.276
40043.286
47873.825
32265.444
44221.244
40471.141
33683.877
46938.726
34999.07
45024.279
42782.246
36418.378
36311.289
44395.752
39605.708
39158.629
41706.419
34804.059
45113.612
38893.619
40856.521
44237.094
41395.686
43731.999
48101.8
29322.172
41146.127
