16676.812
24021.853
10483.893
18187.708
14703.113
24994.668
16105.832
7124.6838
17459.764
39569.169
16657.557
488.17425
17939.791
13056.204
3767.3918
1740.1008
6798.9962
7603.1524
1102.0618
10786.738
2190.0422
38.526078
14432.432
1240.5943
12021.444
6726.2007
15333.026
6315.6196
4778.6485
1232.8296
785.34284
16195.932
12705.974
20615.626
7784.1402
2716.3202
3202.7552
18382.539
17761.845
4754.7629
345.55207
18866.606
3237.7124
13647.406
8584.1571
6608.8866
1836.6358
4117.1085
2738.6066
11065.289
10705.085
