1089.5507
1184.899
682.7409
1124.3588
1252.7933
1390.2892
1353.6044
1954.4624
951.72799
1318.0598
881.24349
855.67305
776.33761
1146.3714
949.03466
1382.6015
892.72274
923.72582
1456.0319
1559.1775
825.23929
1127.4933
741.61553
1621.4488
946.41709
884.21698
1730.1238
1012.5148
1640.4436
1763.6226
980.75918
1215.0102
1552.5357
1791.8158
951.23519
1103.1566
1203.9153
1253.9487
1309.2195
812.29248
1111.5199
1276.8389
1340.0194
1502.0778
757.57707
902.17896
1319.5102
853.59444
1337.7997
926.36185
1148.7637
