19598.328
23582.848
27664.413
40067.047
23775.161
89873.833
53919.499
42648.117
29651.808
16147.789
43172.8
49984.163
33047.167
53588.108
63653.379
41093.274
20538.836
50341.24
23618.08
30074.131
48975.645
16836.541
43668.436
31934.224
44084.889
41180.816
83955.999
61492.846
34834.067
51102.49
40123.978
24038.287
45926.957
36125.567
41704.958
49964.148
57995.487
52990.706
68905.965
25552.168
24660.716
37336.036
44736.333
48011.966
31995.832
30567.47
50368.72
33765.829
21345.12
29700.409
62684.45
