581.06944
546.45327
553.2667
562.8853
511.67074
533.29876
541.59835
550.03833
558.6639
525.81541
523.50967
527.71904
574.2766
530.08365
552.77451
520.38455
554.35043
537.68333
524.19301
535.70539
552.22032
532.11019
547.18093
517.78509
514.78006
575.07127
546.81346
547.85068
544.37657
556.78083
556.11426
527.58389
534.87559
565.09445
533.11871
531.11413
539.94703
530.64707
520.83739
550.88491
525.92958
552.53696
518.74012
540.93948
521.9409
534.2138
535.85788
555.79227
539.15787
530.7519
525.60185
