3805.1284
5195.6149
8916.4229
5181.0993
4352.462
4514.6346
3551.6406
6120.3508
3045.0468
5771.05
5287.3111
4141.6267
5256.8888
4964.5051
6928.8312
15034.804
4811.8052
4130.6615
4120.2434
9022.1185
4312.0426
4776.1034
4150.9879
2801.0446
4745.0407
8829.4964
4669.2472
5868.1467
3016.5482
3984.9657
4900.0934
6252.5723
4003.0302
3954.0109
4956.234
4258.7871
3745.6774
4596.2664
4328.0954
4766.818
3445.9468
5351.2848
6891.0247
4914.482
4130.3852
7494.7972
5382.5968
5331.4683
4852.9697
5177.0881
4196.0059
