638.29112
764.32824
614.14513
920.77534
923.89543
331.11326
764.81064
1025.4775
700.21988
471.76911
894.90655
1293.6152
519.21907
965.59371
730.3393
668.72979
323.95535
995.62329
1032.486
650.07123
516.36805
492.20949
284.08998
757.17171
625.16804
626.6561
760.2947
786.52143
885.1584
429.02788
976.82006
602.47584
519.41459
1073.1191
776.75571
311.77432
731.55608
635.80889
591.02894
860.42639
1007.2967
714.53454
863.0054
493.12367
550.38588
461.76765
744.88949
494.99804
827.50174
721.33225
1108.0438
