237.29323
207.44116
350.71494
387.26565
351.83901
348.12866
313.44578
294.10998
340.16757
275.6106
238.75908
366.88348
262.77009
410.4232
270.83656
308.8533
366.49449
331.85733
327.52715
267.09338
275.7505
365.70627
296.40794
274.66177
329.23178
297.07261
341.93091
221.23136
319.69397
227.30179
253.00102
240.4467
310.02386
311.05044
235.28963
258.17084
278.94341
317.96223
304.59868
343.7728
321.11587
322.50536
346.62946
285.93429
347.84644
369.38525
324.26104
269.69139
343.14159
334.45005
250.94934
