0.076798827
0.58733594
1.6862457
0.34512786
0.35766555
0.51889103
0.54873078
0.040771597
0.62372464
0.1526331
0.36833402
0.057156271
0.30073783
1.4025821
0.85958253
0.38828569
1.4562861
0.1446069
0.72741765
1.1500058
0.90597441
2.1142678
1.1614258
1.4222812
0.52446939
1.0434414
2.1288319
1.648113
0.60938405
3.1984208
2.0462209
1.1001991
0.2804826
0.4462876
2.5887211
0.34336873
0.42115111
0.79919961
0.081301175
0.50926354
0.40355743
0.65987863
0.75165767
1.262309
0.21569551
0.50499443
0.18137863
1.9577575
0.06916422
1.3005773
1.3184564
