8282.2083
7593.5682
8600.458
8418.5958
8477.5835
9850.5259
8162.9904
7374.5511
7331.1979
9593.0417
9655.7994
8884.3616
7427.8177
7167.2874
8269.6546
9115.9794
9112.8986
8183.5782
8381.3955
8436.3851
7939.59
7376.9882
7191.9717
7431.3477
9575.9993
7727.2481
8378.387
8381.0699
7210.0297
7932.2041
7367.1204
9213.4174
8778.35
9339.0932
7554.7162
6873.6986
6405.682
6863.5822
7562.4189
9108.7154
7369.0264
7120.2326
9020.2299
7150.1368
8197.5065
7801.0918
6729.0556
7616.2863
7415.7004
6913.1787
7734.0229
