100.00005
100.00019
100.00011
100.00005
100.00017
100.00003
100.00003
100.00007
100.00005
100.00006
102.60243
100.00008
102.63831
102.61952
100.00009
100.00004
100.00019
100.00012
100.00007
100.00008
100.00006
100.00004
100.00004
100.00017
100.00007
100.00003
100.00007
100.00033
100.00009
100.00031
100.00005
100.00004
100.00008
100.88521
100.00016
102.63511
100.00005
100.00006
100.00005
100.00006
100.0001
100.00007
100.00013
100.00012
100.00004
100.00013
102.39809
100.00014
100.00013
102.61952
102.64331
