1050.4573
381.73197
11037.059
1816.4568
1419.0322
1532.9932
5488.3599
28530.516
865.73842
2724.0183
3143.1896
7455.8054
27153.709
8056.6777
7570.852
4544.0587
14793.556
3541.295
23831.029
7469.8371
15384.56
19182.117
28612.869
7378.5447
6381.1936
7932.4266
7225.4287
2820.0498
2882.8389
996.14373
536.40409
18270.49
8154.1531
1256.8988
2854.9438
498.49226
9110.4892
4988.1218
4741.698
4026.5444
6857.7293
5189.686
609.26001
9467.6971
5723.3014
2749.5035
642.57932
7304.5466
7100.476
11115.335
9491.1277
