597.90667
583.01573
498.70517
751.55115
711.83601
463.18767
659.77125
599.02053
822.28435
701.96547
868.03457
732.34191
741.00124
716.29572
524.07282
642.18512
610.52785
719.79582
777.32836
663.5142
636.82301
530.38218
748.68893
508.23106
652.57709
693.69729
845.91547
623.80378
612.89481
852.58052
643.53526
659.0028
670.62614
529.28187
687.39969
568.93204
755.36653
622.20989
603.72966
502.0527
700.67711
598.09612
584.89268
790.9202
579.35075
725.47612
669.89365
716.67344
852.67404
775.21093
694.15387
