7.6662697E10
5.2248864E10
5.6870929E10
6.830562E10
4.1197247E10
5.5885276E10
6.1560355E10
4.8221418E10
5.9307432E10
5.4350203E10
6.4885703E10
5.1975102E10
7.3611635E10
5.8532591E10
6.712866E10
5.6310703E10
6.014115E10
6.191237E10
5.0626291E10
4.1369391E10
4.1313771E10
4.6258551E10
6.3688655E10
6.9867876E10
5.2210447E10
7.7555914E10
6.6395058E10
6.5173016E10
5.8505543E10
4.4108574E10
6.5319641E10
4.9644379E10
5.7210146E10
4.2625474E10
4.0414855E10
5.1757217E10
5.1289497E10
7.6246187E10
6.3293225E10
4.6942657E10
5.4064932E10
5.4548277E10
6.7346338E10
6.1156485E10
5.5014745E10
5.1919225E10
5.8064881E10
5.8725475E10
6.1089858E10
7.2897398E10
5.3074504E10
