307.9649
318.52736
318.96764
0.0094695085
311.60774
312.92948
316.00107
308.6122
308.04598
321.36642
318.32472
319.63194
323.7922
329.36147
323.29652
314.69737
315.11531
317.19573
309.77843
317.58736
321.13968
322.52241
312.82857
316.18471
319.05499
318.20085
327.37072
310.38885
305.82274
307.68736
305.11909
319.63714
315.58681
329.38697
318.41976
308.80473
307.48452
320.71676
316.30937
316.00607
315.05465
308.69679
316.46616
313.97472
328.90976
318.70335
305.13664
310.36659
312.9774
314.63109
308.20224
