8.3644194
8.3025453
6.9606488
3.0210225
8.4951654
5.3836548
11.840084
7.1247075
8.5110923
73.289833
9.2727879
4.5922604
8.2354422
8.6262504
6.5861572
8.206343
7.8222946
5.5128594
2.9049473
11.032255
8.1780269
8.4957089
2.9583516
8.4747795
5.663983
7.9698397
91.376894
8.0555729
31.88648
6.6966427
8.5634422
7.2096837
5.8473895
7.943335
7.7213436
5.2127315
9.2311218
7.1157683
6.9604362
71.812821
3.2981594
11.191393
8.2563048
7.8377469
3.7362153
8.240146
8.2294033
7.6246884
3.1136216
7.8860089
7.7858757
