20733.539
30783.973
112753.2
6305.3844
5712.2444
53386.339
68108.779
20229.313
5079.4992
16829.276
36499.047
25499.528
52654.626
7576.1326
25164.876
22682.026
2477.8266
46136.313
73625.377
13336.864
9652.1848
1293.5365
64482.113
3631.7947
62075.583
4530.1656
14473.989
3154.5725
56793.533
86642.752
4127.578
15745.131
26317.702
24368.233
1490.5532
4863.4876
40295.623
9834.8404
2808.0225
93667.197
2433.6029
57032.306
548.53769
26712.214
69556.817
23032.175
22348.645
5182.1825
16431.112
21964.108
50612.351
