6077.4512
7537.2635
6142.3593
5544.2661
5265.5686
7471.5905
6377.2432
7388.6905
5400.0917
6996.8058
6499.4363
5590.8765
6030.2369
6208.7187
5920.8999
7101.4848
6313.0922
6118.958
6802.1862
6487.6091
6945.725
6196.0333
6847.3823
6933.4054
5742.073
5466.2851
6707.5591
6713.464
6845.8648
6311.7668
6272.2004
6139.5022
5946.0962
5723.666
6971.3354
7193.2171
5430.916
5322.2239
6674.9649
5965.7417
6106.5217
5556.9475
7546.9394
7425.8777
6235.4773
5192.3784
5650.479
5678.7407
6228.7117
6222.822
5821.3615
