1.6891142E7
1.3443043E8
2.6677909E7
1.9612686E8
7.5998533E7
2.8769599E7
1.6987818E8
8.9263518E7
1.0067455E8
3.2891892E7
2.320718E7
4.8507498E7
7.1952126E7
1.1059572E8
6.1558973E7
4.475288E7
4.7265345E7
2.4408353E7
2.6515936E7
9.0050542E7
1.5733833E8
1.8171168E8
1.3533265E7
8.7936675E7
3.6913675E7
1.9994517E7
8.0305351E7
3.5051341E7
7.9658313E7
6.8286227E7
1.6481399E8
1.1164531E8
1.249283E8
3.4993199E7
4.3664836E7
1.8811832E7
5.3908408E7
1.0110182E8
1.8263243E7
2.080691E8
9.3839726E7
8.6064788E7
3.7433422E7
8.7779652E7
5.4777699E7
1.2458593E8
2.4257207E7
7.4751825E7
4.5921428E7
1.223272E8
2.6820854E7
