4200.8086
4328.7273
4179.9106
2558.5655
4148.7589
4718.0744
4808.2604
4646.7569
4428.4414
4601.8366
3938.4073
2737.2408
4505.147
4090.6288
3330.3505
3814.2584
4217.6985
4233.9474
4923.0756
2481.8545
5341.5631
4581.6709
4514.1714
4279.6637
4561.3664
4628.175
4712.7854
4195.2848
5031.4294
3823.0669
3472.8144
4319.8532
5067.0825
4787.2657
3802.4807
4419.45
4024.7405
3736.603
4055.1432
4156.6578
4566.2419
4446.412
4817.0659
4672.4799
3673.9215
4720.8566
4756.444
4424.3626
4821.9305
4142.1417
4524.3798
