1911.8183
2444.4399
2252.8012
1276.7618
2590.1968
1555.6054
1728.7387
1420.636
2202.864
1979.9937
2434.0958
1731.5878
1915.3609
1509.4962
2510.7636
2163.6105
2137.6606
2235.2737
2868.3242
2102.3301
2434.6535
1702.3615
2079.3201
1689.1311
3007.6058
2306.7153
2680.996
1397.4065
2316.8471
1799.4614
2091.4985
1963.0577
2183.9998
2732.9303
1947.0021
2002.1813
2153.7248
2387.7941
1781.8049
2330.7123
2077.2488
2330.5464
2553.3964
2326.2892
2573.4267
2241.0752
2067.053
1961.9691
2334.4374
2619.6855
1984.7978
