1.4578622E7
4.4102787E7
4.8943082E7
2.7138422E7
1.5207134E7
1.2960735E7
2.9241515E7
2.4000826E7
1.8758788E7
2.5063533E7
3.1019393E7
1.937044E7
8889847.1
2.410363E7
2.287338E7
1.7473068E7
2.0865675E7
1.4706294E7
4.027039E7
2.1151338E7
2.2195617E7
1.8533693E7
3.2950625E7
1.468922E7
2.621113E7
3.1686955E7
2.1487778E7
1.912592E7
7.3157346E7
1.1605299E7
1.5368907E7
2.5290206E7
2.757721E7
3.5281976E7
1.4264091E7
2.4404808E7
2.8923278E7
3.2260587E7
8210365.5
2.1128953E7
3.332235E7
4.968805E7
5.8413482E7
2.2803542E7
4.3773938E7
3.1346903E7
1.6873716E7
8512928.9
5.1594879E7
2.7087103E7
2.6941609E7
