13195.487
14278.835
26523.87
17392.246
18476.695
18477.368
17319.002
17656.845
15893.905
16772.555
12793.893
15973.336
16396.206
16939.508
25966.619
26424.285
17261.135
13563.567
14462.537
23006.158
15215.844
17475.541
17150.002
12082.789
20199.086
22613.778
17965.068
20612.664
14426.673
14204.781
22877.938
20444.837
13105.145
15573.329
16089.77
14752.886
17094.593
13744.847
14972.212
17956.578
13467.586
16168.113
18810.591
12199.583
16213.627
19116.274
19076.649
17784.895
17080.642
12868.822
17097.314
