27.706264
41.968317
63.148536
71.324092
28.781361
87.337992
118.98864
301.73215
27.287234
165.83309
31.879673
32.450522
33.682581
32.931126
269.55022
47.851271
51.912627
24.484124
22.892869
28.356961
192.08226
30.88149
18.859998
17.698338
31.824674
20.740339
35.163919
266.20142
78.702493
108.84176
34.067912
31.119955
337.83827
109.69384
224.51374
47.725561
120.48413
45.113379
94.457492
123.9984
358.76106
27.87752
38.564601
80.776046
225.3217
43.321769
24.30021
21.397453
112.89518
53.019889
294.42069
