14741.885
14205.508
21684.189
6213.0162
10981.9
18715.429
26084.223
11508.742
112445.12
14622.01
14264.221
14255.566
32356.039
39191.856
59461.832
20226.09
15583.126
27083.264
12834.194
61485.025
84962.348
48030.95
37882.831
12394.328
17528.321
53069.029
25865.974
100838.89
8025.8707
14092.195
35325.435
31108.689
55298.683
38620.806
10974.261
32529.141
16986.585
24814.16
9277.0634
158727.56
6348.2381
55949.213
18347.332
26662.44
107383.91
42979.747
9426.1067
16804.531
17948.092
9159.4185
14363.679
