1864.2685
1784.4133
1673.0695
1739.7451
1753.692
1728.822
1679.3896
1623.4549
1811.8222
1788.2471
1815.2267
1784.8024
1803.4582
1821.1212
1601.4425
1787.1482
1841.787
1830.1093
1742.2424
1778.9936
1753.3212
1625.1927
1724.2432
1633.8299
1883.1309
1771.5083
1810.6098
1805.1297
1753.3561
1923.7258
1725.7491
1770.388
1669.2948
1795.4696
1718.9814
1859.5031
1695.9497
1767.8752
1780.6889
1859.6958
1772.4718
1712.0277
1782.135
1730.9541
1806.1995
1828.0263
1732.2333
1672.0813
1891.9022
1835.4632
1916.2554
