1003.6992
929.84936
841.26012
1197.2434
1197.7861
1039.8854
667.15836
939.64623
874.02716
816.99686
1214.9174
1090.2733
741.19841
839.74893
1103.1576
948.15735
989.78651
1704.789
1825.6964
949.88857
835.58911
2025.4782
1169.677
1203.5555
1132.2199
898.11578
784.50692
868.98177
1463.5835
912.42966
1618.7296
1002.1161
1588.1585
827.207
1172.6449
885.12495
1203.8746
962.75039
978.11173
925.10265
1489.2155
930.44082
918.72108
676.18846
827.16234
1038.0105
1101.3053
890.04852
1376.8421
1239.2873
791.26319
