88.078566
89.558339
74.116167
96.597552
48.818334
131.84679
43.736596
98.959558
33.499763
68.411473
74.595459
64.707677
185.24318
45.95971
133.9959
95.837229
174.35577
160.98558
59.359936
80.727206
28.071029
300.44438
90.933806
145.47727
137.54612
146.40298
79.331574
50.46846
122.76458
185.66687
160.78179
61.577133
58.170415
33.803464
49.613411
53.808403
80.999983
89.195763
90.418311
77.503307
61.960445
48.821665
58.940336
81.270699
139.16139
48.442978
77.999653
81.743914
155.50416
129.57633
202.74212
