153828.34
198767.0
165142.13
168509.21
154260.35
200127.53
143613.32
188277.19
178281.74
241949.75
225414.8
183002.19
196069.06
192498.94
200927.27
149730.9
190483.56
185023.12
164784.81
150468.38
233522.47
194160.15
205507.6
207383.42
152964.58
199075.05
171784.76
187750.98
224282.88
184531.04
204580.02
217334.94
248034.65
177615.78
203505.4
178413.71
114950.16
185178.28
210668.76
177379.0
182501.87
199952.78
198166.65
186675.63
154117.5
167789.32
150407.73
181872.49
153579.06
233515.2
224071.29
