1.641187E7
2.5730437E7
1.366699E7
5.0944439E7
4.365761E7
4.7435622E7
2.0432383E7
3.9151914E7
1.6146126E7
7068421.2
2.0384757E7
5.6152949E7
2.177781E7
1.7411783E7
4.2700254E7
2.6253737E7
2.0410058E7
1.9807249E7
1.8883896E7
2.9188254E7
3.5816811E7
3.0603754E7
3.7176447E7
4.6560648E7
7739078.7
8.3969085E7
3.9981176E7
3.90552E7
4.8841678E7
5.7964628E7
2.5721024E7
6.8908743E7
4.1227716E7
3.2187797E7
1.3479944E7
6.4458353E7
6.676833E7
2.4766519E7
1.1717874E7
2.5006357E7
2.9718934E7
5.3028165E7
3.0861369E7
2.8397987E7
4.9088826E7
2.0949838E7
4.2057455E7
2.1993525E7
1.5612539E7
3.4634837E7
3.3495596E7
