205.65471
221.75208
228.13648
198.12761
214.15962
211.77599
205.80764
178.68511
234.44378
211.28847
216.05651
252.78003
194.41216
225.00662
243.24598
185.90418
188.12395
219.54031
242.26406
215.74208
176.10731
201.26792
203.86002
182.11314
251.05226
191.02015
197.57292
211.86118
209.56065
201.42195
193.28709
216.81575
236.26183
235.25027
238.94669
165.67861
232.49554
184.72596
159.70259
202.16374
194.58694
173.16119
257.13099
274.72386
176.31969
211.08311
198.74857
240.59234
226.46616
182.14133
234.90099
