8281.9205
7593.3394
8600.1854
8418.2735
8477.0561
9850.3069
8162.8068
7374.326
7330.7512
9592.3214
9655.4543
8884.1504
7427.5668
7166.8955
8269.4723
9115.7516
9112.6828
8183.286
8381.2079
8436.1963
7939.3613
7376.8165
7191.7348
7431.092
9575.1093
7726.693
8378.027
8380.465
7209.1898
7931.7782
7366.5365
9213.166
8778.1336
9338.8276
7553.8487
6873.4822
6405.4567
6863.3391
7562.1156
9108.4368
7368.6103
7119.9536
9019.8415
7149.6237
8197.2588
7800.7968
6728.6936
7616.0367
7415.4972
6912.923
7733.5604
