593.688
607.26199
615.35555
691.37762
611.7311
699.50829
698.14496
610.44685
750.65684
806.84357
635.41269
637.17869
684.21568
660.3717
684.06044
760.29884
834.53132
597.20553
638.73783
713.10736
824.98739
804.77309
845.89307
816.72176
574.8093
694.241
692.81764
719.05488
881.10039
575.26124
904.4671
687.62882
694.96675
534.08946
816.54152
739.97014
667.91516
602.50202
600.75868
684.95716
487.09004
973.60755
693.63342
681.30485
758.19335
720.8485
649.1327
677.25938
696.53491
853.18166
728.00365
