531.41998
630.53065
596.25626
587.11709
515.63894
529.65141
571.70634
636.67448
531.89783
537.03514
540.81563
660.10655
548.01366
555.61659
574.41799
572.25662
641.11641
537.46678
560.04748
545.07205
516.04788
488.54868
560.13609
511.89487
536.122
708.63315
488.26398
593.03627
583.55487
580.27296
538.74996
500.50338
501.51496
589.17125
539.33702
523.00718
523.65294
564.32387
619.35608
606.77607
651.80077
575.95578
642.78439
515.86373
487.43684
588.30734
565.83984
639.79799
624.77317
605.07537
587.19802
