604.77223
456.24315
1307.156
1144.4051
1269.0924
1422.3957
1534.2434
1136.9386
1674.4807
742.91518
1217.4071
1066.3698
1635.9251
1305.4504
1825.1618
1357.0988
1035.0387
1551.4426
1411.4301
901.76463
1378.6551
1333.8904
2085.3106
1643.4648
1868.7092
1168.4305
1076.1563
1493.2362
1753.5083
759.79698
1668.1587
1250.4511
1763.3591
1576.1402
2259.0974
1279.8453
850.25942
1109.3573
1394.2793
1721.8427
692.22224
961.5949
1265.8489
1254.2121
1507.7904
2168.9789
1298.9868
871.79572
727.68939
889.70382
2102.716
