422003.66
679660.64
827767.92
416176.5
747719.61
285904.44
332847.38
575768.78
613705.88
572333.96
469510.23
272874.45
451215.89
567159.7
418577.19
357568.78
638997.02
586722.12
578396.21
680852.01
627566.42
334657.75
385279.91
248693.93
704632.04
196114.45
839665.13
924600.68
618830.85
457422.15
332693.46
177876.13
449665.97
518854.02
186784.84
241922.75
460461.78
480272.96
628193.73
698823.28
320058.4
233540.28
576930.03
717032.39
322098.17
359392.62
583707.16
467888.65
575070.24
490639.15
294751.35
