1267.1834
1337.1289
1150.181
1239.232
1248.4752
1189.5707
1345.5223
1301.4141
1489.5955
1205.26
1249.3797
1301.924
1148.9115
1405.4685
1316.6305
1240.4156
1348.0782
1192.4161
1287.1644
1290.3952
1197.6023
1282.5141
1241.8616
1349.4238
1451.8828
1359.331
1314.549
1440.3318
1191.3314
1248.4433
1278.6472
1128.2598
1239.4201
1143.6431
1192.9715
1117.4575
1188.7885
1254.2153
1145.0682
1249.7204
1333.5572
1073.8516
1204.9795
1292.3297
1192.1225
1150.6678
1127.1294
1260.204
1009.9795
1215.9489
1273.6692
