1598.3001
1507.2818
1283.7184
1316.7454
1350.995
1505.5131
1894.1887
1342.3853
1582.0063
1186.5006
1002.7208
1655.0161
2068.5425
1948.833
1627.1239
1804.5701
1923.254
1348.2661
1600.749
1363.8351
1544.4674
1627.8852
1254.2627
1537.5297
1870.4379
1580.3558
1491.4479
1833.1772
1438.7642
1804.751
1706.6984
1195.8215
1398.9193
1636.9328
1834.7435
1008.5881
1992.4987
1694.4961
1630.1995
1190.0112
1747.7163
1224.3993
1827.9817
1625.9719
1618.2949
1223.6121
1864.6094
2009.3475
1445.3133
1419.9832
1607.866
