20.343847
23.97215
23.970088
18.310301
27.119651
17.231933
22.600824
35.89476
25.343051
22.719365
40.537769
17.718817
18.944743
23.191506
21.136361
12.103381
18.236598
19.613104
24.462879
25.421455
22.067261
26.214656
19.036917
25.05095
35.495567
24.379473
23.433247
11.540662
19.986181
26.974965
28.237204
16.707312
23.686309
14.060233
14.435757
25.088047
22.587579
23.705432
19.763184
26.782044
26.522882
21.180384
29.153212
32.030689
29.188508
23.817446
33.86513
24.067492
23.312197
14.644585
12.504636
