7.4990868E7
1.1876832E8
9.3502173E7
6.2063547E7
8.82227E7
1.2222444E8
1.6496297E8
1.272183E8
5.340007E7
7.0071129E7
1.1796147E8
8.3745577E7
1.168708E8
7.1436109E7
1.6298207E8
8.6739465E7
1.3554433E8
7.8092153E7
1.4266683E8
9.7359676E7
1.0253397E8
7.382966E7
1.3717503E8
8.6879146E7
1.4228655E8
4.5494911E7
1.0568051E8
3.7345796E7
1.1454404E8
1.5315996E8
1.7214992E8
6.0558922E7
1.1665133E8
1.874242E8
9.576947E7
1.5145799E8
1.9412634E8
1.2479681E8
1.4428541E8
1.3655256E8
7.3107854E7
1.2876556E8
8.2151998E7
1.176484E8
1.1537684E8
6.9476378E7
1.7975194E8
1.2751131E8
9.8630476E7
1.0869004E8
8.4344837E7
