447969.85
184670.21
54852.081
106440.92
46533.277
220471.5
24181.203
164971.86
306057.05
49972.897
508035.45
75188.847
125356.0
100229.55
87985.969
39826.64
201129.12
167331.74
74496.071
85436.487
251248.55
72744.007
68604.972
143310.51
62871.389
196519.84
80034.079
82170.467
31095.346
112394.64
60758.757
87795.083
15822.448
238625.01
10595.831
123931.63
271050.66
141321.64
274681.95
63658.749
43657.845
126465.57
142183.03
56469.287
104466.13
55531.569
38588.236
63525.808
87429.185
123162.51
90742.983
