620.50232
732.62178
587.75268
848.72106
871.63228
266.69737
720.24055
980.31803
673.15352
454.62455
841.27314
1249.9934
414.32192
608.52758
715.50457
650.78321
279.73675
827.73163
1025.0278
611.94414
482.39234
391.3622
216.15105
728.83923
620.14424
614.02304
734.63894
724.6673
871.31697
384.54245
936.0283
569.848
491.14227
1016.9987
736.23093
280.81476
714.77869
586.17197
525.83777
843.4016
997.03621
687.4553
828.03916
450.9858
453.60771
403.05449
719.21253
443.72928
780.87695
684.6287
1048.5605
