743.7248
653.34838
720.42089
725.1252
714.97768
673.94074
712.74571
724.95619
632.94139
708.02167
677.24899
688.03567
774.37273
683.50112
696.28972
676.36029
666.38525
753.29427
765.62237
691.18837
726.45646
740.9312
660.32401
710.24117
732.03604
718.50672
669.72737
652.12355
763.90151
673.73127
722.03912
597.26938
709.75318
680.69124
654.15738
617.25944
652.90447
748.55395
684.25305
675.96127
620.7538
713.37058
690.74947
718.9511
737.83427
741.59996
720.3301
594.8901
665.62555
643.42847
777.15712
