4383.9533
7195.5451
4032.5228
4756.1481
6619.3257
4019.8678
5933.5752
4160.4378
5006.7715
7566.229
5219.2654
7218.3924
6973.0509
4310.1272
7473.9037
5775.0641
7493.4844
7370.6802
4403.164
7294.0874
4848.2452
5097.1143
3727.6651
7349.5455
3393.9888
6567.7344
5558.0285
5702.945
5176.5173
7171.5737
5238.3993
7086.1844
6804.2945
4724.4619
4363.4869
5371.081
4561.0856
4137.0093
7361.1071
7573.4322
3859.5013
4941.6531
5421.233
6879.0064
5048.2802
6963.4307
5931.6893
7047.2591
6672.5869
5772.2306
7512.724
