756.3389
720.624
766.07071
709.9865
758.33152
751.74254
720.11738
745.99562
728.54724
759.49077
747.17792
770.54036
746.73861
738.93964
731.82969
731.88984
713.61498
737.02871
714.2046
757.6025
752.12525
716.66584
740.73768
742.27759
753.48165
752.80947
734.16022
680.37302
738.93336
752.27484
742.93314
700.93504
730.74449
726.56096
729.31748
706.20747
730.14123
700.66767
759.23697
746.76453
746.01018
725.4096
732.67754
766.93803
756.50219
761.06443
724.29667
748.85962
683.09294
739.74624
766.41897
