1.7717003E9
9.8238676E8
2.2222685E9
1.5489841E9
7.3106945E8
6.2835357E8
1.5247898E9
1.3334024E9
1.7711931E9
1.1531507E9
1.5346321E9
1.6772097E9
1.1608161E9
1.1377511E9
1.2593049E9
1.0328263E9
9.7967842E8
1.8986378E9
1.4465039E9
1.8779279E9
1.2814746E9
1.5016633E9
1.6563349E9
9.7116971E8
1.9969226E9
1.6988632E9
2.081624E9
1.7120513E9
1.5029644E9
9.3161479E8
1.3503596E9
7.3197673E8
1.9447813E9
1.0985908E9
1.8396578E9
1.2233232E9
1.4075269E9
1.0590397E9
1.6546359E9
1.6824E9
8.1833942E8
1.3756824E9
9.1029444E8
1.9774824E9
8.2040904E8
8.9009229E8
1.7080856E9
9.0794891E8
1.1215958E9
1.0507743E9
1.5215028E9
