37.790262
35.501032
31.735749
36.697869
28.58678
35.038035
32.961445
31.357721
35.505249
33.038907
33.366656
33.918306
29.857342
19.002806
28.097847
35.32863
28.811363
31.980625
30.280723
32.486899
27.842908
28.579723
36.493587
28.281157
28.114278
29.307752
32.223391
29.594104
30.9195
33.660165
37.299167
35.78014
31.01625
23.846121
38.725227
37.250603
29.695182
26.017188
28.583663
33.53004
32.565669
30.940855
21.551637
13.15585
38.093534
38.032165
37.161337
32.178853
36.782814
40.984495
42.921443
