647.96293
752.01381
689.53167
662.27217
566.90522
718.69744
485.99962
696.6237
709.34539
752.48429
852.57179
577.3385
725.80493
768.42417
715.11408
756.77178
379.70822
653.35937
726.05557
639.58218
575.42284
525.71852
555.62959
619.89714
691.86234
592.9029
640.24196
723.37668
574.42844
824.20949
741.34882
692.21574
510.79463
663.53555
774.32059
674.42391
694.25314
716.01171
479.28558
471.01351
750.0426
730.23096
598.65012
854.93145
807.19873
615.53356
519.18241
446.84165
682.04732
616.51926
424.4283
