663.81584
665.11217
641.5144
641.9851
664.75315
660.07398
679.51292
641.86215
651.96878
659.62072
688.16853
645.35592
698.68683
654.22628
643.90819
673.53817
646.28708
646.60323
650.80039
638.14161
645.05694
696.0417
634.07234
635.84163
645.08382
621.58435
675.43176
658.92011
625.00656
634.04567
668.57631
652.61968
694.0827
663.49221
665.63284
707.97302
639.01572
634.20324
637.89925
636.82447
639.60139
664.08126
646.28401
652.6252
636.26496
676.03686
642.75337
667.09413
639.14327
675.04303
650.15282
