11764.537
14876.663
11782.082
12374.495
14962.084
14859.738
12761.225
12574.757
12157.679
11314.576
14808.816
10669.426
14266.682
10695.254
12606.689
13691.378
11631.185
19084.921
12364.728
14567.415
12465.299
12201.489
11883.018
16628.915
10862.593
11014.932
9942.265
13858.273
15085.837
12145.166
9300.1177
12865.452
18827.403
13402.787
14360.758
14450.005
13348.317
14030.514
12118.991
19284.418
11530.284
13277.606
13567.41
17658.504
12220.253
14108.966
13668.596
100.00002
12124.005
15865.377
100.0
