1114.414
1094.1705
1093.1547
1135.4138
1089.8947
1140.7123
1117.7888
1100.5611
1116.2019
1139.3154
1106.0398
1129.3918
1099.8212
1122.2415
1148.7524
1109.549
1121.3555
984.04385
1089.4133
1102.7413
1147.3046
1135.1215
1143.035
1063.7468
1121.6484
1144.6785
1085.8361
1101.6736
1105.6371
1095.1743
1065.9813
1072.193
1140.403
1101.5847
1132.4439
1135.9574
1119.1006
1111.3485
1089.1727
1121.3005
1115.7672
1139.8107
1067.4024
1124.5519
1080.456
1129.2944
1084.8014
1145.5892
1033.444
1149.3603
1065.9789
