2120.7624
2135.4879
2215.5298
2529.0455
2428.1116
2112.5711
2296.1934
2355.1003
2024.2191
2424.8286
2064.0184
2175.0246
2444.8514
2215.8635
2136.8502
2119.7281
1968.8705
2110.1949
2167.0787
2109.1566
2251.0021
2291.6986
2044.5786
2297.2353
2590.7626
2288.3266
2488.4505
2263.5814
2313.1972
2090.2451
2257.8025
2254.3266
2269.9683
2161.2538
1910.2038
1943.5562
1929.0242
2465.4646
2564.5572
2220.6621
1900.188
2094.2201
2254.5662
2122.6244
2052.5187
2308.6992
2066.1996
2179.93
2360.2076
2456.7307
2528.9022
