7725.8983
8016.2641
6765.0829
8094.7207
7198.545
8266.6585
7016.0636
7610.8248
7053.1698
6446.2325
7651.1721
7294.6476
6550.3381
7856.1657
8393.22
8527.2413
7823.9336
7289.8058
7220.65
7704.4592
7205.8523
8124.3546
7035.9283
7658.9483
7631.4583
7119.456
7727.3437
8034.4811
6874.6893
7519.258
7412.9326
7356.867
8103.0131
7998.2427
8014.0374
7011.7353
7644.865
8016.3221
7033.252
8559.4374
6939.5436
7208.3676
7062.0561
7210.0823
7712.1418
7568.7646
8744.0725
8144.7181
7860.6766
7440.6251
7387.4645
