2251.9425
2210.1765
2447.5239
2142.0874
2065.4004
2290.6455
2233.7602
1805.619
2033.3143
2311.6946
2283.0347
2000.6109
1965.6427
2123.2649
2329.9173
2061.5068
2129.7069
2386.0714
1965.7471
2228.1732
1804.1899
1550.2119
2363.716
2046.6341
2290.862
2007.5525
2281.8199
2093.2779
2249.6604
2284.6574
2312.3433
2241.772
2114.8248
2291.6885
2256.6745
2156.5105
2267.2124
1974.8949
1940.8061
2246.2739
2344.677
2085.5282
2284.4069
1884.3327
2139.4762
2150.3543
2064.6036
1687.8572
2195.1666
2184.7025
1687.152
