17702.12
28891.275
21315.615
28784.042
19583.036
24023.331
28732.764
19114.992
16294.753
18767.132
25925.354
23792.066
30666.846
26820.326
20815.275
20076.221
26410.184
20583.059
26291.71
20058.157
28386.457
19928.407
20656.398
18706.001
19803.166
28287.405
28465.468
21444.836
23516.085
22298.86
28370.346
27965.301
23439.778
21829.887
19125.913
29809.817
19923.187
22068.361
29183.145
22905.641
20154.905
28990.42
22130.532
18998.614
18300.133
19327.103
19739.997
967.72181
20147.37
21345.838
247.96376
