546.20514
541.30924
549.17538
549.45275
543.44409
561.29823
543.31182
547.88308
543.76377
549.78347
553.18239
548.5396
548.39767
551.93179
546.54193
552.71901
542.31003
540.81197
543.96969
543.38374
555.29129
543.09192
545.84667
550.91073
552.17258
545.63381
552.92832
542.4676
546.13533
541.9891
549.54323
543.18018
547.80217
551.56227
553.68764
548.43563
546.06438
548.75744
542.96831
549.45158
538.65883
548.1682
550.35774
557.91472
549.76193
535.57362
546.54705
538.99056
550.00235
544.27493
548.91562
