1.2471808E8
3.5416576E7
6.3036257E7
2.5550494E7
8.6626278E7
1.0240993E8
8.537381E7
4.9071005E7
1.1356853E8
8.1295921E7
7.5383672E7
5.8543742E7
1.1812735E8
3.8302587E7
4.1227997E7
4.0246271E7
3.5553924E7
1.1454043E8
4.8022971E7
5.9903533E7
4.6484467E7
4.7837758E7
5.066029E7
1.0209796E8
9.141728E7
1.0567504E8
5.0485084E7
5.5347229E7
8.4125628E7
4.2696679E7
8.4664492E7
4.8742594E7
4.7254785E7
9.9871125E7
4.0794052E7
9.674348E7
5.9215947E7
4.9380162E7
5.1726534E7
2.2122939E7
6.8838622E7
2.6527251E7
4.8377621E7
7.8331949E7
4.4257116E7
7.0712001E7
2.9510208E7
5.496899E7
5.0207161E7
1.2657407E8
7.6589808E7
