5.9643839E-5
3.8349288E-5
4.7006149E-5
5.3614346E-5
4.8113334E-5
3.8315152E-5
5.1132117E-5
4.9082155E-5
4.7312172E-5
5.4231253E-5
5.2707419E-5
3.6586079E-5
4.0850847E-5
4.6337529E-5
4.3228847E-5
4.3108784E-5
4.5478838E-5
5.4691174E-5
4.7038859E-5
4.8054041E-5
6.2114465E-5
4.836779E-5
3.9924431E-5
3.9268083E-5
3.5451021E-5
3.8993658E-5
3.6250931E-5
4.3725465E-5
3.7891246E-5
5.3906732E-5
5.9305686E-5
3.3743858E-5
4.876814E-5
7.0802324E-5
6.998174E-5
4.7069406E-5
5.3596054E-5
4.2874793E-5
6.8975356E-5
3.7698508E-5
5.5785191E-5
5.7674481E-5
6.7312857E-5
4.2032198E-5
5.9058666E-5
6.4935637E-5
5.5496335E-5
5.8315245E-5
4.8599846E-5
5.3799252E-5
4.5160457E-5
