763.8529
933.30587
862.54389
680.51263
784.17669
891.37806
848.65915
747.29822
688.74212
893.36698
804.26528
693.35368
733.84663
809.35099
796.1455
824.88491
766.93154
725.36022
832.60846
782.22285
868.67339
749.24659
858.40188
813.12154
832.65307
773.78864
877.31287
851.30008
777.29498
665.50834
833.37185
845.4892
796.95031
846.92593
847.34844
784.06547
788.25045
846.95778
807.76249
759.8621
928.28497
862.76292
779.67139
824.38372
768.32227
769.60395
870.93993
875.55982
724.6313
905.68327
754.11
