174.19875
180.93037
164.04153
156.68046
134.90445
157.69342
275.78739
232.59219
219.09908
203.28303
164.26252
131.77043
206.23287
234.58697
186.25584
222.23854
163.18328
189.538
123.4651
172.09852
182.22094
227.32551
163.62692
199.0219
202.59191
198.8602
83.359506
139.79115
201.09192
197.97948
69.302142
121.47841
243.12531
157.71701
189.76292
125.50772
148.19255
148.54053
192.60794
191.96504
85.726009
130.75503
106.3214
203.49305
141.59781
198.19913
107.77101
111.73335
110.5297
105.31368
180.07258
