3.5499748E8
4.7260746E8
3.8006052E8
5.3449783E8
4.3612364E8
2.4581893E8
4.1161382E8
1.8399599E8
3.4182703E8
5.9137854E8
3.9309734E8
3.01442E8
4.4683127E8
3.002934E8
3.7389184E8
2.9775984E8
5.9268252E8
4.6499306E8
3.1681215E8
4.6145086E8
3.3535733E8
4.1914274E8
4.1139474E8
6.7704379E8
4.3495839E8
4.4682391E8
5.5171736E8
2.8416356E8
2.6904289E8
3.2072352E8
2.9518215E8
6.6806296E8
3.3922773E8
7.4424281E8
2.7084692E8
3.0900072E8
4.8021203E8
4.7865844E8
6.2350684E8
3.5393799E8
4.3397215E8
4.3983428E8
5.0642025E8
4.0503039E8
4.0067539E8
3.612947E8
4.0356493E8
4.8655467E8
1.6011231E8
2.6232685E8
2.2926294E8
