497.24907
459.43602
503.09889
484.73293
483.29511
518.4618
500.62164
501.43069
508.89911
490.32245
512.49614
493.36729
491.94836
511.01991
508.34795
492.9552
488.64294
498.69016
487.43259
497.23057
486.51981
488.63306
499.64167
504.43756
485.89397
495.30991
438.32708
482.00933
521.42964
519.83761
505.59762
510.09487
497.39794
492.10476
498.72018
505.55126
468.02179
488.94494
485.38833
471.75406
487.47805
495.3869
518.31241
500.63863
497.34908
493.34071
488.55495
457.0497
478.93239
505.95604
515.58361
