208.13403
227.9825
211.86413
239.56964
215.0601
152.13008
213.24992
232.59575
257.39955
210.41149
288.45812
198.88878
240.77262
217.71889
274.45932
243.99389
212.5433
188.36972
235.62729
315.18473
218.06464
288.06198
202.9182
199.91912
225.60105
228.23297
275.00186
250.08904
253.34992
328.3448
293.4912
220.05308
252.78669
253.85568
230.65392
250.37047
223.49975
215.92992
197.45496
249.69702
291.16844
293.74035
149.22192
310.2977
226.96214
200.28879
249.18306
261.66349
303.92066
229.17965
265.38413
