158.53468
169.17001
164.63038
119.55214
99.421136
177.45431
59.026506
107.16232
121.06685
168.84263
155.51752
99.467897
148.85758
168.80232
180.39235
143.51224
156.898
173.83161
169.29889
90.396816
152.85458
127.01181
102.85882
152.62524
131.08546
151.84732
94.714359
167.42824
133.98421
171.09683
123.72666
173.72838
148.53384
172.97788
170.21193
170.79642
167.40194
124.42567
122.33997
173.15254
162.53779
165.00947
96.392256
144.21224
164.92955
100.35316
147.46837
126.39697
128.73108
82.373269
144.41709
