149.80077
28.512712
28.513516
28.527105
28.527152
30.510892
28.51377
29.940151
114.21936
28.517879
28.536804
29.759182
98.755444
115.5069
28.512727
28.512748
28.515835
98.745254
28.517789
28.531343
28.51454
28.531354
28.512717
28.512723
97.413166
97.413241
28.512742
28.516592
28.51281
28.51276
28.516435
28.512841
28.512714
28.600189
98.726013
29.385124
98.726587
28.518367
28.621554
158.43481
28.515835
28.525741
28.562503
28.513853
28.57243
28.512964
28.512712
28.512738
28.512889
28.568872
114.14515
