2801.6096
2657.7451
2776.6685
1974.2629
2663.7687
2268.2459
2502.5161
2459.2856
2476.492
1949.1875
2567.4443
1616.7226
2015.0477
2151.3403
1988.8476
2160.7273
2421.5656
2290.8879
2156.4464
2163.2587
1789.1358
2236.6266
2255.9228
2504.2089
2163.0452
2320.5893
1822.3003
2250.6603
2449.8887
2130.1025
1894.9314
1969.4053
1847.7714
2166.0051
2389.3374
2273.6881
2437.8423
2819.7698
2056.0403
1995.975
2563.1001
2260.5482
1738.0125
1826.5068
2215.39
2504.3194
2320.894
2279.3806
2130.2369
2520.2745
2493.1807
