173.47203
201.28235
339.10807
400.64625
231.47777
253.23077
434.39616
241.78178
342.24359
156.83331
144.84752
286.16818
293.67045
333.37452
154.24431
165.69267
216.66702
227.00981
249.20882
247.77602
213.43998
172.38635
247.90235
215.87648
229.37657
210.47668
277.29184
315.12275
151.1971
299.16036
324.99507
183.19141
152.12664
246.72551
221.79005
291.62634
203.84311
330.95391
299.50796
196.56461
299.76682
207.53967
287.32738
215.50587
293.67995
247.58581
133.90532
155.30222
216.89272
224.06941
277.73363
