1012.1798
1115.6202
933.03337
1241.5073
1024.7523
882.74136
1150.5007
804.25309
1148.8538
1098.4366
1042.8637
1333.0281
1427.6467
1002.0004
1099.4049
1095.9605
1206.7808
1117.3234
798.25548
965.20657
1236.0921
934.64508
941.42134
856.83003
936.16728
1060.4091
1298.4759
937.85624
702.83327
1476.9271
1146.7883
1241.7699
1247.9955
1109.0644
845.57356
1115.5378
1348.6351
1028.2926
1240.2806
1142.313
1207.6281
917.95264
813.57071
1222.2688
1115.9543
1274.646
1263.2582
934.75541
1099.3273
761.2373
1008.7984
