1826.5728
1659.4458
1372.5358
2514.76
2719.6388
2776.278
835.62325
1415.5623
2629.0697
2044.32
2471.7355
3285.784
3800.0172
1489.7263
2186.3804
2347.7092
2946.2326
1988.9553
2536.9221
1765.3553
2281.0132
1990.2716
1800.8679
2832.3029
2141.4247
2225.9186
2208.188
2084.449
2400.0092
1833.3364
4057.908
1937.1881
1911.0475
2397.9486
2260.0246
2434.3097
1419.3827
2387.8432
2124.4295
2111.0301
2018.9285
1241.8557
1959.7541
2479.611
2120.1177
1654.9969
2139.5063
3036.6659
3177.8817
2373.9416
2514.3773
