544.4174
524.35449
591.1395
557.97225
542.88557
538.37572
541.47896
528.74787
492.12448
541.15992
486.22321
581.10277
577.90947
487.50721
530.96452
539.77558
537.58867
587.21528
545.04926
536.08088
581.31228
537.04942
539.11173
552.17196
574.84832
549.23459
537.89412
537.6594
550.28522
543.9449
486.40948
588.06331
527.55201
528.73825
533.6419
539.73406
525.06513
489.04413
535.7419
533.17881
551.21683
542.13388
570.23931
566.26045
582.30214
544.60007
523.69521
538.15026
536.68338
488.27487
579.8347
