398.47453
442.94345
443.77677
404.53181
397.75116
397.86514
397.74789
397.74327
443.47357
440.41987
443.44824
443.62797
400.06
443.77175
398.21587
397.7437
397.76385
397.75276
409.13496
398.71743
397.75603
431.19083
398.18206
443.68305
443.87128
417.59258
398.44496
397.74572
399.46418
397.74417
443.74054
443.7728
443.47867
414.44351
398.14619
397.7566
443.54173
399.58665
397.74425
397.93136
443.44985
443.48973
399.60074
443.79983
397.75054
397.74313
397.7453
443.85472
409.97681
443.63542
397.75558
