83.081953
72.039746
77.172282
79.10243
141.82106
71.831338
68.715043
71.251706
85.161025
86.999296
89.289218
63.666691
74.119757
82.595948
64.291988
74.665857
109.42141
52.10014
61.9388
83.602427
94.133854
73.649842
92.775925
77.047299
79.754733
83.959294
160.48988
76.680799
70.542859
61.746468
84.372007
81.166553
60.436385
72.576176
68.672696
65.298933
78.367211
80.845941
75.145705
75.834082
69.419056
78.731455
69.987684
86.759987
76.782394
81.479466
75.581798
78.427315
77.640644
52.823358
134.87562
