13.970329
17.092034
13.147804
10.607363
13.562958
18.98218
223.77232
25.55247
11.353337
66.828398
17.901617
17.635405
17.017566
209.80842
103.67698
25.678589
12.122957
10.834536
15.927881
14.306763
17.251113
17.586716
19.018996
21.232495
24.341579
40.972696
20.778669
11.922295
19.794515
188.75286
13.084835
14.326754
17.740444
26.820887
16.616425
18.742831
11.39627
16.589129
18.98015
11.599208
18.367172
114.86721
27.939488
13.387409
14.094566
19.484644
16.295138
74.589005
18.623774
23.93617
20.978831
