98.270074
43.778168
73.396168
77.375822
59.697478
43.547477
58.702514
51.50714
69.647048
51.737836
55.717621
50.742851
64.672182
141.55629
55.486951
33.828593
57.707474
71.636885
50.51218
65.667197
63.677248
49.747918
52.732709
138.57145
75.386061
41.78823
69.647069
56.712586
60.692427
88.320534
55.717642
80.360872
59.466762
52.732749
50.742872
75.386091
78.370958
75.386091
56.481849
61.4567
77.375984
39.567646
70.411296
81.35579
70.411336
57.70754
51.507109
76.381025
71.406245
62.451674
67.426439
