258.35121
240.177
221.67782
237.45507
245.97283
238.83276
227.59982
251.2597
255.026
235.47242
235.5716
256.79157
253.69537
239.63909
214.78069
236.9681
232.59965
229.27999
211.88143
231.15116
259.61196
232.73053
230.55433
211.25598
240.85125
240.54509
253.59673
236.87946
250.52968
264.69817
255.68331
260.97638
204.93289
246.78735
240.38546
223.10418
234.28174
258.12269
235.42066
233.65237
257.94422
244.0042
211.19887
228.86095
249.69067
216.41967
217.10694
232.51881
244.64968
224.87517
252.31108
