32927.299
31979.111
32229.897
32405.204
32248.349
31413.274
32131.78
32662.809
32987.724
32073.326
32503.608
31861.701
32020.688
31943.747
31393.252
32146.306
32368.808
32648.165
32066.63
32770.159
31869.744
32117.694
32562.067
31991.127
33062.287
32609.7
32978.992
32128.035
31827.681
32473.917
32383.693
32210.663
32033.847
32084.512
32001.589
31923.115
32477.332
32325.516
32339.755
31875.568
31875.006
31882.398
32291.743
32453.313
31690.609
32577.337
32090.961
31774.232
32826.433
32397.054
31803.611
