220.03379
199.24906
209.33559
204.21583
211.72689
207.23204
216.89618
211.20056
214.23497
208.18259
221.5228
217.62626
207.97306
205.04249
192.13531
213.56598
227.75438
210.903
219.71852
189.14933
211.23633
218.91204
215.57779
202.53344
202.84177
203.97334
203.29941
208.57073
200.16925
207.61082
209.89816
218.06219
216.48261
200.41765
203.97092
218.91057
199.08359
213.74271
209.67251
186.77066
208.75534
199.3935
192.79849
210.02789
177.58703
213.64044
214.4493
223.74759
199.76752
219.53095
190.97104
