947.53449
967.14189
992.38876
955.66624
953.80884
966.80762
934.72725
970.01789
947.17727
978.98967
923.90461
968.78604
986.90875
976.53397
967.37174
990.29122
986.76591
997.01508
953.77573
955.98735
954.73907
969.03243
967.04629
998.74303
986.18904
967.73478
985.03501
981.37978
967.83047
969.03869
959.0569
1000.214
970.37217
980.06541
965.7492
970.97478
967.36674
981.43814
986.62417
977.18258
1008.9431
976.56886
971.90181
975.37993
983.98413
964.46834
989.36523
985.15996
949.06708
978.25695
968.51846
