229.12322
254.43032
264.60585
295.23476
209.80016
267.55568
292.67898
206.69836
329.08832
233.46317
228.19207
172.14144
284.99445
217.06066
194.53679
331.13504
233.81302
294.48062
278.97712
358.15868
364.01594
291.95469
300.8493
313.46433
269.57883
271.60072
276.85717
251.16117
238.60134
213.98658
224.17882
210.20829
251.87724
273.24344
351.55603
225.7313
236.79411
292.12158
379.58415
209.19879
246.58262
357.97694
311.73068
230.11998
331.4016
158.54817
275.06927
197.63204
296.13582
297.85262
156.26466
