0.49347603
0.35238291
0.12249141
0.50558821
0.49993576
0.71420608
0.50246324
0.026221806
0.51943036
0.24968699
0.44540338
0.9354355
0.50465215
0.38876309
0.40029037
0.56685686
0.31632814
0.4054282
0.41232402
0.2703879
0.23299541
0.46587631
0.10111776
0.48585321
0.21321884
0.35812491
0.45957531
0.50378769
0.048581207
0.25632128
0.48293651
0.44217116
0.48470265
0.42922894
0.07999029
0.49071588
0.41858319
0.1094916
0.37087921
0.44345893
0.50039346
0.66507534
0.63538032
0.55918713
0.73519521
0.033329621
0.20510765
0.69889344
0.71948559
0.64468439
0.3625413
