1518.1951
1886.1003
1914.8751
1883.8082
1895.9528
1917.3174
1630.1109
2164.9237
1759.3937
1797.5118
1668.005
1385.641
2245.2469
1671.3206
1790.3559
1996.693
1755.6548
1642.8681
1562.8028
1859.1688
1723.8487
1675.8411
1747.1798
1937.2163
1535.9297
1825.5675
1508.5799
1782.7804
1793.5774
2063.8463
1882.5027
1856.2449
1682.9236
1863.7971
1817.7634
1809.4353
1597.5236
1791.7312
1746.341
1795.518
1484.4635
1820.3286
2123.1077
1951.8327
1927.8929
1891.4766
1912.2213
1818.6442
1876.6336
1898.3884
1873.2469
