35610.943
44886.152
34013.887
44544.449
40577.657
40484.014
46927.11
41505.494
41121.97
33307.228
45101.857
44701.135
42449.793
40721.613
46568.794
37211.632
46180.06
47926.665
48543.875
44577.078
47500.433
43030.205
42577.169
44324.386
32292.839
45901.102
46297.25
38463.598
42879.339
38059.134
44960.978
47304.012
39381.065
48429.86
43836.225
42477.122
49581.761
48150.808
41647.18
38700.95
51212.499
49890.867
48598.67
44875.828
38960.515
47018.368
49375.541
49705.583
40795.794
39860.85
47267.416
