4.9684993E7
5.2085405E7
5.6145877E7
5.3749719E7
4.5828433E7
2.6720106E7
3.9965314E7
5.4615886E7
4.2767104E7
4.4731087E7
4.063141E7
3.4763158E7
5.6718937E7
4.374026E7
3.1849215E7
4.9189596E7
5.6514317E7
5.1536665E7
3.6795409E7
4.7262165E7
5.1049555E7
4.651997E7
3.7523041E7
5.1751406E7
6.225899E7
3.1729808E7
4.8426341E7
5.2341066E7
3.2615459E7
2.4192379E7
2.5300434E7
3.14436E7
3.4721017E7
4.7555698E7
4.9518584E7
4.3984274E7
4.8372937E7
2.8341732E7
4.9117023E7
5.1868252E7
5.104767E7
4.9583223E7
4.6605199E7
4.1076765E7
3.792049E7
3.9215086E7
6.7294441E7
3.5697079E7
4.32845E7
6.3269513E7
4.6503052E7
