4620.9336
3406.5756
4067.8276
3422.2507
2853.8293
4825.9732
2748.9397
2948.0283
3610.7122
2728.1065
3192.9211
3225.1785
4509.4023
4564.6155
3637.2372
2821.5823
3766.2105
3338.6993
3770.7321
2398.3651
4327.6893
3818.2051
4058.5139
4111.3839
5119.1006
5271.7969
3146.4742
3702.0259
4797.1083
3207.0812
5730.6933
6344.0181
3210.1308
3336.0267
2136.8746
3592.1325
3531.9068
4115.9275
3343.7736
4211.179
5865.9933
3889.7521
4265.1558
3488.8089
4194.384
3921.9323
3291.4144
4505.6669
4350.2379
4024.2233
3140.1743
