16013.059
47653.311
3150.0488
32764.15
10984.905
40801.249
31670.101
13878.318
10061.936
14380.341
64734.649
5755.0521
17013.758
26565.859
11213.151
32684.586
11496.584
17817.92
15715.347
21151.379
11358.785
29035.946
18512.424
19150.627
17304.823
15306.623
4897.7323
14242.947
4452.1842
11933.838
37114.713
11356.481
5484.0909
8583.9755
10772.917
19384.324
18718.809
23715.293
26744.951
7684.8421
10184.743
20206.626
20980.358
42654.688
15077.272
7095.7569
17376.604
90254.109
12628.232
29796.441
37795.812
