9.4510182E-7
9.0612787E-7
9.2353918E-7
9.3862218E-7
7.7633558E-7
9.0716094E-7
9.3753306E-7
9.8774257E-7
9.2536845E-7
9.4598528E-7
9.613583E-7
9.7384117E-7
9.6417369E-7
9.4362122E-7
9.1093119E-7
8.9124615E-7
9.0032086E-7
9.3890662E-7
9.7370332E-7
9.3478531E-7
9.087023E-7
9.1249365E-7
8.0078308E-7
9.0688769E-7
9.1149656E-7
8.7094236E-7
8.475327E-7
9.7027271E-7
8.8170003E-7
9.4317727E-7
9.8227747E-7
9.5994631E-7
9.1020172E-7
9.5368972E-7
9.6377119E-7
8.9656629E-7
9.229459E-7
8.8930062E-7
9.7618738E-7
9.0453625E-7
9.7019807E-7
9.6295457E-7
8.4480729E-7
8.4816566E-7
7.3861054E-7
7.8945658E-7
9.9399426E-7
9.1548134E-7
9.6800676E-7
8.5995299E-7
9.1539937E-7
