19.438288
16.761067
23.168668
23.698752
21.340671
20.107272
21.626081
25.200711
25.677609
24.997424
19.501107
22.669683
21.289687
23.131611
20.244759
23.879719
23.731579
20.912185
26.152204
19.827044
24.540492
23.835238
22.302117
22.816186
22.240148
21.42054
23.970528
23.461046
23.387143
23.345554
21.241025
19.848921
22.902248
19.26573
23.338656
24.920595
20.39658
22.789082
27.749024
23.651425
21.870089
22.073116
25.44899
21.035922
25.785161
20.573701
23.215744
21.311496
25.841809
23.277734
21.54463
