197.35679
216.22076
215.22142
225.70552
197.35681
211.57178
197.3659
197.41733
211.18518
216.4158
197.35746
197.35684
197.35693
214.47846
217.20672
197.3684
211.50787
223.20048
197.36302
214.0135
208.1621
197.35707
197.46478
197.35692
201.44136
219.88742
197.35703
197.3789
223.06962
214.89315
197.35684
223.66
197.36227
197.3568
197.35689
223.54292
197.37778
223.46909
258.97434
197.36065
217.76929
214.08922
197.35679
224.75145
213.76593
197.35678
197.35702
197.35678
197.35682
200.70073
197.36142
