1829.5801
4812.4123
3198.7155
3384.8361
2345.8457
2399.8457
1903.2229
2743.6616
3376.2397
2254.4207
3202.8604
2876.7555
4869.2548
3352.2035
2477.1773
2263.9291
4116.4855
3649.4734
4868.8288
3314.8886
2598.9417
1925.4867
1822.4289
2356.4457
2178.6637
3662.2661
2040.8632
2216.1901
3167.8158
2835.6207
2368.7742
2847.0774
3276.6386
2287.5546
1171.33
3503.2064
2888.1031
3453.6509
4100.8762
3572.0536
2664.906
3008.0088
3653.2819
4111.035
3161.4807
3157.2512
2252.9855
3841.0286
1313.5307
3702.2931
2950.1951
