4510.616
4982.585
4671.876
4810.8584
4689.7777
4796.2548
4675.8631
4690.4074
4593.6254
4650.1379
4484.7698
4593.9023
4831.1662
4339.6735
4656.8643
4329.9147
4766.8818
4325.6073
4579.067
4432.9039
4459.709
4636.9518
4438.7591
4354.3007
4617.5017
4198.7428
4792.5164
4431.9894
4527.9129
4712.6923
4384.722
4836.188
4394.0068
4658.7327
4100.3419
4380.4216
4168.6668
4033.1898
4625.3173
4662.3379
4005.2086
3770.6284
4782.2052
4003.7051
4783.8122
3786.0893
4562.8158
4305.076
4411.8102
4360.9654
4886.3398
