3000.4654
3403.5017
3471.0088
3511.8415
3522.8096
3698.6293
3732.9407
3648.8717
3742.4859
3465.8188
3839.9769
3643.5479
3646.6412
3541.0424
3883.9157
3494.4598
3650.4302
3907.0119
3768.0215
3667.9846
3653.7464
3761.7085
3376.2092
3851.1304
3673.054
3667.3326
3417.397
3753.3039
3483.5909
3173.0779
3770.9403
3585.5941
3823.0195
3616.5524
3663.7934
3799.383
3756.0496
3852.8449
3595.2262
3552.2888
3603.4101
3479.8278
3716.4468
3691.0988
3525.399
3792.5125
3771.7011
3613.1191
3655.4737
3521.8843
3698.2337
