34.284112
33.588781
32.559504
35.617078
35.77601
33.313655
34.620948
34.766178
36.671316
36.160285
33.336797
33.134611
35.992142
35.257728
36.347621
35.291458
34.731684
35.114811
34.735326
35.935657
36.311782
35.816974
35.860633
33.826827
35.349471
34.185449
34.249532
34.497683
34.096871
33.966301
33.884661
36.86073
34.532149
33.433676
32.861976
35.089419
33.133834
34.685258
35.08779
35.055508
33.262816
33.955883
34.517073
33.768767
33.616498
36.250129
37.805444
33.121244
37.728016
34.358237
35.757825
