2.2189371E11
1.7830318E11
2.0964546E11
1.8903771E11
1.9847473E11
1.9635718E11
1.5581439E11
2.0400836E11
1.7473029E11
1.6888429E11
2.0681726E11
1.8435022E11
2.0544396E11
1.7077859E11
2.0188196E11
2.0218088E11
1.7589449E11
2.0512869E11
1.9659578E11
1.8900917E11
1.8078469E11
2.1666157E11
1.9273334E11
1.8980481E11
2.1502326E11
2.157004E11
1.9740514E11
1.928818E11
1.8484217E11
1.9312433E11
2.0514757E11
2.0204217E11
1.9149492E11
1.81306E11
1.8153889E11
1.8069932E11
1.9318535E11
2.0641722E11
2.0760386E11
1.9298573E11
1.861506E11
2.0854567E11
2.1054623E11
2.2461676E11
2.0672028E11
2.0213036E11
1.9419635E11
1.951626E11
2.0383798E11
2.0097572E11
1.9369445E11
