295.29338
57.276171
97.692212
147.47028
71.952304
29.680345
62.791961
34.460424
65.372493
117.14154
19.183298
173.98095
6735.7114
17.657179
711.65631
69.48534
31.02253
133.5225
47.163572
82.44411
329.32215
17.812258
410.62515
951.72922
51.084266
1675.2813
120.69716
9.1662927
464.42659
502.16181
56.083622
52.893301
179.2642
128.90222
11.222615
20.152262
16.736569
139.22401
201.32229
544.25706
601.08905
54.800587
37.534319
45.551753
182.80109
31.447061
30.949346
213.87872
206.51041
106.77459
30.467436
