33647.414
33261.336
33807.927
33967.725
33678.917
32819.335
33937.221
33741.345
32859.741
33301.788
32568.219
32398.143
34100.952
33415.013
31694.283
33971.442
33807.019
33800.988
33594.368
33776.136
33747.396
33625.286
33705.278
34212.118
32976.308
33399.476
33572.442
33996.311
33674.15
33464.952
34272.731
32509.715
34436.163
34202.647
34207.556
33630.336
33132.439
33721.358
34444.584
33437.495
34200.986
33862.896
34456.248
33421.621
33655.142
32571.18
33783.115
33915.534
32629.848
34253.161
33989.985
