288.9198
270.64931
326.29182
243.00269
215.33559
216.15913
305.87427
339.91971
328.44072
321.93809
338.86731
336.05887
354.00562
281.88019
240.95133
327.13003
345.81214
269.76287
344.10801
337.23353
227.29055
197.67564
361.20614
267.60905
287.53566
345.1036
192.9898
328.77504
344.34411
338.74156
354.10443
240.88341
329.66545
353.37924
265.98292
306.87477
343.31222
347.77076
334.81924
335.27397
285.86393
248.28493
325.1837
330.23762
344.36262
215.31811
236.31765
234.82729
225.2594
338.91648
256.46164
