44392.159
47944.744
46687.482
48036.608
45665.397
48234.448
54599.237
42250.579
44342.633
47207.354
44603.197
43063.35
39752.383
48789.089
43039.183
49371.556
51207.404
46520.668
58036.938
40573.88
53547.113
48809.975
43968.122
49767.718
46088.479
43074.583
53499.341
52480.577
45080.788
48885.356
55925.566
50460.9
45880.927
52835.652
54139.422
47057.317
44895.051
47390.342
51572.256
49956.999
48434.575
49069.636
46132.262
48840.733
38842.357
37694.867
44952.679
48293.052
51112.156
45737.091
49265.839
