89.568218
82.779516
85.891746
87.608852
88.714764
88.204759
85.796516
90.29745
91.879937
90.124833
88.202838
90.0955
85.893457
88.05071
82.992624
89.271811
88.255769
86.452141
87.363785
88.865787
80.582957
91.348603
82.175237
91.198761
82.501327
82.283072
87.216946
86.960384
85.501057
83.174883
87.260409
90.056433
83.980127
86.672917
90.789501
85.351875
86.698318
83.360489
73.885501
90.386505
85.145504
76.641565
82.868178
81.333337
87.796149
84.172834
90.227046
78.653593
86.929963
86.197994
87.64337
