3.4583649E67
5.9080765E63
4.9571782E68
7.3734424E66
2.1410632E66
4.5596351E62
1.5155019E68
7.0448853E65
5.5009133E67
7.4948337E65
7.0857648E68
1.4701311E64
1.0782561E69
6.9112514E66
3.1555814E68
4.2767902E67
3.6064862E66
6.0734069E65
4.1833682E65
7.2756855E67
4.2961736E66
1.0646272E66
9.1478927E67
3.0120112E67
6.1326704E67
2.319424E67
2.114817E65
2.2516881E68
4.5953923E65
1.281897E68
6.2424256E65
1.8201341E66
1.5802798E68
2.0069105E67
2.4181996E66
3.5228472E64
5.2024475E65
9.5579194E67
4.453881E66
4.8970057E68
5.2009142E65
9.2948431E64
1.1438815E62
1.3856293E68
3.4978087E65
1.1482494E67
1.1760491E69
5.1740664E62
7.418674E69
2.401696E65
1.3488982E65
