1116.0901
458.80143
1227.2712
2511.544
1042.3832
1082.5174
457.98685
1145.4998
561.08154
312.10703
212.71266
953.00402
1110.8951
1004.2153
877.80231
380.07706
1188.7459
437.8455
927.02564
856.85322
991.65406
550.20096
1227.7192
346.43502
1000.4999
416.20241
1058.3209
357.01117
660.5518
1214.0091
890.87329
757.46697
332.01593
1035.4452
960.65478
591.51704
1050.8195
932.3502
1083.802
365.09097
710.11823
601.23005
248.42475
385.6267
258.61411
518.61335
1095.9878
1063.2398
1045.924
1016.1089
1040.9604
