7.9601857
58.525683
52.632181
46.159704
44.891775
8.9660474
43.053818
17.910157
10.944882
52.612386
100.1216
52.651071
16.94769
9.9500297
82.284398
45.845388
8.9888163
56.936135
8.9886294
12.936156
16.915016
45.523058
41.505558
39.360805
44.978059
48.341852
59.106251
45.531772
50.487915
52.64415
56.322384
11.945594
11.939903
19.899192
47.997991
40.291246
38.730706
52.596358
122.38907
97.211388
8.9566204
42.383947
39.968146
21.892701
50.138463
52.317256
64.075545
44.924469
48.037214
13.931175
41.820412
