312.81647
266.59622
474.72224
390.6923
266.25514
295.74547
257.47074
327.03158
323.57502
340.69947
263.64651
576.10813
362.52431
479.64288
245.11188
344.7181
270.30571
453.94758
427.21317
301.95238
312.44603
449.73466
253.47217
615.76158
572.11786
232.7626
503.8436
416.67017
216.13404
327.05623
210.90079
353.97277
615.98834
305.93962
310.68509
272.70413
338.2856
253.15602
226.19739
461.06384
558.69118
462.39499
256.51337
416.11491
219.95724
323.69431
404.82391
514.95906
461.90677
386.19208
468.82146
