2954.6586
3083.9132
2625.9558
3244.2967
2916.2896
2633.2092
2835.2738
2873.6297
2507.9742
2860.4311
2826.5727
2774.4128
3128.3379
2692.273
2817.9341
2798.0322
2564.2248
2826.1236
2736.5482
3051.9908
2685.7813
2723.2764
2940.7545
2861.6878
2865.2875
2621.052
2979.8796
2848.5495
2609.5817
3137.514
2842.8256
2705.7155
2638.4365
3029.1096
2596.3721
3051.9967
3077.4441
2754.8827
2635.6547
3274.0143
3440.2762
2877.8979
2812.0705
2955.8281
2708.9544
2874.7878
3082.7307
2825.8989
2699.8032
3227.2223
2849.1715
