123.30141
97.846403
70.261067
137.30158
101.56709
109.06913
139.27767
85.662555
110.2729
92.518786
82.685086
136.07108
110.07947
92.064844
115.38488
104.55462
105.96452
108.82443
115.07557
168.64702
142.21247
129.76478
70.381448
142.7833
105.60641
137.6531
125.89228
100.91133
68.443022
94.012965
100.11966
120.32448
121.33307
85.701022
125.42785
100.36914
100.90103
92.11575
113.35962
116.22571
103.83334
99.700511
99.30326
88.417114
97.052024
104.56464
97.170506
88.007085
107.49412
127.73541
120.33535
