392.53366
561.14726
682.99292
460.01118
551.76253
310.55442
774.84203
502.14
586.87254
498.14787
778.30246
570.38147
364.98821
534.19641
432.33483
575.16532
709.28399
508.23951
646.51952
563.33437
457.77743
405.4824
677.93034
580.63931
695.88801
398.97933
516.85854
732.80433
261.95016
722.52529
473.59832
632.25111
338.74538
762.98304
524.30954
524.50111
370.20169
579.52454
369.46393
497.6516
505.46996
441.13685
575.26348
767.01618
616.29653
313.61083
536.8527
824.23963
709.99074
514.90398
799.28072
