421.50364
382.82201
463.3045
319.84785
96.618299
425.90528
397.76885
475.41915
311.3815
301.32877
382.44544
242.51478
577.15007
441.43307
418.7127
338.82301
348.00546
416.0212
274.06833
340.67073
458.21906
534.77867
440.00793
255.18448
496.2662
418.52868
122.17472
438.89291
535.8675
547.75052
573.43631
261.05729
308.62921
614.94683
563.4141
331.72062
216.47299
526.97021
498.25451
403.06812
353.89285
262.87708
192.90097
508.25425
507.27004
525.20525
489.39922
324.64388
580.13699
348.55289
451.87556
