18326.333
21694.44
14346.105
17753.265
20968.344
16786.232
17042.197
23750.07
18864.867
19626.065
19456.658
14670.395
18143.507
31325.334
30101.13
15702.017
18280.57
16809.859
14893.204
15704.027
23809.293
9907.1728
11122.373
12873.662
10142.988
21280.702
24484.504
10315.306
18044.462
12021.893
19835.694
13715.31
17295.917
19437.13
15040.825
16691.313
15588.191
13617.536
12765.011
15039.22
15288.243
21691.193
18379.174
14246.652
18460.635
16361.494
14303.928
21529.547
19208.802
14971.005
12289.453
