20.925051
30.820226
30.157919
27.26388
14.420831
27.851111
36.962293
12.554804
25.095283
50.313108
10.466156
21.190401
11.408876
9.1033781
14.714829
49.113407
31.955272
21.188297
17.058584
28.387591
47.458076
64.573811
23.507484
16.147078
72.019717
16.736517
21.821802
24.811257
59.588179
24.742238
22.713731
12.126412
26.417865
11.767722
32.960196
5.7347634
25.092639
13.657137
21.450194
20.97295
14.198012
23.741615
35.037959
16.283185
55.134157
58.792288
30.233616
21.596568
27.82444
14.78582
21.380798
