4281.5109
3898.8682
3577.4422
3982.634
4061.4118
3788.4426
3445.0699
3721.1678
3429.8545
4002.4331
3903.6216
3684.5354
3732.5543
3517.8776
3971.7148
3804.6434
3553.3452
3609.982
3342.9986
4075.1236
4057.5734
3381.3018
3320.5288
4042.1292
2761.2798
3907.4521
3106.3797
4119.5483
3516.056
3157.0462
3439.6847
3980.6135
3478.4585
3997.1886
3353.7325
3912.3949
3433.7182
3472.1328
3409.9719
3742.0412
3601.0995
3571.9083
3566.386
3386.7022
3793.2923
3467.2395
4123.6524
2463.7141
3775.087
3113.2386
4160.8533
