15.98977
271.93693
67.089294
31.121348
208.44583
27.534119
83.571716
161.90607
79.202584
20.455251
144.30052
54.206182
11.321973
147.08074
72.93187
25.382968
83.128319
154.78018
249.3059
194.59843
116.6466
135.73857
74.438978
71.771459
96.522772
132.41093
40.598119
87.04218
29.305695
79.374931
36.646742
22.068337
40.981554
50.1488
95.24907
17.600096
50.269975
45.097612
82.645522
113.22917
153.28063
227.31209
177.26453
45.85749
20.703695
25.574239
27.652019
63.220786
131.96999
52.035772
40.726952
