382.75591
8784.2429
7546.6009
1184.9335
7723.8931
4301.4071
3312.4635
4472.6649
4138.6491
1441.1084
4155.1669
3818.6938
1651.5344
11082.533
5907.6898
1849.3487
4158.1898
6547.5018
11255.671
7182.7088
9260.8849
8719.2642
5979.3925
2988.0905
7932.3069
7672.7319
4494.9103
5288.7827
1918.1323
1935.7592
3191.4921
1600.9848
2358.6733
1652.694
8547.2811
415.11797
4480.9268
1589.6086
5682.8517
5139.4471
7576.5676
8253.5201
4679.3604
673.81445
1458.2231
2558.8711
981.13985
4043.8501
1432.0589
4241.9439
3101.1572
