7771.7393
4660.983
5844.6732
5636.3876
3835.3294
6529.3574
4479.0598
2546.2467
4057.0888
7460.3048
6596.6002
6746.2574
8078.6104
7569.703
8819.8443
3355.4908
4933.1462
6607.8223
9665.6092
10991.486
7358.3423
3571.3704
7559.961
2568.3662
2767.8021
5015.4253
7930.7253
4248.4031
9311.5796
6399.3857
7312.6632
9258.3449
10732.717
4698.4917
4989.9577
10046.585
2577.3511
8624.4762
11616.335
4048.6826
5917.6
2314.9499
5888.9578
7498.9838
8337.2129
10649.207
8264.1903
4005.293
7605.0623
5324.743
3946.5389
