184.91325
157.09896
149.59329
139.96067
158.69626
172.65473
187.41301
149.17231
247.70982
182.14069
231.94429
149.64722
233.76347
140.07701
193.15438
180.84166
167.10167
292.9906
195.51444
172.94787
126.22966
192.01714
135.21796
112.55476
130.9871
208.71787
121.50802
198.95979
171.86736
180.04635
166.36819
181.13969
201.49251
176.52044
173.13667
165.06906
193.30857
176.28164
197.29134
122.52706
177.87822
213.45132
196.30758
194.02285
154.74956
198.56229
211.35045
189.41341
156.3581
197.63714
164.84405
