55.63511
48.315816
57.355824
59.258897
118.3159
54.517613
38.279428
66.24839
58.259642
54.987409
64.656742
36.214736
52.283892
62.207732
51.910779
43.223239
104.83945
51.909879
42.493497
60.127663
70.774705
49.350159
55.355416
77.047299
49.746843
51.705221
133.74999
42.434979
55.560777
43.928827
64.220237
38.497036
38.871103
44.775599
43.703682
61.097298
52.078519
56.751668
67.310978
62.697469
69.419056
52.603231
40.310855
61.12914
59.982067
55.735212
56.727078
55.539281
58.085213
46.836265
114.65856
