1436.7176
1713.0321
1831.1931
1552.6292
1256.6572
1480.8742
1816.8962
1745.279
1210.9769
1866.5158
1591.1121
1996.6645
1526.929
1837.0751
1580.3705
1785.4487
1593.9227
1814.9579
1669.8136
1717.2401
1838.2126
1932.9474
1484.316
1548.8354
1466.4872
1326.3034
1532.1333
1915.0848
1766.846
1628.0391
1411.6517
1348.0223
1559.1832
1806.153
1733.3305
1610.2061
1706.3991
2037.8376
1912.5835
1518.748
1771.3669
1968.7638
1234.0766
1824.542
1946.4266
1862.4669
1281.7289
1672.5652
1682.3201
1218.9016
1785.8922
