192.54197
184.18892
178.63603
159.57088
133.81498
181.43929
116.61757
146.66925
143.54278
239.04473
154.95977
184.53207
294.29875
175.57244
103.96832
157.56648
163.71542
179.52114
175.45031
107.44645
110.88749
128.85115
287.14988
166.27386
110.77383
171.00701
143.70567
243.24047
144.24101
210.35827
270.46249
160.55767
159.11031
161.9272
172.4962
335.82299
162.57253
255.8632
225.65967
143.64956
140.80737
169.46621
136.20471
118.74998
168.57134
155.06773
267.45818
235.18157
157.6095
178.52011
162.53546
