46.227706
45.077605
44.359152
44.681157
44.732393
48.80236
51.599219
50.530478
48.06052
52.948502
44.532265
45.859076
45.249515
42.040422
36.603497
44.76316
45.833778
53.394452
45.732392
49.866092
47.269974
45.608159
45.647772
51.196384
44.940009
48.866858
53.61959
48.160196
49.807312
46.266659
44.927144
38.348438
46.813018
48.776388
46.724021
45.394299
40.69053
41.089747
44.225026
36.275218
43.045813
43.823105
48.11514
51.010246
42.205711
45.57231
39.969435
41.213752
42.505709
42.576127
32.070997
