5040.1079
5082.5261
4603.9753
4764.4245
4729.676
4896.9114
4723.7166
4783.578
4477.8889
4942.2926
5012.6218
5162.9143
4213.7874
4486.2275
3988.6643
4272.8295
4549.6445
4500.9332
4777.6235
5231.2514
5007.3966
4753.7061
4818.2618
4921.645
4313.604
5292.5189
4862.702
5183.6053
4933.1287
5071.928
4789.7545
4775.325
5085.5164
4746.4017
4209.7163
5049.1418
4823.915
4969.4325
5060.6085
4793.7717
4751.011
4885.5108
4943.2891
4464.8957
4804.6983
5148.9799
4567.2053
4953.9318
4676.1477
4949.3629
4722.4925
