676.66344
673.48261
684.59452
676.47222
702.9367
681.95125
687.85834
705.70052
668.98536
701.46545
665.04964
646.51393
688.70318
696.64897
680.89148
704.25399
684.11455
659.27278
677.8773
677.3577
688.88759
686.61364
674.24811
683.13505
715.81368
685.12203
664.94149
652.71819
692.21163
679.8722
670.23025
684.61158
681.24506
686.41409
666.34893
666.51622
713.16367
697.13473
657.45545
688.3392
706.65646
692.72457
679.60196
666.44303
700.76755
692.52015
676.84884
680.99608
669.90113
690.30863
664.26627
