4754.2564
5003.8568
4799.8518
4884.0363
4899.353
4796.2548
4675.8631
4690.4074
4593.6254
4846.0568
4869.0684
4759.4899
4831.1662
4841.3204
4830.4189
4912.9767
4827.0924
4461.7219
4579.067
4432.9039
4459.709
4651.9312
4636.1886
4828.8094
4617.5017
4751.3394
5069.688
4755.1945
4527.9129
4724.077
4713.2944
5031.7515
4803.0984
4658.7327
4972.9519
4380.4216
4168.6668
4764.5529
5147.0411
4824.5003
4761.6183
4912.0682
4782.2052
4597.0562
4783.8122
4597.9399
4562.8158
4305.076
4917.7225
4924.8259
4935.0852
