21.946348
21.525613
20.458307
21.242956
21.54843
22.492135
23.274021
22.796214
21.497846
20.443485
21.401478
22.509851
21.571839
22.565752
21.759588
22.370661
22.732137
21.495004
20.398613
20.525857
21.523958
22.564727
23.162782
20.518428
23.484672
21.407559
22.255416
22.504864
20.696377
21.562352
22.579174
21.548628
23.459086
21.4953
22.58681
22.416003
21.502844
23.00972
24.463585
24.399752
21.294902
22.438682
21.348883
24.176349
22.464815
22.6767
21.9776
21.526453
22.378445
21.376253
25.544936
