17581.139
23983.416
117220.02
146046.22
8708.3324
22279.176
18402.665
59789.666
44871.723
117071.26
9454.3385
13623.803
5053.5459
6763.6936
131892.83
14184.385
19890.006
61011.933
69335.978
13490.072
88459.204
25497.35
28461.287
17500.898
111537.52
20133.593
53018.542
32475.2
27128.861
28536.178
33658.023
30969.229
72238.588
35407.28
91519.344
30680.6
42905.848
50410.091
29285.947
11386.541
55937.081
32149.603
62174.682
74082.63
12198.846
46822.356
70528.161
25504.67
9702.0452
9606.7878
5247.7463
