274.4717
268.13717
267.22314
258.44158
264.04489
270.86658
267.50929
272.49
256.47402
256.27495
268.17926
274.04062
261.71783
266.21364
274.16208
250.6247
262.10317
283.67484
265.81721
265.02426
262.77739
252.35685
268.36419
250.54688
261.31753
274.10262
266.75745
247.76786
273.47678
270.73191
266.26747
263.18035
262.95476
258.76299
258.88638
256.36543
251.01123
265.34099
264.85058
258.60924
277.42238
268.1471
264.89982
275.08235
278.17093
264.7118
264.95926
272.49185
258.51035
274.89169
277.70503
