632.63477
654.17313
599.55887
660.78367
632.3533
582.53339
642.89157
632.80395
590.99189
595.08315
640.60665
637.93856
645.50541
633.4923
663.91843
649.78813
603.84706
632.05236
680.02419
647.07173
596.6094
616.7594
575.53973
570.12237
634.03638
620.57239
650.56873
647.62871
654.34603
613.08886
631.7726
672.49384
598.91832
564.83528
672.15105
616.54086
642.69311
622.12264
647.39743
630.6012
645.65251
657.19162
628.39759
596.40252
636.26352
598.72861
614.6227
649.89257
654.26927
639.4915
615.00648
