14.393982
15.797977
10.279619
17.298125
17.939533
15.865336
13.211767
14.218122
8.8825627
13.501544
14.51187
8.2919887
13.317763
11.473464
14.156046
11.12959
23.368848
15.70721
5.2201807
11.151062
9.0235149
12.595813
13.041389
8.8597865
12.541517
8.8606145
22.035991
14.548737
16.722677
19.880112
8.6608215
16.239273
6.0828102
18.4811
20.622988
13.679063
11.360213
14.906989
18.451503
12.018006
9.4228429
13.582075
9.6505365
22.670149
11.378133
13.592445
16.676561
8.7792888
19.032346
16.445741
19.199802
