449.21949
624.57674
452.81796
464.08519
536.37007
440.58506
476.11264
487.09423
477.34967
481.82835
483.18137
480.18483
493.1135
456.33404
466.03428
424.36829
445.58572
499.47463
498.61203
556.19192
479.48635
478.34676
462.15241
566.15621
459.7488
457.23295
541.61875
453.10036
505.28376
507.62173
449.76029
490.01322
441.36775
438.66847
447.69746
621.50118
472.64975
454.62081
485.63539
579.34987
539.82485
461.29771
616.95103
613.91725
444.75303
461.29248
622.4701
517.29979
569.28459
485.14894
545.82242
