137.22584
126.70073
133.44248
126.06372
132.75098
125.78047
145.78434
128.16926
134.24438
118.99061
124.69947
130.8904
145.40156
133.88618
137.76709
122.22713
135.09111
134.10491
136.98506
138.03956
127.57651
158.09145
148.06386
134.60461
147.50821
122.74698
135.45244
120.30398
121.24636
129.74452
132.58438
125.50328
130.92967
141.71867
121.1872
135.37992
135.93545
138.3201
121.33777
130.43571
135.60824
135.24473
125.6911
129.61422
131.63123
131.27189
125.2476
126.30505
139.57079
121.65779
139.63262
