22.479159
26.446404
24.438453
27.440398
30.368695
33.339714
28.462218
34.267822
31.648843
36.423006
26.374105
26.599567
28.46202
28.186495
32.430792
40.388701
41.126595
36.376855
35.507262
26.388558
30.465682
26.465994
33.830598
31.351956
30.321792
29.660101
49.365453
36.350886
26.394613
35.531058
32.275894
24.484933
41.350684
32.283753
33.24829
43.269933
41.802464
30.249357
26.445062
23.735939
23.370487
41.569458
29.99205
40.604847
33.441872
38.175374
36.44447
37.11439
27.467381
36.525293
25.347497
