19719.597
19050.006
18270.843
21449.117
20211.863
17727.954
16513.631
17125.001
18425.572
15959.557
17421.406
14756.056
13025.843
18316.65
19354.897
17572.998
18525.751
14657.153
17163.266
15979.044
18232.786
15236.262
13729.81
19186.76
18218.514
17957.378
16876.157
15197.992
19773.788
18207.091
19269.641
16712.964
12186.99
17198.915
15471.96
15940.096
16033.25
16460.174
15032.551
17878.579
19078.553
19907.112
14116.323
12300.11
13722.368
18392.619
20729.489
20073.538
19043.231
17377.743
20837.487
