1.401324E10
1.0715474E10
1.3797881E10
1.3221816E10
1.1642125E10
1.2524578E10
1.4414851E10
1.4703368E10
1.3858186E10
1.411106E10
1.6106539E10
1.1554401E10
1.3478518E10
1.3700099E10
1.182247E10
1.2265002E10
1.6116854E10
1.3572132E10
1.5115237E10
1.3978122E10
1.4258097E10
1.3039962E10
1.4063576E10
1.2712141E10
1.4201226E10
1.4180953E10
1.3490142E10
1.5002616E10
1.4247642E10
1.3485191E10
1.3575088E10
1.1543779E10
1.6304418E10
1.2112157E10
1.4450733E10
1.284847E10
1.4600022E10
1.4390032E10
1.0579388E10
1.4236569E10
1.6822319E10
1.2874673E10
1.666235E10
1.407764E10
1.390022E10
1.5436013E10
1.4368487E10
1.0471289E10
1.3574211E10
1.4249326E10
1.3302478E10
