15.633197
22.738279
11.695124
13.590866
13.622591
11.013266
14.595699
7.8408693
15.208471
14.836365
9.3232857
20.645778
21.909013
22.702651
23.342039
23.595138
9.4837235
13.40136
22.566896
10.856482
15.578733
15.15515
16.548427
9.3810954
9.894153
7.4670505
10.595135
15.039827
11.130603
16.108301
16.936719
11.333103
11.043334
12.487648
17.89285
19.948439
12.544962
10.609062
13.217974
7.9700256
22.882202
11.10254
8.8321376
12.979263
21.033691
17.896997
22.35432
17.884668
14.598181
11.398018
10.11924
