4754.2564
5134.4336
4799.8518
5024.7565
4899.353
5086.5356
4917.3344
4690.4074
4593.6254
4846.0568
4869.0684
4892.0491
4831.1662
4998.1949
5283.8737
5161.2058
5243.0068
4461.7219
4579.067
4446.2544
5001.6673
4846.6535
4636.1886
4899.1247
4920.6444
4850.0184
5117.1101
5440.3914
4921.7875
5060.7261
4713.2944
5180.4358
5037.6802
4815.5222
5002.2162
5136.6775
4854.7036
5173.7504
5147.0411
4824.5003
5318.9723
4957.0433
4930.7332
5418.13
4783.8122
4941.6511
4850.8175
5216.2345
4917.7225
4924.8259
4955.8542
