548736.27
586691.95
616335.43
508952.36
651688.61
599131.61
584396.41
482801.83
541949.47
612415.52
605564.27
547867.84
577171.01
528151.84
555894.18
598597.15
562412.57
382358.78
563694.83
616781.25
547855.09
631866.98
575337.43
353757.42
478890.46
628888.12
583428.96
615103.69
673637.86
517335.01
603579.02
577804.68
554522.48
519472.49
581417.42
491287.53
536450.36
570586.61
398812.37
344197.16
389216.88
606678.79
575994.03
596225.25
528127.63
515484.02
533453.23
530962.54
572104.29
584742.11
517867.49
