23.365346
8.3069649
7.3404936
7.2844487
13.522804
6.6492075
18.97047
6.0039527
10.451797
24.655487
13.804769
21.762393
16.284503
19.10012
11.800365
8.9511005
10.133078
10.037813
14.372422
17.526045
8.5549042
5.1783989
5.4812354
8.7774706
10.569437
8.3472615
5.6245785
22.626513
13.146473
19.47951
9.4395139
11.078624
11.770047
20.068758
7.7413981
22.536056
11.132905
13.008472
21.519461
14.967474
12.173926
19.539379
13.948134
12.175832
15.942556
8.2127017
17.368802
7.0948626
22.481867
12.515281
28.340781
