414.93644
444.68387
398.93172
402.27466
413.85109
397.73763
399.57099
451.03929
406.77594
452.86924
457.76634
398.79567
448.01213
404.13241
447.5692
413.06779
443.84175
409.8272
399.62417
414.52626
452.20673
434.62961
408.55642
414.62936
404.40178
404.0873
428.75021
397.91346
417.43646
401.81853
436.67434
401.80883
398.39009
481.44329
451.0364
402.4583
448.44927
448.77053
402.41922
408.22567
445.68603
411.92759
446.41687
399.51233
410.85388
399.63658
399.05901
410.04684
406.09376
397.7963
446.13798
