4.4887172E142
2.7607439E149
4.8988917E149
6.328777E146
1.2906623E147
1.8650744E142
7.1415549E145
8.8781291E141
1.09621E139
1.5417985E140
2.1210202E145
2.677523E142
2.7872422E140
9.3103536E149
3.3733402E145
2.945696E144
5.6280382E143
1.437095E145
1.8662073E143
1.6036072E139
1.9566967E144
3.2333989E145
1.5154158E142
6.6823287E147
2.7865664E144
4.864942E146
8.8549698E141
1.3107174E146
5.4545413E141
1.3601173E137
3.4148033E145
5.7767467E142
3.3127841E141
1.2205253E145
1.5448267E142
1.6782829E146
5.7295934E144
4.9636108E138
2.8550686E148
2.6762021E145
4.119742E144
2.6299532E143
8.3336671E139
4.6562769E143
1.6733778E144
1.0221108E149
3.3428453E134
8.0574103E141
8.9329093E146
1.1138514E152
3.2896194E147
