1568.4496
1626.3055
1602.0574
1666.7958
1654.2923
1545.2265
1599.595
1628.4896
1614.3202
1627.5039
1542.5882
1605.2011
1588.1225
1591.8846
1601.5744
1527.9445
1592.4527
1549.9406
1736.657
1542.5638
1613.1815
1606.7035
1618.6273
1501.0732
1544.2904
1574.36
1578.6357
1525.7082
1611.0813
1580.126
1552.3484
1569.5128
1641.4016
1486.3014
1529.5471
1560.8962
1609.716
1637.6997
1642.8254
1577.7822
1630.3374
1501.3849
1599.6905
1632.5488
1611.3981
1601.6837
1616.351
1619.8864
1625.0076
1586.8501
1641.2224
