1.0633222E8
6.3529029E7
7.7176118E7
9.3224898E7
5.9395307E7
1.4240702E8
8.6809228E7
1.5539222E8
7.165316E7
5.1400792E7
1.6183581E8
1.1143881E8
1.4356678E8
6.176748E7
1.3302663E8
1.0357304E8
1.2598954E8
1.4039872E8
6.6886765E7
9.2588423E7
1.5742177E8
9.0138118E7
9.1642154E7
9.9495719E7
8.3863356E7
7.5662544E7
1.3109497E8
6.8281517E7
9.5406574E7
1.4418779E8
9.7197798E7
9.1208887E7
1.2478834E8
8.5432566E7
7.4289759E7
1.4120286E8
1.4005765E8
1.0899047E8
1.2654677E8
1.3017858E8
6.6442708E7
1.3484172E8
1.3130604E8
1.217922E8
8.4704362E7
9.9357063E7
5.6804687E7
1.0238664E8
5.1662275E7
7.6087801E7
1.2347204E8
