24384.572
28955.886
26455.775
25883.878
26750.814
26981.369
27825.832
28172.135
27981.496
28133.24
26284.203
29970.172
29233.17
28406.573
23855.108
27757.485
26318.564
25773.908
27430.884
26359.962
24536.805
28512.406
27958.9
24327.295
27527.186
28147.453
23762.625
25067.13
28478.702
27112.949
26279.388
29453.216
28882.802
23552.003
27128.408
27207.694
27414.856
25689.758
25980.769
25105.262
27856.894
27811.798
28209.752
25490.778
26864.384
29592.672
27145.136
22721.192
29376.832
26253.361
25185.813
