634.30733
590.16164
701.76632
737.71014
706.59467
696.06715
733.53233
537.11712
850.87651
600.5018
648.97668
830.92301
747.89214
679.95046
597.79074
647.9961
749.79051
872.92106
717.18407
741.57286
655.02865
676.94121
774.08734
629.02569
694.36576
647.2121
699.20143
631.4319
673.93266
828.69565
775.75545
681.17374
707.55109
757.23183
717.65791
726.66792
699.04187
728.26693
691.31909
600.09435
739.70815
578.06302
729.71415
717.78557
731.19593
680.70082
661.34495
702.06612
781.79598
726.99839
723.60652
