48.136355
48.677683
47.843918
59.194251
51.30958
46.904021
55.627003
48.297606
55.285817
45.750051
42.116603
55.677004
49.779499
54.191666
62.36407
52.229542
55.714288
51.653168
55.310634
54.606715
49.464069
53.215156
46.828142
46.635917
53.467959
48.02581
47.145196
59.6123
47.882861
43.889485
51.255513
62.282148
51.722208
48.691252
57.355452
50.957587
53.469305
50.464981
61.312091
52.378433
57.492285
57.067444
68.365991
48.343566
41.981955
46.920169
51.670099
55.198406
63.782706
54.252039
58.034288
