394.8848
389.91452
394.24006
395.11913
390.96658
391.63235
394.29207
389.52549
390.05701
394.38376
395.18473
390.24892
389.83577
394.41125
390.87333
389.77772
390.06644
389.52028
389.87276
394.37564
394.69946
389.64122
395.07525
390.6165
390.12729
393.87131
389.90443
395.09856
389.95855
394.27053
389.60773
389.73561
390.03902
391.10155
393.77231
394.33431
394.40594
395.10256
393.84318
389.89628
389.54844
394.36912
395.07993
395.08677
390.55805
390.03187
391.11928
390.00026
395.0902
389.74297
392.39853
