100.0315
200.33544
228.02652
149.62593
100.00009
183.34809
334.26585
251.06309
192.48335
138.37909
332.28182
222.26963
178.60293
331.22576
100.26528
180.07892
113.28591
331.7222
331.6987
329.58745
331.86633
100.00005
202.10442
100.00037
211.55274
156.46952
332.21881
160.92889
334.17896
211.93722
141.39641
253.10251
100.00044
197.8949
311.84227
203.3452
289.1182
330.44701
329.63437
329.5573
216.84213
100.00008
170.46363
154.81116
140.16944
265.87077
246.79097
151.4519
331.4839
139.77841
171.4525
