408.39368
443.6785
395.548
395.61063
397.44693
395.51185
395.57075
443.92365
395.34382
443.91523
444.59633
395.30197
441.70298
396.15181
443.34175
408.6373
425.23106
408.35916
395.56708
408.42427
422.97958
410.9213
397.55317
408.34836
396.89959
395.89788
396.39548
395.52634
408.87566
395.49663
411.75719
395.86199
395.12577
443.72098
426.87854
397.65087
443.84116
443.64613
395.92545
395.55676
424.5795
408.31614
443.35089
395.54504
408.31724
395.35857
395.63953
396.17037
395.69919
395.01508
443.52792
