2.23096E7
1.17034E7
1.13593E7
1.34974E7
1.48474E7
1.23913E7
1.7807E7
1.78227E7
1.25976E7
8654110.0
1.69382E7
1.56877E7
1.78203E7
1.72504E7
1.24577E7
1.83271E7
1.76031E7
1.99985E7
2.46563E7
2.18434E7
1.04748E7
2.60049E7
2.7259E7
1.41276E7
1.64823E7
2.21893E7
1.77066E7
2.40316E7
1.41434E7
1.72152E7
1.76649E7
1.12456E7
1.25024E7
1.07976E7
1.3538E7
1.64187E7
1.17318E7
1.06543E7
2.46343E7
1.52753E7
1.78362E7
2.18251E7
1.05293E7
1.34763E7
1.22786E7
1.92854E7
1.24579E7
1.50404E7
1.72028E7
1.17451E7
1.88174E7
