5.12061E-6
6.56095E-5
7.25593E-6
3.73064E-5
6.25296E-5
1.54168E-5
8.44409E-6
4.51412E-6
1.09672E-4
2.6673E-6
1.65755E-5
1.27078E-5
5.42842E-5
4.28159E-5
7.06933E-5
3.02864E-6
2.32125E-5
2.32738E-5
4.3389E-6
1.60271E-4
5.6849E-5
9.15525E-6
7.25844E-6
4.7253E-6
1.0563E-5
5.91422E-5
5.69363E-6
9.67577E-5
6.85359E-5
5.68306E-6
9.27525E-6
1.49634E-5
8.85368E-6
2.24865E-5
3.08612E-5
2.67549E-6
1.19586E-4
2.76217E-5
1.14843E-5
2.94517E-5
8.84473E-6
8.75454E-6
2.33529E-5
8.99907E-6
2.79693E-4
1.49264E-5
3.30649E-6
2.9384E-6
7.63097E-6
6.69338E-6
3.79459E-6
