0.00532418
0.00369122
0.00424576
0.00406373
0.00440508
0.00424813
0.00633242
0.00320335
0.00713938
0.00365448
0.00356757
0.00504808
0.00448955
0.0044313
0.00587446
0.00407749
0.00427568
0.00521676
0.00452307
0.00510166
0.00641492
0.00499457
0.00511159
0.00392798
0.00468809
0.00569023
0.00374953
0.00479631
0.00536133
0.00642936
0.0067071
0.0056347
0.00476777
0.00562494
0.00824162
0.00634371
0.00450069
0.00392522
0.00402804
0.00535999
0.00551708
0.00699436
0.00559775
0.00547185
0.00549047
0.00704063
0.00333389
0.00527299
0.00614582
0.0051495
0.00684532
