1276580.0
4006920.0
3250990.0
5273850.0
7204670.0
3564270.0
2887790.0
3545720.0
3739120.0
3520830.0
6410940.0
6090830.0
3645800.0
6137650.0
9632450.0
4131680.0
4518840.0
3905900.0
5070370.0
4732160.0
2921820.0
5159830.0
5321580.0
3435990.0
4179610.0
3031790.0
3007350.0
2976710.0
4472780.0
5314790.0
2759200.0
4217550.0
5107500.0
3836800.0
7218230.0
5112330.0
5195170.0
4475690.0
6609950.0
3967390.0
5115670.0
4914240.0
3349730.0
5695430.0
3349340.0
5385640.0
4821110.0
3661280.0
3204620.0
2928040.0
4454090.0
