1.65448E-4
0.012196
4.92649E-4
0.00945761
9.62947E-4
5.63916E-4
0.00333405
4.27734E-4
0.0015267
0.00257619
4.44632E-4
6.43156E-4
0.00334515
0.0327224
3.65542E-4
6.35621E-4
0.00600576
0.00114007
0.00500106
1.16193E-4
0.00146
0.0107438
0.00154974
0.00430933
0.00144327
5.80543E-4
6.35058E-5
0.00183529
3.54617E-4
0.0030941
6.87721E-4
3.99784E-4
0.00278191
6.37153E-4
0.108028
5.08827E-4
1.46448E-4
0.0019536
1.36867E-4
4.50656E-5
0.00295594
6.49952E-4
0.00162872
0.00209309
3.61199E-4
0.00862608
0.0188186
5.70007E-4
0.013817
0.00437113
0.0290319
