1.00386E-6
1.16782E-6
2.04718E-6
2.29831E-6
1.11685E-6
1.1267E-6
2.68598E-6
2.80692E-6
1.5046E-6
6.93358E-7
6.45542E-7
1.75499E-6
6.21575E-7
7.05416E-7
1.91467E-6
9.13187E-7
7.03813E-7
1.56109E-6
2.82915E-6
7.65975E-7
3.49715E-6
1.23111E-6
2.31634E-6
2.58026E-6
1.96239E-6
2.41923E-7
1.30877E-6
1.17321E-5
7.41525E-7
6.78875E-7
2.77843E-7
6.10845E-7
2.25629E-6
2.071E-7
9.90797E-7
8.4546E-7
2.39852E-6
1.28123E-6
5.199E-6
1.92229E-6
3.26532E-6
5.41566E-6
1.17173E-6
1.25423E-5
1.01436E-6
3.71656E-7
3.46709E-7
2.60434E-6
6.89766E-7
1.61963E-6
3.39897E-7
