0.00127909
0.0018283
0.00176388
0.00252019
9.26374E-4
0.0021663
0.00121731
0.00141544
0.00106429
0.00155483
0.00153021
0.0016351
0.00275758
0.001366
0.00182693
0.00246346
0.00161911
0.00233297
0.0033218
0.00343008
0.00185378
0.00159025
0.001617
0.00145499
0.0014859
0.0025144
0.0012739
0.00175468
0.00209539
0.00195849
0.00123073
0.00145409
0.00347457
0.00178573
0.00256747
0.00180772
0.0016164
0.00256068
0.00122299
0.00172051
0.00233296
0.00182105
0.00389894
0.00286428
0.00155222
0.00203298
0.00166732
0.00253533
0.00202231
0.00310283
0.00163572
