0.00867839
0.00977521
0.0280259
0.0196867
0.0147143
0.0368731
0.0392588
0.0230135
0.0616295
0.0273092
0.0723751
0.0172956
0.0339096
0.0354016
0.0563172
0.0378201
0.0228523
0.0376088
0.0551511
0.0315479
0.0805103
0.0251821
0.0601436
0.0603495
0.0391142
0.0363406
0.0636567
0.0312289
0.221491
0.109517
0.0442272
0.0631038
0.0530954
0.0367907
0.0320748
0.0887121
0.0451746
0.0521588
0.0265894
0.0473182
0.0885405
0.0395425
0.0418089
0.0491943
0.0462437
0.120594
0.054125
0.216945
0.202141
0.168959
0.121435
