7.78329E-4
5.51996E-4
4.26102E-4
7.86997E-4
5.74948E-4
6.73784E-4
9.02637E-4
9.71185E-4
8.77577E-4
8.85313E-4
6.20157E-4
0.0011336
6.47762E-4
0.00104679
8.61324E-4
6.52602E-4
8.41401E-4
6.58523E-4
7.50706E-4
6.77854E-4
0.00120376
8.45585E-4
7.11329E-4
6.6183E-4
9.90682E-4
9.2768E-4
4.91098E-4
7.16993E-4
9.24543E-4
8.99174E-4
8.06796E-4
8.3492E-4
7.45855E-4
0.00119278
6.46498E-4
7.68495E-4
9.25649E-4
7.66717E-4
7.79049E-4
0.00108403
7.64752E-4
9.9025E-4
9.73862E-4
9.62952E-4
7.04509E-4
7.79459E-4
9.41971E-4
0.00116425
6.71581E-4
0.00111295
0.00119085
