2.74703E-6
4.25616E-7
6.67777E-7
6.58221E-7
5.23229E-7
6.85096E-7
5.50043E-7
9.67025E-7
8.83609E-7
1.01086E-6
7.11343E-7
6.23688E-7
1.56041E-6
1.00308E-6
5.16902E-7
6.92632E-7
3.88967E-6
9.51037E-7
7.11667E-7
8.60862E-7
3.9671E-7
5.63518E-7
4.47215E-7
1.28302E-6
7.23942E-7
9.34686E-7
3.45421E-6
6.17812E-7
4.85627E-7
1.73219E-6
5.82714E-7
2.70579E-6
5.09896E-7
3.20156E-7
3.95227E-7
5.46485E-7
7.66404E-7
1.69724E-6
3.14391E-6
9.27452E-7
9.58117E-7
6.27738E-7
5.20051E-7
3.2459E-7
1.18282E-6
1.71363E-6
4.22814E-7
3.99053E-7
5.16771E-7
7.27882E-7
1.35366E-6
