1875110.0
926332.0
941489.0
1441330.0
923900.0
1582760.0
1474320.0
626320.0
903338.0
1094280.0
1778270.0
959724.0
1132910.0
1074690.0
900067.0
1295810.0
875195.0
1706710.0
1010540.0
2733320.0
1051870.0
1946640.0
1922610.0
1168480.0
1536240.0
902695.0
2251330.0
1091580.0
1498890.0
1425540.0
1263730.0
1765640.0
2289180.0
1946930.0
1543210.0
1390730.0
2191610.0
1697160.0
2575410.0
1966420.0
1392980.0
2707690.0
1798230.0
1181380.0
1580570.0
1990150.0
2942990.0
2010690.0
1735540.0
1765480.0
2001240.0
