9.1502E-7
6.03881E-6
3.30614E-6
3.43272E-6
3.82031E-6
1.50428E-6
7.68604E-7
2.21321E-6
2.79114E-6
5.95909E-6
9.64989E-6
1.80801E-6
1.29443E-5
4.67612E-6
3.88211E-6
2.64506E-6
1.62908E-6
2.81877E-6
8.39683E-7
4.77595E-6
2.48974E-6
1.77259E-6
9.00599E-6
2.41432E-6
2.20889E-6
3.37141E-6
4.67515E-6
3.3636E-6
5.90035E-6
2.30389E-6
1.01109E-5
7.6708E-6
4.13445E-6
7.16687E-7
3.13865E-6
1.88836E-6
2.52531E-6
4.4702E-6
1.69455E-6
2.58835E-6
2.0446E-6
2.12686E-6
1.79719E-6
2.64866E-6
2.90782E-6
3.25558E-6
7.44914E-6
3.31488E-6
4.92186E-6
8.32123E-7
1.56243E-6
