2.72348E-4
1.47818E-4
7.11309E-4
5.10892E-5
4.94714E-6
1.05275E-4
8.12515E-4
3.61864E-4
1.48353E-4
3.22937E-4
7.86727E-4
5.79051E-5
1.94319E-4
1.40135E-4
2.19049E-4
3.83489E-5
1.08668E-5
6.02506E-4
7.05794E-5
2.02635E-4
3.39841E-5
1.08432E-4
4.06903E-4
2.04012E-4
3.22403E-5
6.34272E-5
1.7351E-4
2.15533E-4
2.846E-4
1.97871E-4
1.67884E-4
1.47364E-4
1.88409E-4
2.22182E-4
7.32079E-5
1.74697E-4
2.31996E-4
7.86742E-5
1.73933E-4
4.18962E-5
5.56167E-5
5.44005E-4
3.30672E-4
0.00127963
1.68634E-4
1.60843E-4
3.51209E-4
1.50559E-4
3.10509E-5
2.39074E-4
4.885E-5
