4521940.0
5855660.0
5217940.0
4612120.0
2312150.0
8342240.0
2562560.0
4349490.0
4984940.0
5064380.0
4726430.0
7209850.0
5209310.0
4789980.0
4102430.0
4765380.0
5140500.0
6756060.0
2999980.0
3251640.0
3514720.0
3834940.0
6422660.0
2784380.0
4815610.0
3159490.0
4425610.0
4845090.0
4010410.0
4253610.0
6099360.0
3732610.0
8254690.0
7403300.0
2443980.0
3779640.0
2259940.0
3603360.0
2933250.0
2196500.0
6612870.0
3400040.0
3197640.0
2672680.0
2572150.0
4158850.0
5217710.0
5318820.0
5475570.0
3478180.0
3647460.0
