2.62098E9
6.71586E9
5.52312E9
4.72554E9
3.36749E9
3.58577E9
3.30648E9
5.07838E9
4.33949E9
4.91818E9
4.73818E9
5.80867E9
3.24146E9
3.90357E9
3.97053E9
3.10213E9
4.57531E9
3.09172E9
4.26906E9
2.92055E9
6.36476E9
5.4533E9
3.12958E9
3.8991E9
2.14223E9
5.7642E9
6.55433E9
2.7904E9
6.17478E9
5.53185E9
2.93204E9
5.04392E9
3.48637E9
4.61264E9
4.53209E9
4.30302E9
2.20002E9
4.17716E9
6.16771E9
6.21188E9
3.34776E9
6.50477E9
3.97014E9
4.60987E9
6.19065E9
5.82672E9
7.1453E9
3.74891E9
5.97726E9
4.7649E9
7.29314E9
