4.48481E33
4.34014E35
1.01498E29
7.38086E33
3.62459E34
4.20207E34
1.61239E40
1.05496E32
6.20371E34
1.29877E33
6.71459E34
2.36823E33
3.3207E36
2.14288E34
1.03588E38
1.96476E33
1.16128E35
1.35158E36
1.54004E34
3.45885E35
1.20481E36
2.87818E36
2.59151E33
2.0422E34
1.04252E36
4.01787E34
1.63441E36
4.61741E33
1.81469E39
9.35194E33
8.43383E37
1.94351E35
2.98791E33
6.34083E34
1.45266E35
7.74278E33
6.06785E37
2.57678E32
2.36242E35
5.42057E31
1.44736E32
5.51146E37
1.51784E30
8.07437E32
4.74905E35
1.89353E32
6.85118E35
2.49613E33
1.4768E35
1.46691E31
2.30467E33
