1.94677E50
7.25126E61
5.47236E57
1.85108E60
1.874E59
1.22095E58
3.01015E50
6.47449E59
4.63566E51
4.64038E58
9.14817E59
8.14879E60
2.09685E57
5.89554E56
2.25876E54
5.23134E56
1.22631E56
6.95819E58
2.08061E59
9.26866E61
2.26492E54
9.57219E57
1.42143E52
7.12318E56
7.3998E55
6.16611E52
3.34449E56
7.42307E57
1.23951E58
4.86939E57
1.0028E58
6.41854E60
6.45553E62
1.95525E66
3.06877E58
9.86198E55
3.32982E50
1.59162E56
2.39816E58
1.58801E62
2.64931E53
1.86783E65
2.23259E59
1.01275E60
3.34937E57
1.97557E53
4.86229E58
1.3448E54
3.44053E62
4.13694E57
6.88775E57
