1.08062E-6
1.51197E-6
7.30565E-6
5.45673E-6
5.5933E-7
6.62588E-7
8.68032E-7
6.88212E-7
1.41867E-6
1.22099E-6
1.24881E-6
1.69965E-6
1.51553E-6
1.13815E-6
6.97944E-7
7.56359E-7
7.59143E-7
2.35492E-6
9.15782E-7
6.45295E-7
8.84685E-7
1.49964E-6
1.12956E-6
1.65179E-6
3.92787E-6
1.376E-6
1.2343E-6
1.35062E-6
1.72655E-6
6.42204E-7
5.00863E-7
6.96242E-7
2.1627E-6
2.23131E-6
6.51178E-7
1.08873E-6
4.81515E-7
2.50827E-6
7.94055E-7
8.4018E-7
8.24037E-7
7.33588E-7
5.84658E-7
1.15115E-6
4.94814E-7
2.61438E-6
2.68478E-6
2.58752E-6
4.21995E-6
6.11219E-7
5.63469E-7
