1.70398E7
1.6399E7
1.42688E7
1.06434E7
1.20575E7
1.60196E7
9856670.0
1.319E7
2880030.0
1.80555E7
1.20383E7
1.62498E7
1.27186E7
1.63001E7
9316550.0
1.24811E7
1.56675E7
1.40192E7
1.44538E7
7616830.0
1.2837E7
1.16262E7
1.13509E7
1.57287E7
8976850.0
1.12518E7
1.06261E7
1.94301E7
2.25003E7
1.01394E7
1.76394E7
1.53306E7
1.24857E7
1.29857E7
1.80035E7
1.55731E7
1.8714E7
4325880.0
1.56844E7
1.67117E7
1.29924E7
9761520.0
5546640.0
1.25542E7
1.73956E7
1.20681E7
9271510.0
9605190.0
7322960.0
1.10884E7
6532380.0
