1.98997E10
2.36081E10
2.22713E10
2.02874E10
2.7573E10
2.06523E10
2.09988E10
2.13302E10
2.59429E10
1.84427E10
2.19714E10
2.11107E10
2.29782E10
1.99458E10
2.22914E10
1.9142E10
2.36599E10
1.81282E10
1.74654E10
2.17075E10
2.245E10
2.13497E10
2.46908E10
1.97599E10
1.99767E10
1.98312E10
2.13961E10
2.2671E10
2.13313E10
2.68206E10
2.43838E10
2.43817E10
2.47414E10
2.11527E10
1.64347E10
2.34647E10
2.10093E10
1.85622E10
1.85829E10
2.14621E10
2.52368E10
2.44855E10
2.15429E10
2.34062E10
2.20247E10
2.06353E10
2.18938E10
2.28316E10
2.22332E10
1.92415E10
2.35529E10
