6.65369E8
7.36004E8
5.20139E8
6.62994E8
6.32834E8
6.47517E8
5.80452E8
4.20048E8
7.18044E8
5.86741E8
8.21234E8
5.66101E8
6.70851E8
6.87365E8
6.82646E8
6.87417E8
5.78766E8
6.96465E8
6.10647E8
7.3667E8
5.01942E8
6.21503E8
5.0458E8
6.43205E8
4.95034E8
6.03654E8
7.35743E8
6.79143E8
6.6772E8
5.00213E8
6.69284E8
5.93938E8
6.0909E8
7.11262E8
6.61107E8
6.83811E8
5.66954E8
5.83425E8
5.49067E8
7.04947E8
5.62773E8
6.68594E8
6.76627E8
5.68264E8
6.90618E8
6.95181E8
6.17964E8
6.14639E8
6.23858E8
4.78761E8
6.10622E8
