6948180.0
5030140.0
5057150.0
6208480.0
9158580.0
6865090.0
5652980.0
3446230.0
6813730.0
1.21118E7
3041120.0
4550100.0
9166770.0
4828110.0
5917110.0
2451630.0
6805910.0
4570010.0
7948840.0
2433430.0
5528520.0
5892670.0
7454700.0
3545910.0
6164170.0
5208270.0
9470390.0
5643300.0
1.05587E7
8826720.0
1.06134E7
6422940.0
4921540.0
1647560.0
7440340.0
9673650.0
7708910.0
8898990.0
6406730.0
2465910.0
9637240.0
1.07248E7
1.06842E7
8005280.0
6933410.0
9626320.0
2200640.0
9972990.0
1.39834E7
1.82594E7
2670320.0
