8.0666E8
6.05167E8
6.67683E8
4.77014E8
9.01855E8
6.83159E8
5.97107E8
4.4292E8
4.47537E8
7.01752E8
8.03447E8
5.52178E8
1.27422E8
3.20116E8
3.71714E8
5.19053E8
5.5878E8
8.02792E8
7.56521E8
6.80399E8
4.54301E8
6.92228E8
5.76663E8
2.29121E8
4.23912E8
4.84879E8
4.36897E8
5.45038E8
9.08339E8
8.25144E8
6.2387E8
7.47294E8
5.30233E8
4.16919E8
7.17663E8
9.28533E8
1.20818E8
6.55174E8
7.51572E8
3.01181E8
7.45561E8
8.16792E8
3.4908E8
2.85714E8
5.77592E8
5.74533E8
5.55465E8
5.61814E8
5.62156E8
4.70383E8
6.30833E8
