9532400.0
1.8407E7
7285990.0
1.24758E7
9566170.0
7.19776E7
1.77609E7
4.76827E7
1.81191E7
4.62625E7
8.42681E7
2.90806E7
4.96994E7
1.62564E7
1.84695E7
5.3572E7
1.93442E7
4.4742E7
2.92522E7
7.16905E7
2.61629E7
2.17399E7
5.82708E7
3.49554E7
2.15167E7
2.06496E7
3.27E7
3.7507E7
1.88446E7
3.19016E7
1.29356E7
7.75078E7
2.31984E7
5.14674E7
1.79075E7
2.0489E7
5.23083E7
2.67998E7
5.2376E7
1.04017E7
4.30024E7
4.63681E7
1.61936E7
5.03939E7
2.34339E7
3.57813E7
3.76778E7
3.86911E7
2.26116E7
3.70781E7
2.62996E7
