2.58169E-5
4.26072E-5
1.58222E-5
1.06389E-4
1.29246E-4
4.69566E-5
4.92824E-5
8.20735E-5
3.47946E-5
2.87895E-5
7.97868E-5
1.52369E-5
3.21329E-5
2.31165E-5
5.82632E-5
2.39967E-5
1.02451E-4
8.02067E-5
3.40575E-5
3.9074E-4
1.66504E-5
4.88257E-5
3.17271E-5
8.22215E-4
2.4743E-5
6.43232E-5
5.20024E-5
1.22671E-5
8.94878E-6
5.83709E-5
2.32284E-5
0.00358314
4.26336E-5
2.46146E-5
5.50103E-5
2.85408E-5
2.46843E-5
6.49519E-5
2.73717E-5
0.00248607
5.91629E-5
3.66848E-5
3.73943E-5
1.39993E-5
2.53493E-5
0.00130229
2.80231E-5
1.7199E-5
5.59014E-5
4.15494E-5
1.30783E-5
