0.00966734
0.00576255
0.00440927
0.00585654
0.00680552
0.00501864
0.00531799
0.00524903
0.00682127
0.00523782
0.00544715
0.00778799
0.00566461
0.0074245
0.00543681
0.0061095
0.00922528
0.00535942
0.00557412
0.00813114
0.00521834
0.00784523
0.00648694
0.00969013
0.00602151
0.00758851
0.00463298
0.00566605
0.00567398
0.00524696
0.00819473
0.0217881
0.00791612
0.00551446
0.00653022
0.00570801
0.00788194
0.00792176
0.00563481
0.0168085
0.0055419
0.00630709
0.00705161
0.00477454
0.0064908
0.0180239
0.00681672
0.0055982
0.00611967
0.00636112
0.00660159
