3.98693E8
5.30807E8
6.10532E8
3.66613E8
3.23408E8
5.03917E8
4.65435E8
4.47457E8
4.63461E8
5.6485E8
4.57383E8
3.97577E8
4.2459E8
3.8762E8
3.7561E8
5.92103E8
5.32209E8
4.68021E8
5.46413E8
6.01707E8
3.65092E8
4.07896E8
2.90696E8
2.74847E8
3.48129E8
3.18056E8
4.53825E8
3.79333E8
4.21234E8
4.2317E8
3.80341E8
3.96041E8
6.03357E8
5.73726E8
5.40586E8
5.16684E8
3.37331E8
4.03765E8
3.53009E8
5.02676E8
3.48499E8
6.3874E8
4.48077E8
4.53549E8
5.92321E8
6.2181E8
4.65627E8
3.04508E8
4.12817E8
3.29372E8
5.76268E8
