1478760.0
1328720.0
1688350.0
3480080.0
3137890.0
4100370.0
2548750.0
2761300.0
3481770.0
1851970.0
3077910.0
2496160.0
2652380.0
2667480.0
3634510.0
2590870.0
3062270.0
2165870.0
1652240.0
1685220.0
2805700.0
4138100.0
3319070.0
2890450.0
3287870.0
3905400.0
2951880.0
2907650.0
3074510.0
3235550.0
4057030.0
3782520.0
2785650.0
1685790.0
2862010.0
3327840.0
3571440.0
1801460.0
2895480.0
2294970.0
2006240.0
1139070.0
4055050.0
4869820.0
1253110.0
4362090.0
2414070.0
4442240.0
2085210.0
3144300.0
2691000.0
