6.55939E-5
1.25192E-4
7.55006E-5
1.06619E-4
9.16911E-5
1.23225E-4
9.18769E-5
8.01186E-5
1.08641E-4
1.12656E-4
1.56605E-4
7.37968E-5
9.31268E-5
1.48531E-4
1.17014E-4
1.27735E-4
6.0121E-5
8.36405E-5
1.33481E-4
8.72544E-5
1.4722E-4
4.31765E-5
9.41197E-5
1.25655E-4
8.16276E-5
7.1834E-5
1.10298E-4
1.35541E-4
4.6227E-5
8.75722E-5
1.04505E-4
9.51354E-5
6.49316E-5
4.44978E-5
1.03459E-4
1.38332E-4
9.09409E-5
5.53848E-5
1.01202E-4
7.24647E-5
1.15738E-4
6.51835E-5
5.22203E-5
1.30148E-4
9.44956E-5
6.56982E-5
1.2954E-4
1.1263E-4
1.23315E-4
1.3557E-4
1.05709E-4
