1.11192E-6
8.68593E-7
1.64713E-7
1.53258E-6
1.05098E-6
8.73297E-7
8.25275E-7
1.17609E-6
4.55493E-7
2.96447E-7
1.00577E-6
1.09989E-6
2.21937E-6
9.55576E-7
1.89373E-6
3.59797E-7
6.96894E-7
7.8454E-7
8.44572E-6
5.16058E-6
4.57274E-6
6.86546E-7
1.29611E-6
1.61399E-6
4.16581E-6
3.78167E-7
3.11709E-6
2.207E-5
3.80678E-7
1.76366E-7
2.12414E-6
4.49742E-7
1.16822E-7
7.67083E-7
1.81768E-6
4.54914E-7
2.05984E-6
4.7039E-7
7.00744E-7
2.9172E-7
2.22936E-6
9.45612E-7
1.30842E-6
1.37546E-6
3.35416E-7
4.15263E-6
7.29306E-6
1.64647E-6
1.6861E-6
4.32448E-7
1.41596E-7
