9.07338E10
8.31927E10
9.19365E10
8.17167E10
9.33088E10
8.597E10
8.65936E10
9.03986E10
8.86829E10
8.86247E10
9.39155E10
8.54613E10
8.25232E10
9.53474E10
9.21661E10
9.59861E10
8.76339E10
9.31698E10
9.17768E10
9.07911E10
8.13804E10
9.17995E10
9.2745E10
9.42807E10
8.67756E10
9.58955E10
9.54807E10
8.92573E10
9.93691E10
8.31922E10
9.35075E10
9.27492E10
9.54498E10
8.68072E10
9.05772E10
8.08006E10
8.53875E10
8.50007E10
9.21934E10
9.20964E10
8.15829E10
9.02756E10
8.90197E10
8.98451E10
8.44566E10
9.37848E10
8.9258E10
9.22501E10
8.80915E10
9.68183E10
8.71875E10
