3.91709E-7
2.50758E-6
9.88259E-7
1.03639E-6
8.51513E-7
4.11145E-7
5.65837E-7
5.23933E-7
4.03204E-6
1.44192E-6
1.41382E-6
5.41923E-7
1.35084E-6
2.30791E-6
8.62201E-7
1.7932E-6
7.47484E-7
1.86381E-6
1.54474E-6
1.24634E-6
1.15034E-6
9.66863E-7
9.56162E-7
2.61493E-7
1.36025E-6
6.83661E-7
1.11637E-6
1.56367E-6
4.39362E-7
1.62201E-6
6.93601E-7
2.019E-6
1.08853E-6
1.45633E-6
1.60204E-6
6.30645E-7
1.35216E-6
8.79775E-7
6.91776E-7
1.5026E-6
1.52308E-6
6.58576E-7
2.66994E-6
8.34869E-7
1.36993E-6
1.45422E-6
7.60172E-7
9.14806E-7
8.98912E-7
9.39356E-7
5.0988E-7
