7.49089E9
8.38916E9
5.4743E9
1.01813E10
6.98051E9
9.91749E9
7.92857E9
8.65745E9
9.64833E9
9.19337E9
1.02655E10
9.06978E9
9.49928E9
8.3479E9
9.51858E9
8.38459E9
7.18664E9
9.72749E9
8.56288E9
8.8604E9
1.0284E10
8.08991E9
5.49706E9
9.07103E9
7.53561E9
8.07817E9
9.18156E9
6.28283E9
9.0832E9
8.94511E9
9.56111E9
7.5418E9
6.71701E9
8.47014E9
9.58457E9
8.22834E9
6.26863E9
9.10021E9
7.97284E9
9.89624E9
7.49741E9
9.18147E9
8.42307E9
8.69304E9
8.14284E9
8.06369E9
9.94377E9
7.60511E9
7.68649E9
7.67106E9
9.08558E9
