4324.4941
3997.7669
4008.6885
4307.6651
3735.0098
4216.5552
4242.6973
4215.2002
4074.4825
4120.2299
4020.2773
4342.7025
3880.7439
3832.7164
3892.8223
3616.6847
3997.8985
4237.3648
4197.4668
4056.6575
4011.3442
4108.3776
4334.2926
3732.4844
4067.6777
3804.0783
4052.1936
3847.5303
3748.2173
3639.007
3895.4549
4136.2571
4235.6666
4133.4015
4082.7451
4035.9669
3920.5964
3684.8501
4068.6235
4238.0332
4034.3698
3516.7014
4175.9256
4131.5618
4038.3342
4013.6819
4147.6179
3799.3335
4092.9295
3489.9173
4180.83
