325.70461
198.95276
279.71766
248.66685
303.80763
263.07182
331.72808
242.26212
293.74501
335.06886
335.05041
226.32618
236.76767
254.12792
282.61867
299.62444
229.10153
292.9733
309.05875
300.54483
227.99909
301.17601
231.29767
343.98283
290.26982
297.22756
248.32301
298.86251
331.64113
322.23079
326.67386
330.73247
206.54844
283.96756
314.81596
256.0388
355.40401
274.07073
268.50499
325.71822
283.82199
243.13362
340.57887
275.15854
166.07457
324.74527
310.25308
294.79666
329.36675
310.73497
216.78907
