341.55487
351.54646
346.98363
327.37766
320.77611
332.25943
340.40476
357.60416
370.74063
329.79495
348.57465
362.17276
301.67264
358.43935
340.68154
366.89514
364.02485
337.30964
360.3789
341.19714
363.63258
353.90573
357.53081
364.52601
354.04943
353.60525
367.99219
371.21158
369.56919
347.76729
368.63337
323.91362
327.92649
356.39765
369.34518
373.49959
350.04046
346.09464
333.38698
358.62962
357.10435
344.39923
357.80951
358.12837
367.2571
358.12413
347.20456
360.69137
350.24994
342.89085
368.12524
