52.287236
42.746389
57.374223
45.522378
48.424444
44.622566
47.29806
45.216241
43.61735
33.899785
46.443435
40.828811
44.543656
37.678526
53.778176
43.59078
49.115501
55.435258
47.972453
42.960092
47.370447
42.806071
45.348841
41.740547
45.084595
42.455198
53.302017
51.205888
50.413885
49.153882
42.298465
44.572324
34.473476
46.71061
44.455628
54.837361
48.392469
52.158662
40.782827
55.915478
49.894761
47.200323
51.992873
52.360774
36.202202
41.434226
47.56409
48.062243
44.881761
49.949232
46.902802
