2399.9761
4744.9839
3002.0257
2285.125
1872.0614
3227.2269
5950.5613
6040.2846
3857.3184
2938.5088
4862.9971
4804.2589
5783.7254
3715.9124
2787.2465
1902.3324
4651.0163
4750.568
4892.3274
4551.0242
3888.8904
2824.5596
3292.0066
5062.1009
4031.7926
3955.5711
9753.4397
5993.6062
2640.3616
7266.1153
7912.8528
2306.3103
6333.2045
5478.3604
4325.4265
4110.2033
2421.1965
2778.5464
951.56263
1549.7585
3394.4677
5377.58
6997.4426
4778.8231
3092.6059
3496.2837
3554.2058
3632.319
8418.705
3095.754
3371.4842
