4.9965201E10
4.7644421E10
3.8883989E10
4.6592071E10
4.4540876E10
4.641678E10
4.3169962E10
4.7750234E10
5.0614403E10
4.4416397E10
3.7155784E10
4.7159091E10
4.9228567E10
4.8842462E10
4.7726495E10
4.8115968E10
5.6457603E10
4.8680468E10
4.0849413E10
4.9324562E10
3.9600219E10
4.6596225E10
4.5567304E10
3.6701195E10
4.3728977E10
5.9544684E10
3.8641142E10
3.0543878E10
4.0136294E10
4.832714E10
3.8073749E10
4.857934E10
4.3859046E10
4.3816785E10
4.2659175E10
4.2414375E10
4.3227743E10
4.3762698E10
4.2862265E10
4.3966463E10
3.2578334E10
4.261148E10
5.7746994E10
4.1107014E10
4.0479068E10
4.9352106E10
5.5568457E10
4.4009224E10
4.5930916E10
4.7719759E10
5.3040694E10
