1970.9848
2015.527
1954.8678
2086.0706
1981.7814
2133.9085
1970.7675
2059.0687
2126.5324
1967.5149
2086.4203
2057.3654
1970.5477
2134.108
1987.8552
1982.5507
2006.8728
1971.0313
1941.4318
1954.8519
2182.8027
1989.0517
1970.4974
1957.6137
1943.2553
1970.518
2019.2737
2087.0632
1941.4183
1970.2477
1981.527
1970.5335
1943.3404
2001.7276
2058.4314
1961.4253
1941.3578
1988.3187
1941.7703
1955.7907
1973.1351
1942.2318
2086.3605
1970.4155
1971.0458
2086.2224
1941.5304
2053.7592
2080.7368
2086.9169
1983.6694
