434.74075
434.95672
437.10521
441.69744
429.44617
448.87165
444.19319
435.69746
446.69512
444.90336
443.43037
452.01433
431.9418
447.78819
438.09028
446.35801
423.72419
435.42736
439.93313
439.18371
435.818
441.47081
430.54639
446.47168
438.58511
443.31301
444.6583
438.97648
445.46664
447.50635
429.57285
432.7888
445.03177
437.18158
431.83603
442.60204
447.0379
437.02213
443.73454
438.45171
439.44911
449.62582
440.59152
451.54106
443.85046
446.24176
445.77231
449.03575
444.94025
433.823
449.05932
