13328.641
14881.841
14592.145
14634.015
14864.518
14752.488
14734.535
13772.925
14870.667
14935.981
15002.306
14316.288
14375.193
14894.817
14895.08
14702.134
14111.813
13574.231
14254.465
14712.54
14231.26
14538.186
14786.208
13947.549
14526.354
14356.118
14099.253
14606.655
14109.767
14706.256
15485.307
14704.297
14579.439
14824.157
14383.553
14880.097
14191.168
15116.257
14821.445
14559.958
14573.444
13952.191
14092.991
13797.044
14551.747
14744.475
14943.262
14981.277
14723.556
14060.521
14786.45
