1331.4581
1385.4142
1506.0693
1470.6702
1821.9499
1239.086
1668.5243
1744.6229
1416.1832
1985.6729
1892.6969
2163.0858
1586.1294
1462.1637
1638.9323
1582.5204
1704.0273
1997.0601
1312.9662
2171.709
2045.83
1760.3795
1995.4436
1310.2656
1904.0788
1475.0776
1864.837
1551.9122
1901.559
2125.443
1387.0976
1273.0201
1801.5583
1507.7824
1652.8915
1648.2891
1879.4453
1689.3158
1767.1236
2016.7943
1398.8772
1806.249
1963.1381
2063.1469
2292.4286
1145.2393
2023.0896
1327.5645
1271.6644
1699.6291
1846.1636
