31.847921
38.507925
37.047047
37.273572
38.2708
38.214993
37.344464
34.890471
33.14487
49.672299
43.448415
43.144236
36.783072
41.0342
37.137007
38.457275
30.427847
40.165983
40.816445
29.349396
39.37642
37.911671
45.949481
39.744942
27.038032
42.236549
46.429159
35.765887
40.868531
32.195788
43.518667
34.064603
30.296074
46.823624
45.050276
45.493146
44.697798
32.468304
29.932052
49.61742
46.915161
41.737953
37.119435
39.894019
17.248639
31.609672
44.882941
39.155579
36.367394
28.912129
34.529515
