1049.8323
1066.5234
1058.7965
1044.1691
1147.1841
1004.0983
1017.8207
1081.1891
1078.046
1035.0685
1033.3845
976.36929
977.42709
950.59493
996.89123
968.89128
1038.4481
1077.2065
967.64215
1036.6734
1120.9273
1133.1702
1051.6178
1035.1756
1073.9908
1056.9363
988.12358
1118.9499
1084.0633
1073.251
1062.8859
983.34863
1146.5895
1005.9483
983.72437
955.28266
1134.9612
976.24169
953.05831
1040.8138
1063.4258
993.46799
1115.6668
976.09704
1006.1734
1002.406
1069.852
971.71557
993.62239
1039.552
1050.1071
