836.16474
816.22683
798.65204
807.20059
791.99617
770.8125
794.10877
782.36956
828.09351
845.76996
827.76404
842.22398
778.45824
766.52342
834.19218
821.29036
826.26084
841.63164
808.63664
837.63839
804.94338
741.21077
829.41161
840.15944
864.29407
738.8422
837.93812
826.88626
842.42756
804.82055
755.65072
813.8516
804.34885
814.78362
859.59483
815.55365
835.16469
843.21182
813.27015
853.52744
801.23749
778.63079
749.33101
814.92279
810.07835
833.64222
831.68065
732.47906
817.44662
850.52306
809.36794
