951.50495
1571.3173
1615.9404
1882.1041
933.67992
1080.2729
1068.9049
1585.325
1918.4695
991.93866
1293.3378
2003.4085
2375.5958
1767.676
2054.7964
1624.1837
1372.2785
1718.8486
1256.5988
1111.0932
706.39223
852.15635
615.7159
1037.5517
574.57035
1901.544
848.70702
727.98695
587.12969
2095.6285
1517.8904
1587.7982
1380.6782
2299.1536
823.72249
1349.5835
1351.1634
660.08401
980.00914
1266.5001
1108.8891
826.50612
1213.3665
1544.7538
1858.9347
2083.6504
1872.6604
785.18736
1357.2736
1678.0589
1501.6186
