598.73197
571.1092
556.86022
572.69253
593.75615
563.61768
569.27391
580.67027
604.90917
531.34249
601.79145
615.27455
588.29945
575.44209
584.7481
562.51391
550.02196
515.11676
583.67194
587.02339
574.7972
554.75282
557.69704
567.77925
545.40797
580.02987
569.43156
589.07868
568.13553
550.52482
588.02213
591.60266
563.99313
561.29547
573.22634
567.86454
598.55707
559.13148
606.43304
562.69528
520.41708
580.22131
586.2881
635.45386
583.67862
600.06675
574.84024
599.74055
543.53928
596.35719
578.64999
