259394.62
226847.53
313024.9
440075.79
118533.98
423012.44
329815.88
333690.86
170740.11
298299.78
256928.22
395408.61
269331.89
392338.1
196968.58
272551.8
239330.01
170161.58
219373.8
208939.84
143545.24
234819.25
189493.96
378295.27
276409.75
188647.68
152981.67
351685.74
417698.8
313260.25
306458.57
457683.66
312277.43
152756.84
182402.52
271803.64
165774.81
277995.01
149850.02
181578.6
324464.87
298401.95
273749.68
272479.32
172489.93
114727.34
106140.83
603253.04
146566.58
240153.04
249371.36
