911.88928
887.48593
874.50595
864.51672
897.25194
879.79742
878.61131
888.6352
887.11492
897.93339
904.18104
852.85249
904.88136
900.73568
905.31249
873.1937
884.70497
889.04954
898.09103
897.87267
889.68384
873.12063
870.89412
841.11832
907.60609
857.34509
874.75779
898.96829
908.75826
870.54715
882.78693
826.84454
892.26076
892.39954
881.07914
899.65969
875.54704
864.60947
892.26653
904.35507
879.65842
896.46383
884.18696
910.18914
882.86381
872.91992
904.23514
902.85599
868.06821
889.29274
916.4095
