808.47504
727.29961
646.59386
730.08582
799.20413
768.16781
681.67435
699.36454
794.19061
839.31646
747.93719
682.68277
672.21784
793.6788
728.51478
709.80694
646.25645
749.71615
658.19848
760.33692
761.7364
692.15793
776.0329
725.1097
750.957
788.19488
661.76441
694.61686
735.52699
722.93202
769.84038
780.67602
767.63185
713.21557
716.59632
737.44001
829.1112
782.03055
807.31661
809.66918
762.77478
759.63308
807.98058
655.36846
813.26636
635.13183
780.70467
772.12723
771.90914
781.64563
724.76558
