58.079901
58.672818
57.61974
56.015166
56.254632
55.684656
56.392062
57.620349
56.481139
57.233712
55.724717
57.086684
58.08855
56.170989
56.350724
57.311805
57.245743
58.217749
57.875747
56.51661
57.053196
58.335038
56.741301
57.31336
56.120684
56.650387
57.343795
58.00005
55.920915
55.815955
54.569864
55.879028
57.237114
56.252562
56.582314
58.347272
58.148388
57.658282
56.101254
58.355368
56.815133
56.950949
56.516318
60.451811
55.882074
57.390317
58.110178
54.727245
55.110741
56.879064
57.531498
