2100.2531
2607.7446
3288.3749
2785.3578
2980.2889
2676.8851
3361.1282
4151.1789
4232.1895
2844.6147
3057.215
3375.3323
3070.671
4053.1364
5008.4368
5521.3842
2542.6799
2659.4335
3820.7008
3370.5449
3657.8224
1929.0354
4345.9346
2311.6124
3514.1003
3386.2729
3186.2149
3915.0971
3313.931
2427.7061
3056.9672
4365.4375
3282.8363
6278.0819
3233.86
2939.9904
3034.2664
2122.0542
2790.3222
3141.2499
4497.8671
2864.9862
2868.0826
3009.3617
4020.6035
2555.5857
2577.9269
3748.1109
4625.691
3109.6392
4116.3884
