374.6904
366.40027
375.73341
392.2031
371.56895
365.92974
356.76024
376.61808
370.74063
368.76158
385.42479
374.47878
372.87518
377.13152
380.45971
387.61922
394.1324
386.17002
381.21692
365.48879
372.97159
393.05466
389.38853
379.65778
396.15586
371.43904
395.68346
371.21158
377.48685
385.57291
394.08067
388.7547
367.42265
368.50386
383.57922
373.49959
377.443
388.77567
372.72411
371.35191
368.38823
393.22987
379.19252
392.64486
379.55158
386.88556
391.95306
367.6056
374.40628
384.40361
372.8065
