843.76847
821.50311
844.44108
848.48077
858.8163
840.15928
835.8676
825.28339
805.75057
826.02466
834.26709
835.54026
859.21743
827.57269
831.69645
826.86218
836.33862
854.46496
820.88693
826.08646
851.39728
857.84222
792.70966
851.47667
856.79332
843.77632
827.86647
834.55352
832.9588
834.6253
830.18869
849.55228
819.37643
850.93127
843.16957
840.08243
837.08407
848.48498
804.6201
846.30865
819.11736
844.97931
848.2681
839.99338
830.21759
846.09595
839.03076
851.70282
842.41065
832.26219
857.89872
