42.425113
50.182501
47.608692
54.396669
56.964737
52.580161
58.177769
56.9587
55.50948
58.118112
45.666436
42.98015
43.695865
57.987187
63.85505
48.479161
52.603791
41.302713
55.602769
54.146302
56.507484
41.999004
59.755577
34.867181
54.056002
48.931472
49.392931
47.638091
51.305119
43.260974
52.871463
45.479316
61.495022
51.92145
42.827896
55.606821
39.513152
47.446426
53.265865
44.754909
42.475387
38.779191
48.586974
54.788907
51.388349
57.016744
45.218484
47.96506
51.484839
48.897472
53.203362
