0.12516253
0.093153559
0.15839739
0.0926543
0.086248567
0.13765853
0.068324121
0.063072777
0.061554445
0.031909311
0.043687731
0.15249155
0.13279264
0.062458483
0.14682707
0.03698036
0.11472421
0.12972061
0.13388794
0.076970533
0.10299096
0.039398999
0.059945259
0.037377334
0.15061298
0.038006287
0.038628389
0.012582427
0.072643111
0.082758526
0.16474064
0.12913178
0.1108663
0.033859228
0.11238695
0.069034266
0.11521028
0.090101109
0.069578466
0.15421131
0.090003849
0.057022025
0.13385591
0.083748354
0.11480551
0.10491226
0.038054278
0.12239134
0.040521284
0.11990702
0.081798758
