1.1517255E8
2.3029717E8
1.6529336E8
1.5598776E8
2.2537708E8
1.9309937E8
1.5546806E8
1.994172E8
1.1395217E8
9.6591029E7
1.3108855E8
2.46871E8
1.5054593E8
1.3788761E8
1.5278626E8
1.3994515E8
1.2191253E8
2.0896469E8
1.8017415E8
7.6202898E7
1.8733155E8
2.330873E8
1.9568234E8
2.3069724E8
2.230496E8
2.1358507E8
2.078464E8
1.4947697E8
1.7122925E8
1.1912928E8
7.8172971E7
1.8361664E8
1.7697294E8
1.1381724E8
1.7641325E8
2.1163624E8
1.6699763E8
1.5443004E8
1.5022334E8
2.2080792E8
1.0522599E8
1.0086877E8
1.9232241E8
1.0142286E8
2.2271375E8
6.3732231E7
1.1315262E8
1.2218683E8
1.1096021E8
1.9982133E8
1.3585098E8
