4662.8433
5256.3172
5046.0322
4373.1199
5064.5001
5004.7579
4828.0129
4502.5545
5318.4306
4672.2755
5067.0957
5043.1996
4495.1377
5290.7243
4429.8796
5240.0621
5159.2382
5094.6492
4629.4504
5160.4686
4696.3061
5144.1758
4767.4566
4387.6435
5197.3176
4655.5145
4850.5657
5188.8943
5277.991
5221.9308
5209.9498
5077.8596
4536.948
5120.9978
5277.4765
5206.981
5025.2463
4874.7281
5093.997
4671.6353
5083.104
4880.4244
5024.4755
4953.3922
5080.6244
5059.1992
4937.3725
5421.3964
5700.5563
4461.056
5195.7476
