221.77687
263.18031
251.43563
193.81124
219.63415
313.67808
304.82321
302.68912
258.80882
275.33407
212.8469
172.04213
245.33229
219.91583
220.33361
206.17736
190.61278
293.18623
208.04196
298.48823
275.66346
204.89299
238.39745
284.23251
239.89708
254.58245
280.81992
232.50602
179.36386
220.49157
241.25992
219.47758
288.43978
216.05649
187.77087
169.27611
208.64803
255.43321
228.44457
258.28014
277.493
238.70631
284.42567
258.77323
239.93102
226.97575
164.8418
219.6822
249.11638
274.94887
236.74424
