128.81285
429.79061
126.33886
128.72467
245.44044
488.83056
937.30886
246.99848
741.68733
303.5201
128.72869
363.77793
245.32855
127.10613
247.72613
562.06909
302.36638
137.24863
778.5827
347.57341
428.8061
420.74261
640.28479
422.82491
247.45707
251.55222
127.29332
304.29809
543.12955
428.67612
131.09145
466.9719
245.58656
130.35131
245.67565
344.0296
133.20646
131.80504
127.1482
306.55582
541.25923
420.14873
247.87977
600.49611
127.1855
345.12559
758.58346
245.68745
462.56056
128.7711
137.83262
