762.97046
793.58694
719.62904
697.82101
666.69372
745.56898
748.48215
715.16401
630.37836
688.54689
579.12112
641.1963
791.11044
672.36206
690.29445
704.01417
775.91861
637.33158
724.79838
650.06558
653.19416
645.95415
651.46105
644.96464
665.80737
690.19328
700.13855
630.35414
723.47376
656.79984
725.26568
654.58126
701.25315
654.25217
721.49631
634.36637
668.31459
678.95707
656.79605
661.55528
750.0558
654.91959
746.63066
691.74755
713.72997
661.34596
784.20976
692.60071
744.08106
739.86854
687.80329
