898.05703
601.98058
1168.3036
871.90492
984.03207
1519.5409
846.81271
1419.3519
813.28363
1412.2091
946.23927
1023.1108
1085.9518
1304.9593
1434.9652
835.41627
937.65735
1386.6696
877.73057
1022.9546
1232.9232
1189.0681
1069.4516
789.13116
1021.1201
746.64413
1060.7432
1051.0849
1142.688
843.32157
843.19047
1030.7161
1080.0884
866.45595
776.80135
888.68584
1062.5466
1314.2571
755.59759
893.56833
1311.608
955.3185
1256.7462
607.62668
815.02739
1252.307
789.58261
1164.7549
1050.9331
995.95369
1157.5215
