614402.39
773621.7
581355.55
794917.07
649369.76
639918.6
665344.39
692192.37
625264.79
625261.01
802307.36
581352.17
760728.87
579416.95
759949.09
651274.12
590485.03
579417.5
608458.71
652686.01
581352.01
665484.09
665350.78
665444.08
773619.22
579420.07
676880.75
679386.0
701721.9
749774.04
579417.88
662912.73
774653.46
733520.43
748915.96
662003.76
639209.16
698756.23
691491.79
692716.57
651776.34
654336.64
648336.59
733189.65
665458.83
651768.8
648335.39
665343.41
891917.38
654337.35
579419.27
