6.3328132E8
4.7366044E8
4.4161557E8
7.1132038E8
5.7073546E8
5.3513025E8
5.813272E8
4.8788441E8
8.7069091E8
6.8505874E8
3.8715456E8
3.933547E8
7.2838757E8
3.8113223E8
6.4859669E8
7.3905925E8
6.2755636E8
4.4557655E8
3.8867595E8
2.259139E8
6.2419674E8
3.4381792E8
6.4189931E8
7.5511793E8
4.2063822E8
4.1999879E8
4.5691122E8
5.4671457E8
8.163583E8
2.1061477E8
8.8329884E8
5.1761884E8
5.3741476E8
8.9766864E8
3.9227148E8
6.9301884E8
5.6656557E8
7.4828635E8
3.3632687E8
3.6127889E8
5.9304995E8
7.7901612E8
4.2924349E8
6.3175786E8
5.7435721E8
3.5294277E8
3.9166177E8
5.5992523E8
3.8739178E8
4.0120755E8
5.3808326E8
