12.376807
13.930906
11.533482
14.202825
13.089599
13.051609
13.819549
12.445838
10.982299
13.717149
10.282691
12.125686
12.900629
13.578808
12.497461
14.371557
11.969938
13.322956
11.810079
13.259164
11.860146
12.067236
13.029081
13.093542
12.010303
12.369008
13.144614
13.246227
10.92952
13.51531
14.538641
12.586085
15.202139
12.013492
11.262268
13.07973
11.935766
12.964099
11.485862
12.649241
12.464008
13.174021
12.604492
10.454496
11.712518
12.962985
13.067685
11.33993
11.772672
13.059246
12.988908
