1.7804522E-5
1.435135E-5
2.0212029E-5
1.447998E-5
9.4807309E-6
1.2758252E-5
2.4665197E-5
1.5605957E-5
2.0980456E-6
4.5150581E-6
2.0713501E-5
9.0796362E-6
2.8383836E-5
2.3670599E-5
1.7205082E-5
1.104814E-5
1.9894641E-5
3.2583655E-6
1.219731E-5
1.6316304E-5
1.6130552E-5
2.0295445E-5
1.0979818E-5
2.2116265E-5
2.0086374E-5
1.9860504E-5
1.4030634E-5
1.2080165E-5
6.1589201E-6
8.1678523E-6
1.9732844E-5
2.8389529E-5
1.5534525E-5
4.3022619E-6
7.3663042E-6
1.8623943E-5
1.5497298E-5
1.7602861E-5
1.90555E-5
1.2169185E-5
7.5177015E-6
1.7864319E-5
1.5683229E-5
1.9590598E-5
9.1706387E-6
1.3573289E-5
8.8189885E-6
5.1584636E-6
9.7305799E-6
1.3980309E-5
1.8423323E-5
