28.053592
25.016167
30.504846
42.984496
30.059171
27.664397
27.33026
24.415891
31.293503
24.187965
27.186352
30.461565
33.491461
32.499484
29.615653
32.27481
23.919385
26.801775
38.192453
33.768585
31.002963
33.93187
26.669051
30.455153
28.357544
29.037987
33.553609
23.964869
30.415907
43.851433
32.038163
23.306274
28.028779
25.594708
41.596939
33.302627
22.55923
32.411669
26.317951
43.163891
44.813973
32.931281
26.232243
29.139702
36.190628
28.204848
39.625183
27.532135
28.560287
27.109245
25.877022
