2759.2047
3080.8918
2794.3436
2621.758
2499.6831
2885.9795
2347.1474
2787.0895
2650.2957
2564.203
2601.7205
2771.0998
2724.4093
2563.5902
2901.641
2765.2445
2579.7174
2892.2953
2332.9776
2271.3841
2437.4769
2907.867
2923.415
2478.9374
2773.5369
2881.5818
2629.3795
2537.7353
2767.9267
2696.1052
2836.6489
2788.2782
2904.1931
2429.8237
2887.5324
2691.4573
2456.8226
2467.668
2600.305
2754.6231
2733.823
2584.0031
3055.3971
2389.0239
2690.2346
2431.1953
2740.9384
2748.9738
2661.2754
2719.1379
2363.0667
