410.15086
197.73141
191.44848
278.29613
365.66532
195.41243
71.535172
302.30218
392.35239
214.52728
309.08466
208.49868
248.22248
66.990861
145.27311
340.34488
252.62156
467.24237
223.47093
352.92045
306.60366
336.87307
249.57575
248.33189
340.31456
324.65748
393.01656
263.81741
261.54492
360.80012
437.77428
482.85746
305.27022
246.12273
257.31656
295.37914
313.33432
330.84932
312.06167
145.29763
219.20215
176.26506
277.72159
159.33753
162.69992
366.79721
210.63781
193.46876
435.69434
529.86526
419.57637
