1419.6914
1069.2322
1241.44
1390.7059
1164.9624
1373.4228
1382.125
1089.5447
1054.0017
1471.9705
1242.7258
1339.2622
1287.7732
1323.4221
1408.2818
1094.3811
1422.5338
1216.1399
1457.2002
1407.882
1260.4655
1438.0416
1248.957
1214.8046
1116.1812
1172.934
1407.3826
1305.3548
1195.2109
1271.6973
1426.9238
1332.2222
1376.3321
1075.825
1432.0406
1250.3536
1392.4203
1396.3661
1295.2197
1187.6149
1212.8737
1164.3446
1330.5068
1380.2411
1206.5927
1356.6886
1129.1069
1309.6293
1285.0691
1264.8122
1029.2007
