58.669668
61.049545
82.68606
83.188515
83.255145
84.093279
81.921311
83.791472
83.008924
83.704729
58.789489
58.66645
82.28392
72.527652
64.006614
83.2442
82.755485
83.892642
79.736465
66.784812
68.559314
85.311753
73.462659
83.224972
80.666347
80.261239
83.789212
60.598841
60.531163
59.641108
83.31177
58.848617
78.449738
58.702927
83.313917
59.115407
61.591231
63.477002
59.102986
82.849981
59.70387
86.158298
83.159545
60.012681
79.65544
67.139772
83.192154
74.428694
60.198048
83.358421
83.355898
