152.02447
145.09182
140.93424
150.16631
155.78061
144.47493
127.92866
132.64962
139.96793
136.75915
145.66202
119.00067
144.7753
136.40901
130.54836
129.66842
138.23237
158.52635
129.99578
146.59381
138.36406
140.94823
145.98081
139.0724
150.17868
131.48254
151.14474
153.33283
131.86826
145.80228
154.34615
154.91717
148.98732
148.08751
133.06782
159.01533
152.06385
150.9166
148.16866
144.60299
141.75556
134.88846
118.82491
139.3802
134.61709
139.93446
140.15147
127.59057
139.18443
154.67586
138.92723
