248.80104
259.92472
245.52156
248.75128
258.1076
257.00045
243.33378
248.59898
257.54054
265.76494
254.01215
250.87983
255.67121
248.75069
254.89668
256.25501
260.90965
254.87354
264.76127
264.65457
252.6066
256.60123
252.7018
255.45198
255.29416
258.86651
250.242
256.15112
250.39236
246.47048
261.93387
260.64871
253.14704
255.42067
259.64519
260.75275
253.07136
247.77977
261.1317
252.77965
259.3786
255.74782
256.55408
248.97689
248.75955
242.21773
259.25313
249.33643
250.98924
254.21779
260.21744
