1679.9973
1664.7283
1661.6564
1690.7321
1764.8857
1708.3592
1730.8892
1675.5913
1713.8016
1672.0386
1685.9936
1726.8354
1688.8687
1686.6989
1708.5722
1696.4769
1666.1589
1710.0845
1619.9289
1734.7074
1729.9291
1714.165
1688.0505
1713.9969
1632.1403
1668.1533
1739.753
1732.7559
1649.732
1666.5487
1614.092
1662.0552
1588.0479
1719.7036
1735.1371
1696.6437
1739.3429
1585.479
1710.6121
1726.8236
1690.2532
1721.3315
1678.3085
1721.8805
1650.0128
1686.0949
1692.1929
1692.8969
1637.0865
1620.1823
1693.6047
