1.2481801E9
1.7897548E9
1.5070266E9
1.5645686E9
1.5101148E9
1.650339E9
1.2175462E9
1.685764E9
1.7039953E9
1.7895309E9
1.6081385E9
1.5626033E9
1.6384294E9
1.5307202E9
1.6609031E9
1.6121861E9
1.8189059E9
1.6377463E9
1.6796934E9
1.4607132E9
1.4511128E9
1.0119245E9
1.8043689E9
1.7505998E9
1.4503246E9
1.6679997E9
1.5923684E9
1.7898138E9
1.7309505E9
1.8990401E9
1.3796331E9
1.6715432E9
1.7060808E9
1.343295E9
1.7844428E9
1.5194285E9
1.1480695E9
1.4670869E9
1.5739635E9
1.7295165E9
1.6172904E9
1.4900325E9
1.5476348E9
1.5689372E9
1.5977112E9
1.4771588E9
1.860644E9
1.5615024E9
1.7626122E9
1.3370058E9
1.4286477E9
