1236.9523
1102.9921
1415.592
1434.0646
1336.9862
1314.0336
1311.842
1360.5338
1180.7833
1323.5933
1233.072
1148.1475
1425.4127
1317.4685
1431.4591
1197.1818
1181.7487
1173.6144
1306.81
1309.1647
1292.212
1429.3213
1256.3683
1552.6312
1259.9288
1316.2855
1361.4494
1286.3889
1483.4793
1133.8348
1326.0499
1417.3328
1295.0251
1375.4633
1343.296
1345.6845
1022.7071
1259.3137
1051.767
1212.0516
1552.172
1138.7436
1407.5319
1248.0451
1406.1553
1416.0386
1173.8869
1290.8031
1354.8538
1115.834
1430.2275
