100.52112
100.97719
110.54514
110.91841
96.588309
106.743
87.827892
103.90115
102.58924
110.13905
102.25049
105.77104
91.707753
112.84739
98.834327
109.89645
103.24427
109.79835
108.31824
102.54045
104.29112
100.93952
103.47876
98.791841
108.68613
100.272
104.68285
104.94581
107.09317
108.07477
106.18893
104.11302
103.17526
108.30967
109.11364
95.260569
101.06343
96.43314
96.323409
109.85934
108.72933
108.98874
105.98274
100.81024
108.23297
103.05123
102.72929
100.80219
103.15486
106.85264
101.43055
