698.6456
539.33301
667.38566
631.59563
456.72617
562.4297
581.18103
530.31511
456.47972
578.69591
714.94921
529.78134
581.1376
668.69716
524.89734
414.78385
687.06206
646.95975
458.54023
544.73242
595.46424
578.68943
654.51137
492.6157
711.04774
496.37747
721.88687
619.55315
546.36902
494.16797
590.57096
544.97556
475.14154
538.37835
560.00727
470.74915
481.12211
631.46768
655.20191
373.32911
562.81191
497.28746
559.98537
512.98987
580.16243
583.86233
529.29553
830.00484
640.18503
576.459
733.43109
