7486.6279
5661.8704
6369.4614
10725.21
10434.978
7686.176
5395.3438
13028.247
9499.6693
4552.0183
12543.475
7107.1134
7320.1031
4444.5681
5797.2112
14161.231
8188.4674
13081.805
16188.19
8918.2747
4964.3047
8876.6154
12707.729
11086.014
8449.5293
10558.806
7119.7666
9683.7033
10945.297
9395.6545
8094.4457
9231.3995
15036.902
12169.392
3860.3396
13790.107
9620.7983
10699.53
13400.239
3480.2729
4147.7591
9323.2273
5623.3188
9770.7401
10788.501
6442.5402
4918.0635
1894.1569
5149.214
6519.725
5210.0013
