771.36286
763.51309
757.30242
802.70695
794.80185
823.28933
781.60806
775.41229
800.15961
813.18418
789.24438
790.38678
780.70891
770.41646
800.12239
753.99849
804.04798
818.80421
754.06561
788.36336
746.30154
781.23897
811.68155
739.29469
748.49282
796.40783
794.2178
829.84747
762.38193
786.50245
788.58728
751.52397
744.75137
745.69431
734.46614
784.04704
768.94984
794.02662
794.91309
789.02599
804.59343
721.92892
811.76168
738.18683
808.154
806.90045
774.06681
789.57481
741.31159
754.14424
840.13195
