1087.5486
1610.9909
1387.3222
1396.5946
646.50078
1291.4023
1238.5194
1222.7104
1579.5665
1634.4328
1289.3309
1371.4944
1590.248
779.20169
1519.9971
1624.4811
1432.3818
903.28517
1001.4291
1652.7338
1342.2535
1452.8021
1363.7759
1585.2415
1540.7431
1370.0105
977.5732
1338.7052
1170.3666
1551.794
1151.2282
1184.5781
1507.4845
587.72984
1065.1208
911.52307
1312.1817
1479.3943
1364.2548
649.56442
1306.1451
1716.2135
994.42787
1365.1111
1140.2266
1156.1823
1544.4416
1590.7307
1383.2342
1322.5849
395.85059
