1274.6517
1291.7648
897.57511
903.23799
1361.374
1316.6224
894.91812
901.21713
1339.6432
925.15918
1364.2354
1325.2759
1254.2868
1313.554
904.44939
1324.9803
1271.2957
1302.8921
1271.4938
901.38313
894.60754
1318.5139
899.24356
902.36371
1330.5339
1333.4731
1342.9384
1299.0614
907.89945
1290.5706
1347.5294
901.96312
1302.1249
1313.2383
896.48697
1326.5894
902.82757
1294.9731
1311.6203
1311.9177
890.51496
1283.2492
889.07873
1304.8685
1306.5741
1282.4233
900.06577
896.72998
1309.4137
1279.5213
1300.668
