635.92744
609.46655
621.28577
621.22822
611.44636
607.00605
617.24829
629.1685
637.02491
630.90245
626.78754
607.93573
608.57924
630.65571
606.96321
622.1468
630.01118
615.65106
641.57371
631.49909
607.82161
612.64065
617.14663
609.80315
622.86086
618.7661
619.6544
647.40166
625.69453
624.10257
608.12167
616.58493
634.59418
626.85982
632.16476
610.10407
621.89062
623.64448
611.36592
609.69293
607.19153
626.01477
602.31984
627.42203
611.24354
603.03203
603.0043
609.78381
607.20283
646.41388
609.34923
