1379.8075
1377.0657
1451.7934
1341.559
1398.076
1300.1272
1361.1283
1390.3376
1385.3355
1372.05
1362.6477
1301.3912
1336.4456
1295.8456
1405.3836
1345.7073
1402.8714
1395.2961
1362.2054
1360.9167
1302.4756
1375.5239
1381.8466
1370.8832
1324.7705
1423.4045
1365.807
1346.9854
1382.0145
1391.3803
1274.2002
1416.6196
1364.456
1391.2522
1433.62
1279.4395
1398.4285
1263.1921
1387.2394
1336.4354
1394.1138
1413.1308
1382.4711
1303.2261
1377.4936
1272.0832
1443.7149
1373.6565
1434.2386
1388.5194
1384.7703
