1.3478459E8
4.0181475E8
1.0835133E8
1.7999935E8
3.6299634E8
2.0179067E8
1.9447371E8
9.1161374E7
2.4150801E8
9.5256263E7
2.6369644E8
2.0181009E8
3.9489548E8
2.4074303E8
3.0100359E8
6.5807825E7
3.3219524E8
2.5846464E8
1.7288163E8
3.6717662E7
2.1833379E8
2.8789356E8
1.6290446E8
3.1068265E8
1.0668007E8
3.156875E8
2.9809737E8
1.2836044E8
1.9131635E8
3.0239613E8
1.6534278E8
1.4459376E8
4.0849794E8
4.4576568E8
2.3245502E8
8.960442E7
1.0267113E8
9.0549948E7
2.1867419E8
1.3801208E8
2.7326384E8
2.63906E8
1.5247309E8
3.85186E8
1.7267437E8
3.0227159E8
3.907179E8
7.8779079E7
7.2038485E7
1.7387867E8
3.2400335E8
