1.5350304
1.6243447
1.4850561
1.5100889
1.3233878
1.5266274
1.5310976
1.2548294
1.4191654
1.6758759
1.3395874
1.674639
1.5836468
1.5520454
1.2850736
1.5005541
1.4078752
1.8623546
1.4652547
1.5230038
1.4668706
1.1774544
1.4100415
1.6010458
1.5057414
1.4417376
1.656417
1.5786271
1.3588857
1.6170852
1.6304527
1.1978215
1.7631362
1.6899397
1.4186853
1.4765132
1.5171697
1.210586
1.529028
1.6712292
1.640714
1.5584081
1.4366487
1.3535415
1.5090556
1.6070447
1.5157843
1.4065252
1.6546893
1.4992411
1.7008298
