294.37648
368.98313
298.06695
284.96973
309.9899
313.67808
433.41677
337.17043
323.96849
338.83969
335.64394
274.12797
300.3269
338.82762
272.39589
292.38494
344.45252
293.18623
314.82837
364.09447
384.80059
345.26536
399.67946
362.81491
371.41946
308.33973
280.81992
253.69248
234.11733
315.78089
312.16692
312.04153
308.52905
245.74556
403.14376
256.80965
318.37082
411.79006
228.44457
377.99508
408.8608
319.97804
337.30066
374.49171
341.53361
345.78486
308.58936
354.22021
289.62619
334.87368
252.02198
