33.577863
19.101257
23.793604
19.243143
23.138096
33.134111
29.036051
23.882621
29.323973
23.35018
23.591275
27.05552
27.937073
31.095491
32.917792
30.491196
19.344423
23.364473
35.464428
24.569932
14.695886
18.787639
21.192615
35.78501
21.620164
20.617476
10.683696
22.737616
28.46644
27.232559
33.935099
24.561707
18.782632
27.778652
17.679809
19.079237
27.93829
30.021516
35.917749
25.815465
25.187106
22.888255
18.17876
17.739073
23.96554
27.898632
22.56095
18.757039
19.837803
34.116833
34.406513
