152.09136
5.1329595
13.861596
33.16155
137.48408
12.139446
5.6331938
10.819376
128.66565
10.772845
28.254557
7.8939836
8.4001499
9.8368886
12.880099
131.19195
31.157022
35.380419
12.793697
153.33821
51.210101
40.730008
10.943639
10.756023
136.03796
6.3137703
141.29302
21.681584
47.07276
122.09293
4.4406612
16.717675
11.762756
140.48194
4.3909237
19.779365
10.012384
29.447385
11.993029
4.9950508
35.572761
20.932266
65.490755
12.367287
16.55436
19.447282
12.56041
9.5118753
167.60491
133.44998
151.05219
