1817.9902
1469.912
1780.9213
1763.7118
1676.2835
1800.7348
1459.725
1533.7947
1825.1285
1693.6807
1586.186
1854.6233
1315.3949
1645.7242
1520.5352
1516.3859
1685.8204
1270.3678
1759.7252
1730.8074
1753.4104
1863.6422
1621.6909
1735.1995
1849.4183
1599.3092
1629.809
1913.6659
1886.9513
1866.84
1738.1885
1577.6026
1858.553
1687.0451
1698.9573
1651.6977
1419.7656
1825.5902
1903.3688
1755.2592
1585.8995
1647.3948
1862.6096
1669.5134
1734.6803
1624.6586
1277.9334
1278.3251
1574.8422
1933.6255
1939.9425
