9891.9396
34896.373
20124.379
17053.295
13778.903
25116.597
20678.916
41899.973
13558.591
9960.9146
13651.198
14394.304
30493.269
16710.643
32156.41
12987.618
15578.622
18328.892
19516.72
12771.288
11689.501
20027.278
24730.15
22171.626
20256.385
39293.081
16740.708
19307.32
19457.379
56028.241
16562.276
19102.392
22082.1
84731.553
10884.483
22813.385
15103.889
17097.329
13743.111
21138.375
33174.517
23319.729
25125.079
17147.268
24776.186
12791.029
8896.0854
22575.179
38661.255
14440.2
31597.912
