3.0421969
3.3974681
3.447449
3.2901276
6.405031
9.1721001
4.2306521
3.332613
3.3056431
12.402012
9.1992544
3.2636456
6.332991
5.4522222
4.2755171
6.1988753
7.4148945
1.4005476
1.5141466
4.3772432
6.4492731
2.2658496
2.2311856
4.2457843
5.3589159
3.1693584
6.40379
5.5089472
3.4269637
2.3557999
3.3797858
4.4522456
3.5867998
6.2805854
3.2569924
2.2713205
5.4580857
2.3481011
3.337032
4.31502
6.4014592
1.4793369
2.1545508
4.4442335
6.4647002
5.1285429
9.1339098
1.1267457
3.0849441
4.1693034
2.2489888
