576.04143
596.07032
600.53311
594.78494
635.24605
587.62759
570.20345
588.53085
579.6454
614.9706
609.95353
596.68733
580.79945
574.58794
576.29632
586.10087
590.70188
621.39776
593.91053
616.61249
580.15488
591.43684
607.44006
588.17376
625.61761
569.73694
587.85503
598.502
612.03375
579.96188
608.60291
597.13304
589.68468
584.37681
588.98981
624.38426
585.15247
575.03098
594.9005
588.866
591.33375
574.7749
572.28919
587.95267
582.7085
591.16946
608.13443
581.01917
586.09816
601.79893
607.80122
