48736.636
45730.066
48995.483
48513.582
50937.596
41876.132
48190.194
50120.856
51126.61
47248.349
48894.132
49670.625
46123.452
46362.38
45033.953
49578.73
48044.904
41483.228
47097.28
50508.509
53002.031
43637.787
49512.226
49917.157
52001.538
51983.913
47053.879
51426.628
46225.169
45216.749
46376.392
50026.169
51720.201
42652.271
43564.634
53689.332
45699.038
49401.169
44370.902
46223.611
48783.396
46331.541
47316.199
48860.833
49716.809
46376.085
49940.098
49137.331
47618.517
51597.404
47337.228
