458.84876
458.8502
458.84886
458.84954
458.84895
458.8489
458.84924
458.84889
458.84911
458.84949
458.84917
458.85022
458.84874
458.84899
458.84897
458.84964
458.84881
458.84929
458.8488
458.85142
458.84886
458.84931
458.84883
458.84904
458.84876
458.84877
458.84926
458.84877
458.84899
458.84878
458.84876
458.8492
458.85058
458.84891
458.84878
458.84877
458.8493
458.84908
458.84876
458.84874
458.84878
458.84878
458.84899
458.84876
458.85002
458.84884
458.84912
458.84875
507.69471
458.84891
458.84885
