9.5586054E8
1.0998087E9
9.3641801E8
1.1102415E9
8.5079363E8
8.8330465E8
1.0289078E9
9.8726604E8
9.4034669E8
1.0042013E9
9.4066632E8
8.9507662E8
1.0078795E9
8.9645434E8
1.0779081E9
9.0401037E8
9.6872118E8
6.7564912E8
1.1505911E9
8.1737432E8
7.8679934E8
9.1185204E8
1.1468748E9
8.6802682E8
8.3945955E8
6.4462604E8
1.0077546E9
1.0305538E9
8.9262546E8
9.9313818E8
1.0987167E9
1.0551069E9
6.2815119E8
7.378028E8
8.3447598E8
1.0945082E9
9.2378863E8
1.0039649E9
8.5634896E8
1.0120806E9
9.8706993E8
1.1302178E9
8.6540036E8
1.0519709E9
8.8518194E8
8.0691717E8
7.7568878E8
1.0090086E9
7.7156796E8
8.3041741E8
8.2018924E8
