706.14641
707.22718
705.04935
699.04946
701.1849
638.21772
701.77576
705.72674
702.64368
703.37237
762.40134
724.08562
705.45999
704.96088
698.61568
708.65197
699.62528
640.55998
646.32256
761.91578
704.91366
705.39868
763.07614
706.08427
704.99552
701.79973
762.89303
698.1153
706.04078
638.62044
762.53008
704.62031
762.09378
713.14415
762.69303
707.39656
700.74069
705.17729
763.26057
762.84321
700.50889
762.27178
638.05885
704.82779
698.51374
762.02498
763.80357
705.75296
761.83018
702.26288
722.08285
