274.98356
340.94041
442.48308
233.81063
411.0391
426.1363
142.88954
331.43475
385.36128
198.24531
351.19239
298.55521
430.94989
310.27919
306.71596
359.59695
326.61662
124.07437
333.93027
432.53304
344.17028
235.67259
222.20291
245.59579
292.53653
317.89848
171.95865
486.12701
244.84389
247.48942
415.88224
466.37126
206.15535
285.07089
216.45626
306.33301
338.20718
224.09413
382.33553
311.6288
282.98393
429.28837
286.96559
314.56415
215.86811
378.47949
290.35599
364.93587
448.26422
271.67287
188.63721
