903.22741
708.10004
987.50941
761.42394
1007.1561
778.5714
877.19006
911.0167
844.90639
721.74679
1050.1527
982.4794
792.79772
496.24815
1047.7514
910.73352
941.67422
964.2863
886.73351
1076.6512
899.93403
940.06352
546.99761
789.86973
973.15064
494.44326
1023.5441
992.28118
963.50249
564.13876
886.18872
898.02147
769.76445
726.23656
993.07441
843.91839
856.41084
773.31682
1101.4563
867.84545
840.39977
638.86985
779.69884
934.88366
906.91818
749.27709
480.11028
893.23899
901.41956
1017.4928
946.57763
