7.0362999E19
1.2854851E15
1.2855812E14
7.204567E17
2.7593271E11
7.7385755E11
2.6587207E17
6.5758298E15
1.2324172E18
4.4799383E20
3.4463684E18
2.7845272E15
3.8509223E17
7.95305E18
1.032731E15
5.1800018E20
1.171646E14
6.4350915E15
8.665127E13
2.236734E16
4.725565E14
2.7027615E16
1.1139219E18
2.272004E15
4.8014706E13
4.3687734E13
8.6877504E15
1.707295E21
2.6263172E17
1.867209E14
1.1374132E16
4.6315672E18
2.5828174E15
2.3739659E14
1.8502794E14
1.0196949E15
5.7437304E17
6.4479732E15
1.6130144E18
8.2129629E14
2.2091587E16
1.066873E17
1.3040071E18
1.4139797E17
6.4175969E15
4.6908334E19
1.9152322E13
4.6053467E17
1.0990315E18
5.2029564E16
1.4258955E15
