3011.624
2329.4597
3087.2173
2697.5993
3010.4687
2905.507
3176.529
2986.1861
2689.7851
2568.5846
3004.8092
1371.0444
3044.23
1516.5257
2995.138
2402.7452
3086.8733
1948.5691
2145.492
3069.5066
2497.2851
1967.9529
2833.6597
2636.8255
2950.5278
3354.3909
1393.4867
2418.119
2218.3479
3082.1198
2693.0092
1687.3971
1705.6221
2609.6441
2618.4998
2794.8121
3255.7818
1845.6128
3362.7499
2623.0279
2950.7568
2744.595
2846.2084
2400.2242
3143.2229
3064.1613
3099.3208
3298.2133
2173.6082
1571.6034
3074.1493
