132.32167
116.77336
64.041634
83.503668
79.812008
37.285409
92.926696
111.33412
13.220211
61.043797
114.50799
88.997681
76.499106
116.89101
90.541495
124.28429
106.67969
111.28204
61.149271
93.26739
67.173988
128.64598
137.78242
118.70563
47.902018
115.88896
117.67647
67.719509
120.98942
122.60847
55.412624
24.303835
116.34581
78.105468
94.832823
61.924995
95.734316
111.77462
99.339402
54.156163
113.49359
113.06103
80.612886
58.806174
85.143893
104.74689
112.28262
57.465167
69.176242
124.50892
66.168623
