722.12689
720.05249
688.58511
728.01945
716.19329
680.40088
718.04872
688.29695
706.72519
712.53224
712.43718
645.40009
767.41886
703.24856
749.37883
700.31347
764.10163
694.48427
709.01558
763.43561
733.27695
707.86721
689.63665
695.15712
740.57477
696.73414
701.03987
764.95148
704.27225
740.0618
737.36188
730.62954
719.3632
732.94022
745.3004
672.63601
743.6191
727.50511
743.23661
693.1318
721.71838
719.39217
751.91254
686.10493
657.5661
759.57123
684.50403
682.08378
711.23679
719.69783
712.71421
