27.995489
23.926353
30.332946
42.921976
29.990633
27.528609
27.056502
24.230567
30.994187
24.017697
27.044275
30.011305
33.196391
32.458187
29.159603
32.01966
23.885241
26.757492
38.051003
33.229087
30.963748
33.400837
25.291458
30.434456
28.094958
27.966267
33.228368
23.941478
29.977039
43.794742
31.750616
23.292379
27.848302
25.301403
41.074466
32.54377
22.431374
31.943761
26.168832
42.981013
44.789156
32.884943
25.975591
29.117879
35.904134
27.95208
39.425237
27.175052
28.390992
27.076747
25.018606
