95.169765
86.946318
92.157767
91.319496
92.125619
91.055476
85.167517
88.768722
92.474123
84.195206
93.855012
87.862592
90.925247
89.964538
85.375043
95.378684
91.091836
90.977713
90.471599
92.179714
83.110405
91.510179
93.895987
88.700954
91.937117
87.238642
97.411586
90.100252
93.003367
90.316778
87.612286
88.87154
89.037289
92.004013
96.071624
93.796803
91.068584
86.641439
91.190529
90.791859
94.833819
90.923595
89.530971
92.92845
91.012732
90.761541
93.970467
88.277934
88.456434
87.134075
87.699581
