74.979924
46.375184
43.705255
51.475117
59.388672
66.239023
85.581392
81.170009
42.740228
67.708953
60.752444
63.955559
68.275853
75.58527
91.073016
84.582471
77.648547
95.540411
69.672542
51.595239
63.430567
83.854507
45.447123
54.927181
56.03136
87.791697
34.509201
79.809535
61.518921
65.682057
61.384159
71.69954
71.746195
55.365872
53.859593
47.347872
56.756375
61.866512
80.184618
66.10792
32.06423
75.012738
63.623572
68.189115
74.455592
36.533049
74.704159
49.908608
73.91177
91.579557
48.690982
