2084.24
2189.1268
2027.3868
2210.9276
2113.1904
2210.4915
2017.0174
2273.9769
2182.5823
2050.1979
2120.85
2128.4303
2024.173
2220.3344
2057.2864
2137.9399
2174.6352
2355.9888
2026.6388
2030.837
2387.6178
2249.274
2011.6932
2183.3502
2006.9926
2018.205
2152.2436
2170.6279
2027.0541
2016.5714
2145.8314
2073.4798
2067.7391
2096.5589
2110.4032
2048.4216
2076.4153
2123.0244
2026.7034
2158.0533
2078.7281
1976.3782
2142.5625
2059.546
2088.0199
2163.5636
2009.8508
2092.4792
2306.7923
2116.9095
2121.1304
