28.025764
24.521159
30.458487
42.966428
30.041253
27.605903
27.218039
24.277368
31.211434
24.163186
27.167465
30.393433
33.474351
32.463437
29.175186
32.233981
23.889764
26.764222
38.111328
33.283503
30.970742
33.523495
25.63231
30.439848
28.347701
28.399821
33.262944
23.9475
30.298779
43.799616
32.006576
23.296604
28.004313
25.324865
41.087006
32.911474
22.529022
32.354347
26.179782
43.004575
44.79862
32.895653
26.182834
29.118892
36.144976
28.040984
39.577279
27.182997
28.530407
27.094763
25.260282
