1.3352225
1.0234465
1.1295077
1.3452302
1.0857094
1.2095856
1.2526547
0.98035899
1.0221527
0.43968338
1.0089793
1.0894645
1.0414801
1.1691791
1.0988924
1.2222819
1.3292905
1.1035168
1.1191901
0.31832037
1.1493886
1.2924435
1.0606425
1.1155112
0.99843024
1.0030412
1.1966552
1.1842776
1.1933639
0.21530357
1.2125644
0.46552684
1.408103
0.68520312
1.3302694
1.1466719
0.63163659
1.2057446
1.1429692
1.0001534
1.2591535
1.4143911
1.2636404
0.9786003
1.1466114
0.45419458
1.2517755
1.2077178
1.0009965
1.1856915
0.50212846
