181.95375
169.39989
183.43365
142.27167
187.73952
168.70456
155.62351
161.9312
152.43704
168.65427
154.41413
174.6564
183.17119
142.95714
163.71066
187.70846
159.89717
170.44968
145.37577
173.74854
151.62848
156.57825
155.375
169.10222
173.67691
184.81257
161.00804
171.8173
168.57089
159.94697
160.51172
164.57703
179.87242
171.35058
181.73565
175.32562
169.84061
178.9881
166.96025
177.74003
162.27836
181.23201
172.25987
167.21248
189.58168
173.1903
162.44573
169.03528
167.82693
178.62325
168.85585
