2941486.4
1831566.4
2819386.1
1768529.6
1172637.4
1223270.1
1807725.5
1093673.9
987880.82
1073982.9
968693.61
1365879.0
593247.98
1802278.5
475380.01
892019.58
1311645.8
1052656.6
7630533.5
1664230.6
814779.57
1236475.3
1814850.0
1341537.0
1544721.6
2721209.0
1676902.0
2033377.7
1702506.4
1217941.4
881121.8
377536.88
4661049.8
2166888.8
1145976.7
1165248.3
1627948.5
2330228.2
1805041.4
2118811.8
1146583.9
550936.95
1548700.0
1086715.5
1035735.6
1173640.5
1236996.6
1221789.9
2208831.6
2010516.3
3454242.1
