222.0678
224.96947
474.53695
491.11988
412.35125
368.28116
589.01757
273.74937
516.66963
532.89393
350.55163
560.66995
320.7205
413.60872
560.55196
489.3562
334.87341
465.38122
318.39348
464.85609
324.8745
469.00757
540.70525
353.49691
438.69628
395.76859
436.02673
417.31448
324.64214
505.9593
381.10816
344.19467
483.64505
449.25554
307.74806
397.41686
439.64478
198.45167
550.26976
349.82879
374.20903
428.01154
243.82185
469.90191
504.92236
523.31277
343.72344
355.77169
517.61678
357.35827
333.41791
