241.92323
259.94088
284.38056
262.60598
262.53481
272.71662
269.61635
267.30965
272.98674
264.44046
275.11374
292.79932
268.72923
270.9945
259.05842
277.4435
279.74292
297.91524
276.16537
245.07457
262.20944
264.42715
250.38371
267.29486
279.6011
269.33419
270.83221
264.64595
260.67326
256.40828
264.33026
272.15721
304.94264
281.82734
259.14494
266.56344
273.63158
257.37108
264.50554
272.25256
263.16688
279.87441
267.38709
279.86092
268.64634
268.93479
267.01231
277.22096
278.82096
278.36652
291.38171
