8.318182
8.9546265
1.0425317
6.1322209
4.9825485
7.414413
3.0797129
6.0594304
3.9867694
10.042514
3.993187
3.9798363
6.9647841
5.6844807
6.2857752
1.9926239
3.9798362
6.2724611
6.9682234
3.1206753
4.9787916
10.610122
2.998852
9.9495908
3.3174668
3.5881095
5.9697547
2.3999194
5.8650363
8.9546316
2.9935324
8.9656122
3.9928185
1.0237026
4.996029
1.994674
4.0698424
2.9895419
1.4911473E-7
3.0047738
3.9798362
4.0030232
7.9596725
4.9800486
2.0169996
7.0054348
5.9697544
2.9848772
5.2021362
1.0112457
3.9812572
