252145.12
221415.12
269618.15
270443.14
241249.55
267444.06
228444.21
240660.14
255880.73
217550.52
218649.2
199467.36
237925.76
264494.28
163455.35
219475.42
177815.96
257299.83
277010.39
214275.48
314603.08
211205.99
172273.57
244668.4
432378.98
244859.44
152338.29
223790.57
257520.11
259496.44
237174.54
223852.51
230338.34
190621.79
239041.09
163056.99
207525.93
256921.01
258525.6
248192.21
218121.81
229231.75
240130.55
277228.16
255523.74
189790.97
218017.0
250272.12
192136.31
240966.32
220677.54
