15.589746
15.574399
15.937069
17.465691
20.216445
18.128922
18.669158
14.590042
13.811203
16.797945
21.782972
19.421005
18.51202
15.108826
19.523437
16.377225
15.340215
17.576824
17.057935
18.717098
15.954616
15.603723
15.945758
14.832263
20.850333
14.696988
15.319818
17.684188
11.150392
17.004273
15.240013
15.197764
12.635817
17.542383
14.821658
15.720592
17.921156
12.968043
14.693449
22.464135
17.503755
12.641835
17.600708
14.679914
15.454911
16.745556
16.804616
17.085767
17.488599
16.306193
16.830182
