100.24024
100.00085
100.0064
100.00012
100.00065
100.02077
100.00375
100.01601
100.00532
100.0017
100.0144
100.01331
328.42966
100.00119
100.02906
100.00727
100.0222
100.0028
100.0046
100.00012
100.02207
100.00405
100.00029
100.00186
100.0058
100.00462
100.02756
200.61906
100.00342
100.00196
100.03826
100.00802
100.00261
100.00129
100.00063
100.00204
100.00314
100.06346
100.00114
100.00066
100.00075
100.00087
100.19896
100.01399
100.00116
100.02132
100.00071
100.01789
100.06982
100.00466
200.00072
