0.033977857
0.002378622
3.5063537E-5
0.01397051
0.060917127
0.0032401037
0.0087122956
0.021983074
0.085076376
0.027108169
0.012950958
0.0031667084
7.7776299E-4
0.13367076
0.016969812
0.036095714
0.49999218
0.004829946
0.49959639
0.13082359
0.0023802136
0.2084538
0.014614962
0.016171408
0.20798041
0.10408234
0.041528986
0.10566284
0.021276256
0.47211973
0.0056673671
0.0018417889
0.015624733
0.058505443
0.0032787508
0.006483864
0.0013301231
0.02853403
0.0018221187
0.093972878
0.18765344
0.031256723
0.043415273
1.9987053E-5
0.0084448408
0.0022554227
0.002840428
0.066453571
9.0549158E-4
0.033659221
0.036779834
