5510.8364
8027.1316
5810.731
6214.9799
5335.6778
8191.9746
5844.7341
5843.3045
6690.8758
6051.3155
5603.8619
6134.0054
6081.3826
5789.8195
5658.9949
5697.1968
5503.4517
5656.2632
6345.5761
6862.9725
6022.7147
6797.5219
6048.5187
5653.3725
5812.8648
8769.6936
5814.6899
5830.1662
5979.6775
5549.0292
5357.3965
5870.2363
5949.5331
5617.0617
7373.259
7743.8835
6226.1444
5375.1421
5566.3691
6749.9218
6393.6967
5880.8056
6497.6237
5983.413
6215.5554
5927.5238
6539.9148
6039.3716
5470.599
5873.6811
5807.8592
