25.979281
29.949579
26.975533
23.02202
23.980949
27.964486
22.999574
24.024309
21.996545
24.992395
13.440514
23.002261
27.004755
28.024931
24.056221
25.984572
24.013537
24.057703
24.997303
24.995379
24.032347
22.003486
10.572196
25.014056
25.052983
23.984031
23.991459
24.013469
24.071363
22.998385
24.976111
23.025289
28.994563
25.972068
25.990621
12.092712
23.993139
23.019619
3.9798362
23.060498
23.980689
21.071934
22.991601
23.059904
28.970761
24.016413
23.994084
21.042309
28.954147
25.013521
22.05888
