539.70727
524.92793
514.38669
612.18438
573.21992
562.32703
548.69483
573.28931
578.74477
600.72845
538.83863
576.94904
550.34678
605.77001
540.09759
538.01139
597.1141
534.57226
596.7448
581.59334
554.70621
608.15739
561.55413
568.17983
614.37382
582.87932
509.35751
633.92942
646.73939
518.57035
569.06122
535.85929
573.88933
570.98893
492.14959
531.67077
668.74402
594.74126
551.98016
708.60567
545.75488
537.45481
680.85037
572.76922
502.6355
538.48136
584.27194
557.4184
524.89485
520.58033
588.70623
