2681.0335
4216.94
4653.5181
3176.6882
3429.2429
4063.8878
2994.1614
4008.9175
3632.883
1633.0504
4988.7866
4023.6914
3876.169
3927.7539
6735.5406
4827.6373
3806.3689
4711.7901
3392.9983
5501.3809
4872.6997
3722.5308
3135.7426
3668.2335
5227.9712
3697.0209
4124.562
3610.7306
4496.87
6175.2741
2205.0316
4537.9424
5047.5153
3155.4366
3268.4922
3155.4316
6157.412
3424.3239
3429.8316
4125.1168
3155.7611
2645.7083
3229.2137
3176.3254
2273.0047
3631.6958
4103.0615
5702.6066
2819.4786
4854.7179
4100.6383
