42.433666
72.988329
68.676791
55.403889
37.799079
87.227634
49.525275
55.105878
18.904595
42.733242
50.474613
39.959129
10.94571
54.174734
43.698355
56.663724
15.919972
64.953479
19.906048
38.803345
22.884052
20.894204
39.028977
43.978046
25.871103
39.959289
57.246256
44.258418
11.939522
46.134019
118.61596
50.469546
127.48411
49.513319
123.58318
59.105951
48.302761
45.490726
8.9547174
52.613576
51.387988
47.07372
44.276063
26.864079
13.929684
45.787971
15.922317
43.068714
40.575948
27.858777
47.699144
