716110.88
619662.22
619671.6
588226.31
616070.79
793943.39
556653.15
696627.77
873419.62
732911.81
688392.09
654200.61
655576.62
810182.4
629047.87
542650.87
773067.02
536015.4
640927.26
732836.1
597781.21
699760.79
905162.92
660470.03
772010.01
686683.95
615506.84
791479.81
598488.23
581236.94
592023.38
810506.75
526035.88
620408.81
954016.71
684332.36
528690.53
771795.63
530176.49
668212.19
669228.57
604635.07
789047.39
620126.98
575483.08
689882.7
566658.84
732086.32
582981.01
733704.0
634213.99
