510.22841
458.84872
508.10144
458.88191
458.86727
458.85296
458.89024
508.53255
458.85591
458.84873
458.87522
508.98106
508.92908
458.86702
508.14685
510.98193
508.10791
458.84974
507.96819
458.86691
509.81836
509.62519
459.02248
458.85153
508.26545
458.84873
509.25218
458.85742
507.92037
459.23717
458.88139
458.84964
508.0451
512.19579
508.29729
458.91892
458.86738
458.8588
508.40638
458.86817
509.78998
510.77272
458.85756
458.87462
458.8573
458.84873
509.12389
508.61061
507.91764
458.84935
510.9472
