599.59186
753.60646
797.21628
68.808652
273.37502
181.90642
48.140554
778.92352
404.42997
352.81858
45.178355
392.23898
108.99553
781.53228
111.9036
349.58701
427.24017
380.5456
314.67245
499.57981
52.343238
510.28164
171.02005
456.94822
644.43707
177.23971
39.30889
482.19948
39.355958
50.950053
803.62346
161.02044
468.16457
488.98693
58.553202
276.21263
268.03482
277.24837
501.81435
550.32525
44.795896
257.62994
528.8427
340.94822
304.57643
49.583061
967.77141
540.82725
475.3466
55.465876
985.72931
