68.239491
74.759712
64.474302
48.833581
63.438575
56.421321
63.572523
52.293184
60.158744
70.914501
83.880518
76.981271
69.490227
72.527609
62.812005
50.960938
86.621808
58.236336
75.416793
58.151065
61.154531
60.808898
91.262819
51.64705
59.051793
91.359194
62.627747
84.950892
54.846033
99.007186
64.130875
72.937198
68.380927
71.420749
75.577961
86.439026
69.575498
64.104939
63.298154
87.340831
60.632159
92.422328
85.297238
67.223349
62.153662
66.931938
76.793181
57.676772
56.656261
60.693927
61.977059
