9.5924372E7
9.2697425E7
8.9735459E7
9.7576278E7
9.9367383E7
9.2299378E7
1.2802403E8
1.1100404E8
1.1120001E8
7.7489127E7
5.6707147E7
8.314416E7
1.1617819E8
9.1492131E7
1.4532908E8
1.0446196E8
9.7405466E7
7.3195348E7
8.9767854E7
1.0729177E8
8.4247227E7
9.1720164E7
9.0794835E7
1.0299063E8
8.068885E7
1.075773E8
1.1619465E8
7.9915083E7
1.0085324E8
1.3225832E8
7.7069274E7
8.9915212E7
1.0560931E8
9.3729125E7
7.6142083E7
1.5189522E8
9.4544293E7
9.9676174E7
1.2929935E8
9.0163566E7
8.8415177E7
1.1767298E8
1.0792712E8
7.6159669E7
4.8249867E7
1.0275821E8
1.2039481E8
7.5508755E7
1.3438425E8
1.1684708E8
7.8963493E7
