521.76572
515.18212
516.93379
558.50216
780.30475
523.11949
525.20855
547.7874
539.7819
512.28324
538.74048
785.95712
526.27353
531.60873
520.57345
515.19882
518.51596
528.28124
519.04195
528.24267
522.03616
522.05732
519.07318
554.20994
653.72828
538.69367
714.65921
516.15634
528.61015
800.28734
541.13488
589.64495
512.42691
796.63089
580.62312
517.71137
521.19338
613.65546
519.09497
518.57225
519.97379
517.33411
807.65518
516.40985
610.11376
546.07304
702.68575
526.09865
514.72313
525.4927
702.52517
