1.2201728E8
1.4305539E8
8.6952138E7
1.3848735E8
1.5063094E8
4.9239045E7
7.6439076E7
9.954948E7
1.3554667E8
9.6399434E7
8.1688146E7
1.9010327E8
8.7837939E7
6.7231159E7
6.0491012E7
9.0526025E7
9.27571E7
1.6250381E8
1.0756214E8
1.1110302E8
9.7752083E7
2.5319542E8
6.0831147E7
1.1258483E8
2.1045262E7
2.353493E8
1.1519189E8
2.7728239E7
5.2362339E7
2.1683389E8
5.4440515E7
7.6349162E7
1.2068738E8
6.492136E7
6.9831158E7
3.8422043E7
6.9624142E7
5.77448E7
7.1347827E7
7.8782351E7
1.3437639E8
3.0577856E7
9.4593775E7
2.2776488E7
1.162221E8
1.0101023E8
2.6092442E7
4.1458415E7
1.0220575E8
1.3935538E8
1.2313152E8
