413.66596
414.17681
422.30785
420.04412
414.10084
410.40811
409.98003
412.19537
435.44443
412.83182
444.44244
405.64352
411.71399
437.02648
432.33842
427.8198
409.67491
426.73771
405.16955
413.73485
411.99678
414.58698
411.06927
405.99964
417.42321
415.40743
431.55163
415.72679
408.23729
413.90179
417.71626
413.55151
407.28532
472.7022
412.44803
414.96533
408.72858
424.1427
415.92704
407.38176
422.35643
408.59839
409.36591
404.82197
412.83307
403.97073
415.70775
431.43997
415.6294
405.24683
423.37619
