7653.3909
5962.0875
5574.2578
5042.376
6838.5442
6290.5064
6751.4348
4931.5719
6500.2929
5332.839
6093.5142
6366.8519
6121.6023
5964.8811
7979.8981
5572.1309
6411.6868
5008.5676
5370.0129
5884.3407
4622.0256
4400.0214
6639.5645
5191.808
6387.3978
6174.5388
5403.3829
5206.2124
5402.4788
6422.6914
6707.4381
4308.4624
5474.3553
5911.9533
7939.092
8224.4315
6472.3639
7159.8183
7254.7342
7345.3344
6172.1934
5405.3448
6442.3597
5821.7233
5392.9084
7347.134
5658.4758
8540.6642
5407.9871
5600.3318
10183.763
