1633.2955
1524.9744
1649.1856
1628.7402
1628.6542
1636.5623
1517.3106
1623.5845
1589.6539
1660.026
1684.9359
1653.2765
1540.8754
1659.2378
1564.4159
1667.9395
1628.5765
1579.1228
1683.4553
1583.0858
1562.0041
1624.5883
1658.7149
1586.2055
1650.1795
1628.4618
1656.4323
1628.1236
1664.0427
1657.3358
1604.6793
1557.4986
1599.673
1604.2923
1565.5438
1545.1442
1548.3688
1573.519
1575.1344
1496.4133
1667.0983
1577.7926
1625.8735
1638.2036
1598.34
1539.6597
1621.1864
1579.118
1604.6412
1517.8679
1539.1302
