1682.882
1638.1793
1546.4216
1748.6797
1907.5671
1027.8351
1718.7516
1548.2903
1595.8314
1810.9984
1653.8029
1712.1871
1504.258
1589.2841
1647.0988
1541.1312
1780.9871
1606.8807
1721.6227
1620.9808
1244.0262
1689.9426
1801.7958
1630.9117
1407.3941
1327.9391
1140.275
1410.4351
1526.457
1312.3977
1439.6465
1421.3638
1787.4583
1196.635
1813.1014
1461.7761
1413.0585
1356.4075
1065.4325
1652.5905
1522.8242
1704.7049
1786.4859
1684.679
1782.4339
1541.4741
1560.5563
1587.9927
1511.71
1799.7885
1803.6181
