1.9500958E9
2.5166106E9
2.718926E9
1.8453118E9
1.9015954E9
1.9983478E9
2.0201427E9
2.3294322E9
2.181186E9
2.1320375E9
2.1549312E9
2.5922991E9
2.5393891E9
2.3293318E9
2.7723533E9
2.5396199E9
2.4026156E9
1.9462557E9
2.0337155E9
2.5458448E9
2.4690678E9
2.7226344E9
2.1673745E9
2.0460224E9
2.4345669E9
2.6662135E9
2.7369222E9
2.5315143E9
2.812347E9
1.9305079E9
2.5077807E9
2.1787836E9
2.5220751E9
2.5872452E9
2.4160165E9
2.5571411E9
2.484235E9
2.4005165E9
2.3655206E9
2.5511428E9
2.3037303E9
1.9818252E9
2.536892E9
2.4616585E9
2.4048249E9
2.5099494E9
2.443252E9
2.7676285E9
2.707422E9
2.5842239E9
1.8669469E9
