1004.9366
1407.479
1068.4839
1321.049
1023.9492
1424.8771
1118.9666
1166.9969
1457.2827
1084.449
943.01496
1045.0842
1063.9755
1159.6218
1246.283
1481.3585
1073.939
961.18823
980.9294
939.45502
1091.2664
894.9344
1069.1134
1032.6574
1080.9384
1186.6848
888.13952
1036.1708
1090.4288
1117.8374
1057.1133
1096.3487
1161.0941
915.20318
1380.0448
919.09713
1087.7073
1062.0321
1070.1621
1129.1041
885.10935
1195.042
1044.6308
1025.7445
1060.9767
1251.5525
1212.1192
1530.06
1338.5634
1119.0434
1065.9067
