131.93348
131.5276
128.94351
130.17165
131.36018
128.03979
132.40985
126.58191
128.31061
130.91367
132.48265
133.75982
129.58202
130.97391
129.11729
127.60678
133.46479
132.70723
129.01672
129.31379
127.31467
131.00927
132.60399
128.61893
134.62504
131.53748
127.96551
130.75485
128.81065
133.14788
130.8121
131.45615
131.12876
130.95675
126.8554
131.41036
130.63533
127.85045
124.44472
132.0781
127.97408
131.32049
130.7444
128.3125
127.40522
125.97309
129.38049
124.87106
130.42836
131.93839
124.96423
