34.786923
33.052932
34.495002
33.552667
33.464559
33.403561
32.777951
33.279229
34.384602
36.35786
33.605664
35.381629
33.51752
35.219689
35.36502
36.002473
33.082661
33.740043
35.718341
34.606214
33.743504
37.126412
33.380462
34.094083
37.010204
33.45286
33.063434
35.325399
35.42742
33.303223
35.222479
33.073418
35.854839
34.857643
33.57042
34.498968
34.669077
32.481214
34.877009
35.671261
33.277566
33.598753
34.052503
35.238432
33.441573
33.787461
34.196878
33.649861
32.764936
39.580213
41.431002
