2.1497429E9
2.845312E9
3.1193401E9
3.332931E9
2.7568965E9
3.4318498E9
1.9164442E9
4.1111872E9
2.0659976E9
2.4471486E9
4.611091E9
3.0104308E9
2.7477009E9
3.7683656E9
3.7067877E9
2.7461995E9
3.2226357E9
2.8502939E9
2.4626932E9
2.3827909E9
2.7023674E9
1.6968675E9
2.7048846E9
2.1083589E9
3.3008547E9
3.2895988E9
4.9385956E9
2.8526736E9
3.06759E9
2.8024984E9
3.4653114E9
1.5708913E9
1.999327E9
2.9268587E9
2.4199333E9
2.5391465E9
3.0513752E9
3.4277854E9
3.4997896E9
2.6353915E9
3.5123599E9
3.2019698E9
2.738562E9
2.6122657E9
2.5209701E9
3.0196862E9
3.8368896E9
1.3039883E9
2.7077698E9
3.3582654E9
3.0286311E9
