30156.987
36923.466
37800.236
32983.437
35595.775
32763.618
49708.742
34689.931
29243.813
31430.813
31523.466
56146.114
34421.951
34261.81
33387.292
29141.112
34450.884
37552.673
30204.372
33199.735
32993.187
31213.847
32438.876
33537.537
33490.14
44329.696
35677.697
36325.153
38735.603
29441.639
35310.21
34922.225
34878.731
35633.633
27911.472
40443.654
32401.961
24670.46
30578.456
34473.165
27994.468
28034.069
33796.23
33973.756
30768.171
37024.921
36830.478
35444.52
31469.541
32488.021
30519.365
