2.9422061
7.9100387
5.5744728
10.206501
10.785311
5.6375289
9.229658
20.722307
17.403967
68.397976
10.877242
10.719359
7.658432
6.56426
5.565482
4.6086495
6.7896412
8.8075917
4.4057073
13.31786
62.967555
16.343868
63.971714
69.249192
9.3954591
10.148727
7.6201757
6.2344997
7.2034503
10.169069
11.494429
2.3487406
4.5856767
8.638768
10.120352
7.3360355
14.335076
5.9946355
7.1685234
3.8420781
8.1125998
4.9834456
8.5598201
5.3622805
7.1921693
18.610172
6.2503917
8.8549254
21.550817
8.5949696
14.434243
