8381.3076
6229.444
10527.947
11522.052
5588.5661
3697.1297
7570.4065
9316.0272
2754.9577
6618.8193
10626.273
7406.0116
7052.3538
6205.9736
12593.592
5911.55
5345.8937
10227.964
7640.4614
12141.137
11486.52
7297.6469
6788.2076
7386.4309
10129.923
4692.0525
7964.405
7849.2885
6793.7293
5944.9426
6805.6488
8478.4372
8986.3365
5720.2937
4099.8888
2699.1162
11295.042
7285.3477
6577.859
7802.8365
6498.731
12427.847
6349.8888
9509.1098
8854.2536
10743.631
5664.3758
6256.7027
7495.5837
6053.5991
7808.8975
