590.2801
565.23451
586.68126
572.89296
578.09917
617.60942
567.36851
580.35891
606.09713
588.0326
624.80075
569.16651
578.86101
594.81196
587.0341
595.17375
579.37873
571.68361
587.40898
567.84236
573.94108
580.97442
580.844
575.84469
581.15162
614.54669
620.20344
587.07209
567.75952
583.40633
588.90993
565.15001
578.27551
598.48046
579.5988
568.43274
597.4684
593.28294
558.52036
592.83618
569.9185
602.90062
575.45964
584.81862
614.26413
578.44908
560.34885
580.50395
556.26864
569.77852
574.84313
