96.754405
57.002737
30.772851
61.907288
95.476424
76.542916
63.917016
58.071668
54.926506
95.236731
68.745091
54.253895
116.44162
54.486331
103.12486
58.789355
117.1567
91.049846
71.098483
52.35854
65.395107
53.146642
52.895294
49.434974
74.401524
144.4788
47.588357
78.811127
91.080889
58.865055
118.28261
57.37332
85.619895
87.448789
56.332509
68.591172
58.097073
47.331674
54.855997
87.662539
112.82308
56.425519
47.395031
50.866382
64.246777
86.246129
69.301908
126.82973
63.732657
84.595317
89.270329
