1413.4266
1427.9126
1408.3063
1446.6164
1506.2199
1441.7705
1449.0761
1428.4168
1399.0417
1463.8332
1419.6734
1459.2742
1462.7047
1443.7962
1396.1822
1393.7819
1458.3287
1465.807
1445.5352
1418.4584
1402.603
1414.409
1472.7171
1431.5633
1435.9106
1445.1142
1401.8182
1437.4518
1371.3028
1435.5146
1440.6329
1441.8976
1401.7065
1454.6847
1441.9829
1439.7052
1465.9178
1517.0224
1397.9979
1473.1894
1420.4279
1450.2805
1434.4293
1450.157
1436.4786
1416.5976
1447.5428
1382.8115
1422.7837
1465.6047
1395.9676
