3534.2505
3308.4715
3993.73
3217.7389
3082.2499
3261.9182
3267.0601
3298.0499
3438.6298
8875.9724
3263.8145
3191.6711
3118.5428
3332.4152
3212.7944
3370.7654
3549.7989
3301.2848
3588.7863
3145.3147
4215.8573
3391.3096
3252.7233
3339.6444
5017.5922
3224.7378
3251.5971
3522.617
3207.775
3311.4222
3267.3687
3280.4968
3169.877
3364.2584
6571.8973
3012.726
3165.5544
3258.9233
6034.4093
3531.6859
3068.2908
3134.2952
3633.6112
4434.0525
3420.7609
3211.2957
3109.0639
3412.2273
3399.2598
7774.957
5774.6764
