141.46967
98.529084
153.72119
164.16825
157.12392
137.07429
104.17385
107.6321
146.21399
162.39743
97.671655
105.80801
149.68831
101.14581
144.09462
110.13418
143.26379
129.02058
123.37159
127.65385
154.64531
151.20546
152.71462
146.26049
141.22259
134.05857
154.57853
141.52214
84.99349
114.36547
152.89529
158.70936
109.25515
134.86092
144.74616
80.980416
109.9239
97.168933
110.32342
109.78108
153.49587
153.42273
94.369606
132.9729
110.98273
124.5469
129.4212
157.25567
152.80352
149.05929
165.35531
