80.432963
78.507039
78.666703
75.219217
80.721388
88.235654
72.001579
67.290269
82.138362
73.606945
86.244011
73.365127
84.47592
64.873996
71.712662
86.308823
66.578421
67.84823
81.16971
68.514367
82.48368
78.643058
79.865025
84.098997
88.726615
79.18835
77.307943
79.205804
78.2672
76.598943
78.722517
70.486689
79.286579
75.334175
74.437553
79.424964
76.372428
74.780672
67.503122
78.468015
58.97151
70.274224
73.498925
78.272646
63.995113
77.311688
80.324968
75.172689
82.098471
74.457738
82.568745
