75.144689
20.313588
30.41219
14.061525
6.3090388
9.1848146
152.25413
28.920325
10.842525
38.387833
20.206638
9.1955659
33.177865
27.544882
11.878207
21.207126
5.7376779
27.800865
11.250789
31.69072
19.391109
46.986536
9.1090154
12.553141
6.6163563
7.3208582
18.180259
42.54355
7.2193384
10.116212
5.3850969
65.051885
7.6092215
2.0122934
90.053455
6.0525186
11.183715
10.008006
1.3252092
5.6995465
9.0334616
7.2501447
31.367501
10.60923
5.3192174
15.775213
19.983931
27.053537
10.047485
10.740824
27.455751
