948.13329
919.39409
1556.7056
1628.7402
1515.0885
958.18221
1439.7546
1595.2029
928.40081
1572.1731
1581.2932
1094.0545
933.90696
1535.0009
1564.4159
1098.4888
1608.4494
1084.8217
1645.2557
1059.6122
1253.5601
1482.9165
924.97231
1559.8156
1298.3802
1364.5009
1583.2767
1552.2933
1664.0427
1515.3956
982.84183
956.47062
1165.4129
1599.3161
1540.422
922.29544
919.393
908.47239
929.30501
1496.4133
1615.4817
1296.151
1254.347
1261.1545
1598.34
933.05987
1621.1864
941.01477
1541.0271
1133.3513
1002.2221
