0.16344361
0.15930095
0.14139433
0.05496296
0.044918866
0.040509491
0.47137347
0.043906379
0.12161762
0.41682453
0.033368558
0.32126403
0.039566869
0.18678407
0.12669176
0.042946302
0.29022115
0.30475048
0.39043484
0.07693982
0.62986946
0.26368267
0.047752549
0.084620244
0.10454159
0.091270868
0.056427311
0.17603352
0.033169151
0.093742365
0.1531135
0.035083423
0.13761736
0.04046231
0.14417437
0.090741975
0.040142399
0.041553122
0.045671298
0.14178729
0.037338491
0.036972564
0.070326649
0.055797367
0.031996366
0.2297463
0.252718
0.044495692
0.051273036
0.12059564
0.098887147
