2341.2937
2071.4244
2034.3161
2653.351
2302.1449
2714.0891
2080.9722
1908.2529
1880.3962
2207.2468
2327.8665
2190.0873
1778.0959
2925.8012
1596.3798
2076.7438
1793.865
2197.7276
1837.0212
1965.0359
1785.6804
2522.8659
1971.6485
1891.0558
1730.3569
2242.2898
2533.3146
2098.2314
2683.411
2192.0546
2176.6115
2318.9306
2344.2454
1720.7704
1652.025
2210.1387
2114.9668
2191.7987
2039.022
2495.9176
2291.8761
2339.1599
2517.5249
2211.8327
2087.8675
1969.5898
2118.6016
1768.0338
2028.9488
2121.0032
2314.0414
