13.874968
25.917352
22.601137
15.984654
16.959
20.451897
13.347168
23.491969
12.616077
15.912743
24.609652
28.193738
14.240718
14.314236
15.374182
23.302958
28.371918
11.775766
24.62508
24.685677
21.068881
13.184453
19.753104
12.292798
19.141541
23.914893
18.688906
22.226542
18.854296
21.981498
16.781634
24.734362
22.249843
26.037793
15.517245
19.229491
20.440328
20.762049
18.617723
23.416195
24.23135
24.736467
13.028108
11.848536
19.608497
21.285714
26.072616
21.407396
23.192848
13.224581
25.028069
