390.96675
391.04288
390.38631
392.15652
391.53757
395.09086
392.65418
392.60206
392.71892
397.0376
393.29537
392.09682
392.04321
397.38724
395.61021
390.86042
392.4856
392.77148
391.66919
390.35198
391.87052
392.17584
393.18284
391.46913
390.99465
389.73711
391.90867
391.7585
392.62762
392.35767
391.9548
392.12347
392.65885
391.72643
391.11257
395.05952
390.51498
393.22041
391.66562
390.92251
393.02493
396.00209
393.13702
393.61388
391.0124
391.48811
390.30671
391.24986
392.06606
392.42193
391.59122
