30312.047
30271.951
31328.639
31355.291
31004.438
30896.149
30960.465
29979.846
30163.911
30147.372
30695.072
31205.528
30765.658
28877.688
31087.698
30094.912
30860.2
30309.273
30433.907
30764.966
30142.198
30799.301
30198.307
32346.927
29691.295
30059.962
30039.419
31028.925
31057.956
30827.741
31172.067
30749.921
31691.352
31187.967
31799.575
31458.291
30688.867
30594.13
30990.399
30679.254
30034.558
31416.022
30196.551
31854.033
31279.344
30593.881
31469.96
30275.616
30206.646
31165.426
30857.935
