2651.5531
2440.1353
2433.7173
1291.1103
2577.5423
2161.9413
2201.7345
1683.6982
2020.6513
2570.2496
2178.9775
2128.0668
2604.1403
1907.1642
2581.9676
2030.8819
3354.3036
2440.9181
2218.2408
2695.8085
1640.2198
1666.3663
2567.4642
2623.1048
2945.2652
2482.2604
1645.4024
2642.1926
2110.0088
2229.0238
1963.5754
2292.2087
1498.9441
1548.5305
1275.1772
2233.8853
1540.9361
2365.7557
2203.9088
2319.0479
1987.4564
2479.6123
2015.9567
1599.0256
2315.019
2209.7195
2078.0281
2314.6698
1915.4127
2526.1211
1878.244
