443.36511
398.00899
397.74287
398.00899
443.3719
443.36511
397.74287
398.04747
443.3699
443.35694
398.00899
398.03578
443.38769
398.00899
398.03105
399.462
443.36991
443.37224
443.37091
443.3861
398.33127
398.00899
397.74287
398.03196
398.00899
443.3699
398.03578
398.72849
397.74287
443.33391
443.37836
443.37262
397.74287
443.34591
398.00899
443.37407
398.00899
397.74287
399.58497
398.04747
443.37224
400.89321
397.79197
398.00899
398.00899
443.37836
398.03316
398.00899
398.00899
397.74287
397.74287
