5.9461106
9.4969618
8.4585062
6.0447167
6.5938457
8.1574933
9.4529846
7.4258656
9.2690231
7.8800987
7.7104167
6.6480732
6.8658784
4.8093713
5.7251779
9.0558562
7.9987167
6.9485788
8.5842204
9.5206397
8.3777402
5.9702736
9.4579983
6.9329234
5.8736904
8.3249442
9.0171329
7.3185015
5.4079864
8.6216674
8.4395702
8.7633605
9.7386965
7.8840669
11.436577
7.754319
7.2756133
10.558459
7.7933506
8.7547598
6.4954818
9.6720225
10.505381
9.4983326
7.1900118
6.1045965
8.1435563
9.4917109
8.6890341
9.080685
9.203764
