65.820419
66.976674
44.724024
52.672012
38.476357
83.140291
229.77439
67.520626
60.533404
80.770348
85.713682
84.88752
61.707455
187.07359
108.29958
65.675742
62.669836
75.713082
112.53459
53.213494
41.237945
91.841768
185.46578
58.207183
81.6319
172.28749
62.451558
64.305172
38.659822
66.588001
76.40962
44.385345
57.44418
81.078742
77.323862
56.523123
69.364162
49.754439
81.232034
24.019929
56.670535
84.463897
43.178064
163.67876
108.67994
69.418093
52.507632
91.150997
60.645703
71.601399
220.20303
