4.9589874E9
4.723813E9
4.4847358E9
3.83956E9
4.5982109E9
3.1173263E9
3.6941755E9
4.3947759E9
5.2831647E9
4.5554001E9
3.8698702E9
3.3298052E9
4.52874E9
4.5056887E9
4.7760834E9
4.7323152E9
4.6713827E9
4.2061052E9
4.759162E9
2.9318034E9
4.8230549E9
4.5515129E9
3.562129E9
4.5389599E9
3.2697668E9
4.3915002E9
4.5488716E9
3.2885914E9
4.0515347E9
4.4239678E9
4.324421E9
4.9427556E9
4.4438577E9
4.4593469E9
4.5267124E9
4.0261869E9
3.3193385E9
4.7693798E9
2.7366794E9
4.5528487E9
3.643786E9
4.4310144E9
4.0156597E9
3.8090932E9
3.5961318E9
3.9569415E9
4.847424E9
3.6676801E9
4.2577437E9
5.0281064E9
4.5911247E9
