265.99707
265.20621
285.44453
261.02243
247.9666
261.57795
255.14962
258.96531
250.06738
255.24004
270.79963
259.06361
255.25555
291.63319
305.50801
244.96845
254.04356
276.76755
259.79897
266.71084
273.8438
277.62901
271.42025
250.07712
261.41671
275.39298
253.79955
251.70957
263.95168
293.15635
252.11388
263.63769
263.1042
252.29533
257.59836
259.66686
265.00119
270.88402
257.89834
265.64021
257.13909
254.03748
250.6411
281.97588
249.89368
258.08479
267.60677
270.38985
260.14484
271.3582
246.91214
