10.146754
9.7428203
22.220364
11.17765
23.611038
12.679303
22.313649
12.736801
12.140055
11.465981
15.411056
7.9927289
7.7996664
10.770451
13.22012
22.272268
13.091229
8.5759825
9.6339433
14.54685
8.9974133
9.1395159
15.244218
21.229107
10.886121
23.750455
9.1311691
22.785888
10.256176
11.246156
11.471436
10.990031
23.041243
22.840069
18.74414
22.623693
9.8071822
22.251944
22.890772
12.637213
14.614416
6.8738054
21.669463
16.556611
11.467612
23.03258
21.098751
23.444341
22.123284
13.46027
21.974606
