656.33587
1035.3299
575.03874
1087.7881
904.09036
889.42353
474.86358
880.75111
1205.0002
590.13697
822.14971
498.08554
822.8047
417.63681
245.11018
439.45429
485.51951
417.28758
445.00821
634.85995
960.94194
671.34957
250.6172
1175.5774
199.13033
1158.6785
701.74243
425.88147
718.11019
260.95227
771.21887
537.22655
564.17736
1143.4135
408.20292
232.78278
544.77049
438.96566
560.47716
490.74005
272.94187
1108.9372
701.47429
705.93832
919.89647
766.51268
346.18168
616.95895
604.76171
1132.9653
495.97296
