2.486212
8.7571061
4.6869194
2.5817787
3.5282477
3.3666278
3.6611826
10.309021
5.1318596
7.9020944
8.4304479
2.2282199
2.5185003
10.565629
11.2629
7.8400787
4.7329607
2.307813
4.9531841
9.4389202
4.2513666
7.8075848
7.6505367
4.1929893
10.455196
8.4803955
1.4991865
7.3135939
8.4380784
7.4483743
10.90775
4.6404297
9.4082957
4.4786268
7.4432381
5.4504764
6.253286
9.1856048
3.4493618
6.4894544
2.7291126
5.4629525
2.3930322
2.4419396
11.139189
7.3614207
4.4433753
7.2903778
9.5764581
3.5183783
4.427434
