145.34475
189.34524
162.66506
150.01209
203.01396
238.39556
189.56739
183.05158
186.10841
184.31737
197.22857
156.75929
166.35552
156.80615
179.61543
155.36993
180.35973
187.85501
183.35832
160.17735
157.97198
212.49943
192.70723
143.55702
176.99915
184.91866
202.21556
229.79351
183.52768
156.25004
157.49731
156.54875
188.75773
178.31769
149.78603
175.62911
203.50737
148.26935
171.41021
146.27677
128.27595
133.59456
238.11544
150.19763
160.52991
221.315
162.29898
207.62487
183.01369
167.99091
188.19318
