80.299137
33.072002
47.084415
27.440324
32.07642
42.600977
60.507813
34.518134
64.45155
39.098982
31.357601
28.708861
31.659893
63.057074
48.518844
37.978151
50.259182
67.62939
33.05998
60.07114
31.932963
29.741312
50.912464
46.87847
52.547079
29.458875
26.476539
64.424479
34.583318
38.656676
60.686399
26.679946
50.02349
52.735129
42.787704
49.947646
81.672569
69.438446
33.403238
30.765048
34.676654
27.695101
38.220455
27.060672
67.019016
49.128751
36.853606
65.443412
25.605945
46.756506
26.561099
