150.93368
187.47665
176.13269
224.18615
160.51298
168.4464
170.72596
165.2299
266.80646
259.75326
149.17538
176.9717
226.53738
204.8135
156.04463
186.98304
159.01942
135.07023
121.29184
143.86638
249.73984
162.14576
152.64656
227.00438
193.78777
212.95241
177.86795
197.20984
123.17207
150.8732
200.60584
178.85644
149.33926
175.97221
204.88688
176.76837
231.96763
159.64498
169.50227
233.38754
218.20498
193.47679
173.68228
195.2256
200.99359
198.11186
180.65786
226.01071
213.4913
213.95052
160.25406
