3.0075029E47
4.3791663E46
5.867713E43
2.118749E45
7.2122846E48
1.2345624E49
4.1950049E45
1.2531809E47
5.66425E43
4.8911816E46
9.229766E45
8.0668717E46
9.9340019E45
9.3358155E44
7.2513243E41
6.7903797E42
9.4826768E43
2.2196454E46
1.3168947E49
1.1564046E46
1.312405E47
5.4185436E43
1.0163075E48
1.8525934E41
1.2089269E39
9.0755549E44
8.92192E42
3.990981E44
4.1767121E47
9.0575293E45
1.3044605E43
7.195181E44
3.3008545E44
1.3483292E45
4.4327032E47
8.5322124E40
1.4509961E47
2.6599783E43
6.733972E45
4.8885319E44
8.0178327E43
1.8210628E50
1.2953111E46
1.5886494E47
1.7903607E42
2.0778676E46
1.2745651E43
6.7693893E47
2.7765727E46
5.4738557E44
6.1187953E43
