433.17557
421.10564
474.4349
488.67049
487.55887
497.49455
470.63196
485.41184
484.39144
486.53298
477.20693
485.30471
501.41998
454.41795
472.11934
477.81864
465.32091
495.75321
478.02817
503.60226
487.46835
498.87765
444.43141
440.74302
494.58822
463.5765
477.37086
486.81507
483.68149
473.39275
480.04852
468.37784
479.93978
451.75934
488.68178
506.24429
466.03774
487.07929
468.43528
479.40499
476.06301
465.38213
497.05328
449.49847
454.62481
482.48194
479.44368
479.19815
480.06184
503.04584
491.38842
