1140.608
1143.8401
1151.7247
1144.0453
1184.439
1125.3969
1174.6445
1203.4646
1127.0381
1172.7906
1162.8233
1186.9913
1154.2826
1171.7813
1149.1198
1167.5671
1166.2797
1166.6304
1122.2308
1221.4714
1168.0125
1158.6759
1186.1794
1126.2814
1199.672
1176.7146
1158.1514
1207.873
1239.8629
1160.6059
1125.6435
1151.7559
1173.9714
1162.6405
1154.0766
1201.4979
1168.0043
1128.4767
1133.8844
1173.6634
1125.8706
1120.5076
1179.3168
1191.6614
1184.5949
1138.3627
1141.8327
1102.486
1137.1675
1137.8361
1177.7829
