0.014440783
0.018489019
0.0062025679
0.007584144
0.0058820942
0.0059183179
0.0068417745
0.0058303376
0.017305937
0.0057585319
0.0092087947
0.005417973
0.0084343401
0.011023826
0.0050304465
0.0064491688
0.0060327908
0.0036239727
0.0063175909
0.013504922
0.014192268
0.015983009
0.020598271
0.014940162
0.0045271806
0.011925814
0.011045306
0.014950955
0.013741924
0.018209838
0.016405581
0.015159255
0.01703606
0.013062955
0.016279326
0.013934609
0.010113513
0.0095698939
0.014669847
0.0058968247
0.013179982
0.016577012
0.010801664
0.0036034132
0.0054679466
0.0053935458
0.006256708
0.013316232
0.0054130668
0.010597903
0.0059067447
