3.4164023E41
1.0607287E42
3.9722878E42
1.7993824E37
7.9346437E39
1.096106E40
1.2538111E40
5.3093242E40
2.1221392E38
4.3908514E39
1.92545E39
1.2811554E40
7.8274827E40
1.514516E39
1.5992302E41
1.1562617E40
1.098581E38
4.1028622E40
1.1568279E40
6.5506247E39
1.6316361E39
3.7676045E37
9.3253227E38
1.2715817E38
1.1553305E39
1.7098684E41
1.3065055E40
4.4983958E40
6.7886593E39
4.2489328E42
2.1001966E43
2.0145748E37
1.1700007E41
1.6443527E41
1.4667982E41
3.8313933E40
9.3363764E37
4.0702057E38
1.3737363E42
7.8506171E38
1.0015506E40
7.7942235E39
1.1027503E40
1.9859202E39
1.0880177E38
1.0353195E41
2.9058142E39
1.5941562E40
1.0230565E41
3.9194987E39
8.7093792E40
