4.0442108E-4
6.28665E-5
2.3773122E-4
1.2275668E-4
5.0087862E-4
9.2036439E-5
1.6379269E-4
3.8453979E-5
2.4707556E-5
2.8566255E-4
4.4525051E-4
1.0931834E-4
3.3067316E-4
7.9622619E-5
3.0112017E-4
5.1876809E-5
8.3235297E-5
3.7209702E-4
8.283874E-4
4.7533231E-5
4.8424617E-5
6.5826571E-4
0.0010364481
2.5877101E-4
2.5025077E-4
4.2472705E-4
2.8696635E-4
9.7372373E-4
8.9884924E-5
3.4609953E-4
1.0881774E-4
3.7401906E-5
9.968053E-4
3.9342711E-4
3.7663853E-4
5.7482297E-5
1.0498645E-4
2.2258968E-4
3.4073481E-4
8.2658027E-4
5.0441828E-5
1.6007556E-4
4.3871934E-4
1.8744446E-4
3.2191528E-4
1.0462532E-4
7.8519538E-4
1.2241118E-4
1.1749813E-4
3.1874479E-4
9.5096302E-5
