301.03282
345.99813
401.4776
300.78587
416.14318
405.40894
300.5624
368.87986
413.98356
328.61899
403.77401
300.86757
393.43793
406.30025
413.98813
338.53559
351.37427
313.74675
404.41201
386.80206
351.68025
300.91919
400.89214
401.47435
413.98193
451.71138
378.4269
413.99237
301.38012
406.28954
351.26374
351.62075
389.48057
301.80448
305.17319
414.01427
413.98066
399.65773
391.29426
401.47554
300.13955
300.60598
303.93992
350.13798
414.07816
405.54554
401.40797
409.89038
301.20953
401.47154
399.56113
