45.581408
43.882363
31.06445
51.744059
49.41981
52.796389
46.892313
38.003028
36.30021
57.767745
54.257312
48.967071
52.057715
65.613144
31.717254
39.607905
43.833601
40.318715
36.330881
38.139015
45.752516
51.164519
56.746181
23.833027
52.553571
45.876541
45.395693
46.213461
39.039373
46.426646
41.914974
37.454094
30.76158
47.113476
47.328445
44.627539
25.707479
39.278252
39.564973
45.180924
53.095213
55.037375
32.824811
48.754856
41.213043
60.136467
36.53062
45.008952
44.240335
46.167506
39.953595
