9357.2116
10654.328
7714.8004
8760.7213
9422.1867
8149.8724
9761.2059
9741.2965
8003.4313
7147.488
10245.091
9392.5241
7664.083
8492.4853
11882.463
9706.8296
7140.7567
10110.396
8787.1787
7642.6187
7000.9416
9166.5028
7386.3169
7759.5436
8058.4004
9880.1294
9222.331
9306.4759
6290.09
9274.8602
7664.5653
7621.1516
9898.6248
8964.765
8833.8653
7530.5696
7393.9343
8964.4622
6865.7873
8676.1456
9449.5032
8892.5971
8831.2423
7576.1804
10408.068
8943.6493
9217.0955
9549.9857
11085.815
7863.7525
9898.0812
