4.5823594
9.5763148
6.5603285
4.900883
3.5604853
3.391572
4.5595226
10.355469
9.5649403
8.8422999
8.4358287
17.396775
4.8551561
10.728866
11.729135
7.9526171
6.9413627
9.0318632
6.9120851
12.471752
8.8295354
8.7921825
7.8209872
5.7846816
10.459787
8.830026
5.5406175
7.3372488
14.322081
13.316894
12.302018
4.6647859
10.443246
9.0024937
10.618426
20.886064
9.8357822
9.2083693
8.5893193
6.5053645
2.995989
10.358472
7.4852827
7.4139525
33.638007
9.5611385
4.8749337
7.7879333
9.724371
4.3139459
7.8682391
