42.467809
73.021697
68.70465
55.437122
37.816588
87.253366
49.557638
55.139012
18.938444
42.765892
50.505912
39.993152
10.978789
54.208885
43.714133
56.665526
15.95357
64.987265
19.939757
38.837511
22.914018
20.928354
39.062915
44.012214
25.903153
39.993153
57.279684
44.292241
11.973743
46.152766
118.64869
50.48787
130.1111
49.543233
123.60506
59.129401
48.329338
45.524191
8.9888653
52.646463
51.418146
47.101008
44.310285
26.898111
13.963656
45.802248
15.953574
43.099969
40.607309
27.892968
47.715185
