370.76389
288.86949
313.3162
188.19144
202.73857
385.03152
389.05013
203.92514
84.006344
332.47447
300.19976
399.5944
117.33514
186.45589
303.46001
364.17479
328.61966
406.61802
372.87761
309.62893
273.57788
200.17465
242.18925
278.653
314.52854
194.77755
283.2739
451.94843
117.38817
144.29692
411.35318
195.77473
126.06812
165.99363
378.88178
262.46012
389.17545
110.57279
191.82413
195.83822
200.31171
327.80078
187.49073
207.75502
247.99975
250.93271
203.04617
237.48823
214.31625
448.06793
178.10859
