2957019.7
2869111.3
1.6672891E7
1473927.6
1003104.3
1.2239911E7
1.4159754E7
2213743.0
5268655.0
1.0369579E7
4118751.8
1.0183331E7
8063949.8
1.2436676E7
1.5968691E7
2328359.1
9317752.9
1339951.5
4026564.6
9381536.4
4682516.9
2923703.8
9748506.2
1.6867908E7
5655835.8
9157377.0
1.03999E7
5342053.2
5974686.7
3792576.6
4222909.3
4085944.9
5967880.8
6684589.1
4445825.4
1.087022E7
8120743.0
5264902.2
6248312.7
4289100.8
1.9870283E7
1.203921E7
6057299.6
1.0666081E7
4506201.2
3883725.9
1.6410943E7
2880525.8
2360221.3
1.166444E7
8681558.4
