4565.5226
4511.4847
4089.1798
4030.807
4593.0501
4414.3957
6243.3377
4816.3131
4544.78
4379.5648
4457.2521
4716.4946
4466.8917
4251.6866
4648.9972
4427.9192
4904.3928
4150.6062
4411.9636
4859.7392
4562.3424
4360.8634
4437.8282
4238.8688
4449.899
4370.2463
4717.6011
4226.7719
4311.4359
3904.6337
4005.2165
5087.2823
4315.3132
4400.03
4285.8458
4194.7064
4358.2068
4002.7026
4728.8943
4572.9329
5008.2997
4569.8371
4221.1505
4474.4647
4217.638
4589.5465
4569.4579
4729.1273
4787.5038
4279.6048
4294.2302
