523125.58
277379.09
557731.19
118303.87
425469.83
1048655.8
351348.13
432779.44
417331.28
194419.84
215809.43
526901.98
119673.81
209618.6
1015645.2
1381272.4
302014.07
767729.06
628351.04
222398.36
138447.29
655608.57
801890.28
818393.08
339554.57
717120.55
273269.31
1214500.4
1498491.9
597365.94
723522.53
413884.57
213681.23
505323.09
749241.15
353954.34
1002251.4
1261868.9
955382.56
999976.12
707753.32
751560.2
837888.22
776059.77
495496.13
641655.33
778016.98
553575.36
306471.81
368426.35
2507827.8
