27978.537
32961.22
22568.23
26489.473
29518.686
27594.807
21700.328
15602.693
23576.469
28405.163
30764.226
30779.008
25953.719
28888.951
26636.482
28481.854
41238.628
20488.305
18600.381
27600.028
29604.433
22333.779
21960.688
18128.806
40739.82
29133.263
25975.377
31180.296
27861.676
20385.053
24809.022
27154.926
24090.872
18118.204
26017.224
31898.98
25545.873
28763.897
34688.419
23902.005
22116.373
25842.602
21836.762
20849.35
18128.479
15051.57
30105.915
28666.628
41481.006
25666.643
34159.271
