4.3332789E9
4.7396508E9
4.028915E9
5.2057404E9
4.803951E9
4.6756769E9
4.7956971E9
3.5821987E9
4.5592007E9
4.4707687E9
3.7585848E9
4.5885942E9
3.8863356E9
3.8491917E9
5.1639377E9
4.6431327E9
4.9315552E9
3.7216009E9
5.1688964E9
3.8140913E9
5.0072564E9
4.6832209E9
4.999434E9
5.0204889E9
4.4331506E9
4.2390289E9
4.2581274E9
4.0422896E9
4.6289087E9
4.7314191E9
4.7450583E9
4.0868863E9
4.0055336E9
4.429158E9
3.9302135E9
4.2397959E9
4.0185245E9
5.2002472E9
4.607714E9
4.1011576E9
4.4191183E9
4.2429983E9
4.8316033E9
3.1521314E9
4.998536E9
5.5648196E9
4.4254858E9
4.3635043E9
4.455894E9
3.9966663E9
4.1240908E9
