1571.1317
2788.6358
2459.4312
2146.5212
1793.8928
1661.2205
3068.8662
2708.7727
2317.1328
2068.6425
1944.4197
2455.9057
1687.0374
3033.1993
1392.0214
1555.4443
3327.5134
3763.6735
2633.2732
1967.021
2228.1765
1747.2459
1843.6665
1869.1755
1636.3751
3114.3148
2717.6957
3089.2116
2284.6152
2755.7907
2423.6405
2755.0867
2911.9395
2204.9001
1904.7266
1728.9418
3226.6391
1870.7592
1848.8305
3190.6903
2633.6199
1593.4623
2832.5522
1706.7508
2282.7424
2538.548
2677.166
2564.9323
2456.3267
2844.4366
2403.9503
