1571.1317
2630.6127
2459.4312
2146.5212
1793.8928
1661.2205
3068.8662
2698.6124
672.19374
2068.6425
1944.4197
2455.9057
1687.0374
3033.1993
1392.0214
1555.4443
1888.634
3763.6735
2387.9259
1967.021
2228.1765
1747.2459
1790.4851
1336.3389
1461.9484
3114.3148
2087.3523
3089.2116
2183.8537
2755.7907
2423.6405
2755.0867
1821.8556
2204.9001
1312.664
1728.9418
2990.0428
1870.7592
1848.8305
3190.6903
2633.6199
1593.4623
2832.5522
1706.7508
2282.7424
2538.548
2677.166
2564.9323
2456.3267
2844.4351
2403.9503
