320.78987
333.95939
343.17624
330.14285
343.03711
328.67641
323.45558
331.10163
337.70678
321.93172
325.69417
340.04696
324.78027
322.78025
327.71937
329.52858
316.91377
337.14626
325.13331
337.07583
332.22274
319.20475
329.70455
327.23206
329.78498
326.19243
331.59998
338.53779
339.09785
342.32295
326.81096
338.04278
329.07985
338.51101
338.65126
345.79305
340.00591
326.3142
343.92681
330.09257
325.66958
329.54218
327.44889
322.18582
357.97264
323.30009
331.83162
331.97254
330.26201
332.73598
337.94959
