507.09283
502.21093
507.05472
512.09159
518.77304
513.4591
510.54765
502.50736
504.46839
508.74601
505.11804
512.73315
503.7613
514.83834
507.06494
501.11052
491.53584
504.64998
506.74467
512.16026
512.27963
506.15482
504.04072
511.13669
508.71001
500.45878
507.00459
505.0768
511.10245
511.15172
509.01822
511.80344
514.2489
505.9183
513.55578
503.25467
507.91513
504.10683
501.97053
509.22312
511.64222
508.90855
508.83246
499.8499
514.69803
507.18398
497.23987
513.18604
507.65789
504.09433
509.28583
