637.2046
303.68364
339.28792
308.7012
614.29439
325.93143
324.26917
711.72202
302.31167
305.80649
323.02375
302.97992
365.69149
650.66821
714.91266
317.61469
307.56717
306.18664
303.31019
310.21435
306.80518
306.21513
304.08401
359.17069
303.32628
303.68625
305.74317
646.42445
619.7151
306.30903
309.49097
320.01011
604.8408
359.34192
358.05911
304.51664
303.92566
303.5019
304.72189
306.97872
413.0462
318.57284
302.63069
325.63068
304.56776
683.23193
302.92673
311.03934
302.98554
675.87091
359.22944
