45527.554
55702.58
57923.891
40729.104
52963.115
44226.275
49921.556
26600.998
45377.893
45648.929
60409.709
46140.394
43542.042
41581.913
26596.651
37778.817
47073.495
52546.755
61104.002
66800.748
55550.559
21390.759
56121.394
51689.176
54395.817
61841.64
49231.064
39605.028
64715.024
55845.698
45817.947
48522.15
51865.806
79330.48
34319.859
37392.988
26696.541
51098.143
56285.372
36363.431
46873.812
35478.977
33380.065
42597.228
45764.85
57954.378
60381.54
63179.629
63447.592
61798.674
53940.923
