12667.539
13767.398
13650.391
9975.4317
13533.121
12601.354
13109.969
13296.308
13101.681
14141.027
11611.96
12999.402
12670.211
11697.305
10283.253
10312.369
12799.278
13807.585
10170.547
12434.534
12404.861
8318.4002
9717.0763
13617.361
13359.825
14241.998
13367.725
12725.415
12919.936
9566.721
13903.99
13838.255
10064.278
11205.193
10314.204
13557.441
12233.187
14271.189
13557.786
13504.621
13855.224
14158.32
13644.129
12921.06
9923.1607
12341.108
14140.557
13032.324
11765.251
13204.786
13014.764
