1.1422071E8
5.6580968E7
1.7028829E7
1.5621111E8
3.4320305E8
3.0024819E7
5.7493257E7
5.1289082E8
1.4314022E8
7.7602879E7
3.1879199E7
5.8223964E7
3.2887618E7
1.877945E8
6.89052E7
1.9739194E8
1.507434E8
7.3621257E7
7.9714726E7
7.3969373E7
2.1388059E7
4.9729304E7
2.9973402E7
6.3036144E7
4.9058787E7
8.7959829E7
7.3317273E7
3.9263298E7
1.9540216E8
6.1140473E7
9.479685E7
8.1769953E7
1.4828148E8
1.3198881E8
1.2189355E8
1.9250549E8
1.3885692E8
9.0666351E7
7.4477841E7
1.3111553E8
2.4526704E7
1.7499636E8
9.0347651E8
5.1799064E7
1.7304657E8
5.946821E7
1.2856594E8
8.1448977E7
8.6980936E7
6.8439686E7
3.0192905E7
