4.3652401E-5
7.0771914E-5
8.2342886E-5
4.0914712E-5
3.8986212E-5
1.0395103E-4
4.2407395E-5
3.9872576E-5
4.4966623E-5
2.9240604E-5
4.1572123E-5
3.1667325E-5
3.6112994E-5
5.1948456E-5
5.274774E-5
4.3219253E-5
6.3936117E-5
4.4793302E-5
4.2965418E-4
3.3523337E-5
4.8375039E-5
3.1400011E-5
5.7687E-5
4.3375358E-5
1.0002432E-4
4.3110383E-5
2.395528E-5
2.5349732E-5
0.090284629
0.0023294591
3.67751E-5
5.3873297E-5
5.3710006E-4
3.3188004E-5
6.2092045E-5
4.8895507E-5
3.3204472E-5
3.0630958E-5
2.7890273E-5
5.0980622E-5
6.1941948E-5
3.8260228E-5
4.6795356E-5
4.3343991E-5
4.6848131E-5
2.9822943E-5
3.7815285E-5
2.3578597E-5
1.0519025E-4
2.7543665E-5
3.9472574E-5
