123784.71
153777.52
103877.43
138090.4
130176.7
123367.29
126941.54
99257.879
153135.01
116777.48
104303.92
189528.62
162262.9
141590.08
118121.27
120568.51
124446.43
95923.384
81701.922
107262.56
135724.59
75870.142
123248.14
176536.07
97900.404
134712.88
136302.99
97165.433
127848.62
146937.78
175906.76
86261.199
191662.87
169907.05
126834.87
150471.92
94050.097
110464.92
128855.02
121968.69
199548.96
107797.58
110813.34
133988.02
161960.99
158469.49
137396.53
164896.12
138148.26
201055.86
162023.3
