1392727.1
616762.6
341757.05
889492.77
475969.63
680313.08
938483.18
623721.01
481726.67
416624.37
505748.91
736969.45
1742383.0
443206.7
527128.29
469799.34
738027.32
459604.58
481417.97
378907.96
277126.28
1263929.5
299680.54
403468.68
398933.65
860575.93
816739.0
844626.78
210911.01
315947.73
497064.97
503518.47
1121383.3
1640476.4
582360.53
950572.6
752369.73
805861.85
718838.12
620579.25
782549.62
360309.03
755137.84
2112944.9
1594602.3
636199.62
635722.32
321604.57
563619.16
1207493.5
1329407.8
