780.91357
857.94378
776.56163
787.78033
771.52183
797.04507
786.54927
773.98399
809.23162
809.17593
800.03139
761.66985
788.80335
776.65183
828.19412
838.01403
789.78176
794.12112
859.91338
805.61371
837.30385
809.13644
825.78165
768.63656
790.4878
783.49347
804.31042
776.19183
825.32095
781.73802
764.58305
801.9488
870.7583
765.89281
807.1314
800.43855
794.86511
810.30713
805.94228
798.09946
830.4531
793.44718
799.2939
810.2165
838.98472
792.28471
771.4194
798.62441
769.55217
799.00408
752.89421
