171.09399
220.5236
256.55063
194.62713
202.8952
143.65512
181.32289
175.11794
204.19257
203.42694
230.9376
181.77291
165.61443
204.58013
243.75095
214.48845
134.54854
134.11742
281.5568
178.20334
150.20729
171.67117
128.89283
50.775563
178.01351
251.56689
155.41592
151.61301
179.07179
97.11731
169.06546
188.26798
216.03475
47.233177
152.01545
161.40347
194.8471
169.14234
172.96622
62.658929
177.06399
195.16788
87.925887
159.97713
266.5166
194.24279
90.501987
179.90539
102.3092
305.66729
210.2643
