4153.1236
3937.2335
3719.4388
3750.5036
3892.0525
3918.8708
3921.505
3836.5245
3924.2732
4349.423
3741.5224
4024.7653
3874.9581
3957.8483
3988.347
3991.1403
3479.5001
3718.7565
3292.1392
3555.6276
3834.5238
3627.3351
3963.5796
3752.6644
3765.6408
3626.6139
3793.1229
3846.368
4038.6435
3793.8524
3892.399
3782.6137
4005.4456
3863.3923
4155.153
3894.3016
3997.9161
3740.2644
3625.1828
3788.3784
3728.0157
3632.3026
3671.6865
4474.4647
3777.7634
3805.8201
4029.5986
3742.4255
4024.658
3586.8825
3647.2708
