3044.3905
2553.9719
2368.2179
2361.4172
2372.8394
2538.7134
2314.166
2349.0545
2372.0005
2385.7648
2579.7437
2852.8048
2538.7895
2383.7871
2424.5754
2251.7474
2343.6067
2462.0176
3093.6503
2399.1502
2371.5761
2645.7555
2379.5443
2212.3801
2379.5708
2470.3425
2483.6803
2420.1753
2433.6847
2737.9865
2642.9426
2671.2961
2426.9809
2367.2794
2706.769
2390.2333
2351.2276
2305.4911
2399.2694
2433.5397
2631.8089
2352.9069
2516.9433
2441.6253
2374.8811
2369.1218
2339.5261
2459.4667
2413.335
2843.9324
2433.4637
