4510000.0
9100000.0
5080000.0
8500000.0
4650000.0
2740000.0
7370000.0
3460000.0
8960000.0
7120000.0
6940000.0
4430000.0
4780000.0
7080000.0
6140000.0
1.15E7
7440000.0
5840000.0
4250000.0
1.37E7
8050000.0
3940000.0
6830000.0
3560000.0
6750000.0
3220000.0
7640000.0
5350000.0
6420000.0
5630000.0
4910000.0
2030000.0
4520000.0
4520000.0
6720000.0
1640000.0
1960000.0
1.79E7
5250000.0
7930000.0
7630000.0
3200000.0
3530000.0
4190000.0
3720000.0
6810000.0
7790000.0
3370000.0
3310000.0
3430000.0
3960000.0
