2255.77679
2416.21882
2362.76527
2541.44409
2780.9033
2779.45326
2846.99726
2945.79977
2799.52408
3075.12461
3243.36729
3082.66325
3123.16864
3377.93672
2971.4429
3055.25522
3247.64195
3535.31238
3306.07427
3163.84197
3116.33845
3096.40642
3217.41399
3523.57949
3097.81336
3658.69475
3472.14678
3206.72643
3529.09655
3351.48763
3275.49396
3508.63922
3202.65043
3475.51641
3447.39474
3380.63643
3518.14588
3419.89525
3290.83227
3434.18823
3638.54112
3498.94662
3474.86525
3598.7009
3627.25731
3519.54587
3483.08179
3437.52555
3706.67369
3618.45211
3716.84398
