402.851892
403.920206
406.597582
406.859366
406.923869
407.345272
408.496915
409.847059
409.870544
413.052415
414.359207
414.851843
416.307102
416.814011
417.262958
417.581215
418.958717
419.868264
419.956392
422.038616
422.297233
422.790317
423.280845
423.645242
425.04244
425.309525
427.272427
427.638861
428.991007
429.191502
430.036086
430.515626
431.301955
435.250183
435.426927
436.564328
436.781461
437.374476
440.053776
440.260344
440.495154
441.812414
442.862498
443.356372
443.879119
444.55245
444.670026
445.055646
445.732505
447.102026
450.11204
