437.849938
364.83251
379.066971
449.526917
435.121953
373.504041
449.711734
360.021017
434.516736
365.927071
442.147751
406.60745
329.696062
400.573134
292.646238
484.160997
412.049095
450.022315
472.370851
385.647161
425.52724
400.1949
424.452567
376.049785
441.460351
362.636237
358.290254
491.405451
373.167711
389.944198
363.840935
434.975328
359.25635
369.827345
448.600525
442.374241
358.984378
463.207685
388.298145
457.564937
400.376753
389.585426
402.438707
477.862185
478.095311
460.715569
386.058386
432.014347
473.132533
434.539189
407.727585
