102.957022
4380.83809
4795.34951
5091.79676
5323.06441
5421.86874
5432.10814
5461.48991
5542.59633
5637.38705
5702.24936
5704.30585
5717.35938
5799.59019
5906.58885
5914.21054
5920.92376
5925.73731
5959.25015
5974.15628
6003.43605
6038.74207
6100.31293
6101.19232
6106.14229
6112.03193
6144.08948
6177.52854
6232.97558
6266.87462
6267.39677
6333.70832
6343.73257
6348.00536
6428.17294
6447.96218
6472.02032
6490.10079
6490.02096
6506.63166
6527.69225
6582.82285
6647.79877
6656.21588
6666.98029
6674.46849
6719.85251
6725.98291
6740.71269
6792.05209
6800.26967
