231.275278
264.290595
368.259454
358.068712
987.479496
885.987845
1840.58882
855.460763
1063.43185
780.827288
945.771193
1160.64255
1085.73738
2034.09912
4593.12687
3567.89562
2037.32657
3963.99211
1844.44979
1731.15095
2832.38762
1972.4507
1910.6933
2589.38898
1973.73866
6149.90547
4576.06864
2858.62264
3041.02232
4369.99078
5769.52848
3201.10165
5675.65337
6338.43644
3590.30485
9294.86764
6433.67784
3813.20233
10310.438
9270.73862
8665.50214
7383.13183
4935.49612
5040.50198
16177.8828
5170.83583
10830.8018
9079.70773
10321.5117
7394.24291
15165.9024
