463.010528
576.978432
1143.22171
1004.66208
1151.74906
1492.99784
1391.12967
1474.39311
1942.95783
2216.15887
2534.99036
2217.72309
2272.08249
2538.69591
2635.10523
3774.79887
3107.90514
3377.21806
3566.53481
3643.72717
3883.02977
4176.45034
4098.38552
4398.77729
4593.41874
4939.59072
5208.01406
5218.44953
5241.74883
5736.11244
6262.64959
5534.71793
5590.1706
5873.50651
6555.55824
6098.15996
6718.91959
7153.93659
6333.79011
6479.29087
6999.16891
8552.56829
7328.14013
7782.08914
7580.75267
8454.09267
8562.90563
8658.13212
8876.51262
9259.49337
9428.43994
