232.492469
925.30123
2996.07912
802.531362
1019.83864
765.163343
466.608209
1333.50471
575.320261
685.140917
2484.43307
526.065804
1627.83806
2016.53908
957.997874
1283.61499
516.17006
1109.48989
876.81224
4237.02226
693.473872
411.325574
942.709162
867.346295
5901.7945
1969.40767
889.979421
457.875947
844.65755
537.915349
822.519099
784.048149
700.402663
1479.97771
351.063029
318.914427
2499.30252
811.44823
349.471115
991.23714
331.849566
390.28685
516.004701
1712.69308
627.809258
3001.80925
623.171481
344.091559
2389.24574
340.213391
293.884708
