2193.39613
2345.68577
2530.56916
2583.04114
2597.98075
2601.08284
2722.04075
2822.99516
2862.48268
2919.23754
2923.70324
2937.80866
2939.38816
2940.44129
2959.95441
2970.28772
2976.16938
2998.83267
3013.87663
3019.6052
3022.31389
3032.9776
3063.06482
3068.58914
3117.24193
3122.96352
3140.28119
3151.6778
3166.14857
3220.29673
3241.78758
3294.71171
3299.95
3330.30804
3331.76185
3397.80238
3411.85793
3425.74775
3440.40969
3454.54913
3459.02063
3480.88578
3489.60314
3512.12355
3519.23043
3537.11977
3547.39552
3580.14484
3610.66858
3640.86033
3688.61849
