529.531993
491.759442
540.55858
442.686599
541.630626
525.308225
532.344138
458.085661
586.498005
495.89826
496.68175
499.960475
540.770095
457.67317
574.879955
504.387256
476.712855
518.79708
523.61954
552.583007
490.715545
524.084977
538.388186
531.017511
585.412921
590.914706
575.522745
541.512549
528.099889
498.566791
525.541821
505.504817
606.497441
521.165141
554.960675
593.788207
565.539687
512.837733
536.620971
595.644832
553.490539
596.070961
527.126739
550.022218
532.964617
564.815759
560.574882
628.542333
543.231166
521.755614
541.200422
