734.386469
786.196347
798.771102
854.7989
874.20622
921.87878
979.499455
1035.85412
1065.34577
1106.73808
1147.73068
1149.66735
1162.28729
1180.89647
1294.19829
1244.41343
1256.92389
1258.2608
1271.46008
1278.18294
1284.89291
1331.76073
1371.17676
1380.25645
1392.75912
1406.27306
1468.54018
1472.9194
1493.88254
1507.7937
1526.79243
1529.58021
1545.92601
1543.39498
1547.40758
1549.40696
1559.29636
1570.07401
1585.93955
1605.6753
1613.63081
1618.16114
1651.04089
1666.40117
1685.71994
1689.65149
1700.06492
1698.90867
1702.2491
1729.37522
1742.64952
