215.928796
308.612341
314.900554
341.053548
347.677653
351.332792
388.532588
430.897558
437.29309
433.730603
462.554652
464.464696
492.326782
514.583605
566.13455
569.127453
600.776464
618.205567
642.365248
668.620514
736.954501
768.669028
806.891202
884.569623
919.968164
924.706857
949.841943
1046.33674
1282.95345
1343.82345
1395.55748
1433.54983
1547.61155
1624.25619
1609.85963
1623.87648
1629.82439
1763.78643
1799.62678
1894.37461
1895.04427
1903.63314
1983.13795
2089.31256
2236.08378
2239.09548
2335.59853
2624.59815
2679.60118
2870.35959
3022.6255
