649.422818
650.704769
662.928008
665.029476
665.784625
671.444219
671.838569
672.133449
685.976913
691.318385
697.536092
700.369438
705.610393
705.90883
712.911875
717.413831
717.547986
718.802522
722.988922
724.33191
725.690966
726.447408
734.860012
736.20619
745.857743
747.119381
748.92948
754.135036
754.41313
754.647704
758.861373
762.721903
763.164959
767.215364
767.95377
769.316513
770.041071
770.073769
774.631178
778.07457
780.464898
786.244876
789.312246
792.505358
795.193282
796.851321
799.494364
799.819563
800.918329
803.391522
803.796033
