814.931418
706.966086
798.779644
766.586056
760.937681
736.186799
756.34118
729.672087
794.549731
783.551557
777.101294
733.882796
769.472771
825.620343
842.551363
742.10771
815.123132
783.310209
759.830783
767.424404
868.58204
808.953934
852.421883
840.056885
777.119001
786.864829
742.835509
916.653765
831.915748
767.838249
823.357617
817.912631
820.282623
845.355993
878.997719
867.399173
830.496612
786.045017
896.331841
760.120154
836.260446
834.8406
820.910416
804.681
873.353907
841.335655
848.59903
826.727575
827.070823
898.628199
880.313179
