275.02591
745.8017
453.578496
605.289127
846.317474
444.66562
931.59529
823.584502
546.021044
754.998335
816.373342
536.388577
414.552625
891.867125
499.846538
650.203423
608.398187
505.287457
697.717988
611.537908
776.820693
256.941
646.045911
260.689075
570.970479
642.921171
422.273926
868.068219
1019.39169
692.416917
632.393832
849.24001
650.586261
811.53144
819.475889
364.527238
388.020769
737.462171
575.735936
880.368963
553.123979
947.70526
579.617681
510.156329
633.23703
436.65668
416.917539
566.585043
614.889733
787.969082
762.333097
