93.622135
107.842351
112.325684
113.565058
113.908136
117.172403
115.425475
115.536398
116.144771
116.748495
118.702903
118.895872
119.952239
121.332801
121.586027
122.299231
124.139051
127.090143
127.144257
129.019286
131.244015
131.371627
132.594892
133.059528
133.228321
137.068804
137.89175
139.130361
140.160029
141.201354
142.236818
142.555711
143.729924
144.072859
144.18618
145.302446
147.402331
148.919191
149.153903
149.414271
150.072719
151.619598
152.133681
153.725552
154.795307
155.25056
156.020228
158.006222
158.734045
159.167744
159.283376
