624.736062
611.056119
622.951505
654.543212
637.270146
664.186188
636.238606
653.356457
697.446646
656.830567
735.861002
742.827782
710.073522
717.518904
796.974816
705.124055
773.738818
719.380111
717.465411
709.747738
746.44711
737.606008
756.675998
790.54047
725.312105
724.027321
726.92597
784.395873
797.837391
748.231328
804.961945
771.080567
780.053613
755.489475
753.225842
770.281056
818.303191
779.844614
760.569483
770.488481
785.19338
851.362608
772.92724
775.105107
863.522633
834.369977
840.29278
784.682341
803.840926
791.175956
881.87604
