13570.1995
14093.7356
16832.1325
16188.8895
11340.1103
15010.9495
10871.6782
11200.3722
12169.0672
17132.1422
14189.181
14343.1213
13353.0788
13278.8975
14445.5219
14811.1159
14440.1526
13725.8647
15534.0052
12495.9811
11047.2618
12671.7039
15437.8374
14285.3034
14016.8568
11917.9628
13374.9944
11913.2696
14688.7499
13838.3605
13517.5701
15765.0767
13881.3526
12120.0829
20746.237
16102.2369
13407.0717
15179.4499
13594.1539
12187.3244
12536.8961
17224.9954
13589.8423
11254.9836
12864.2579
12614.3898
16736.8652
17134.8491
13305.6261
14906.1402
14449.4084
