19.728579
70.356686
10.782819
56.39818
194.798485
48.07257
50.211061
42.105419
47.668767
29.193465
43.02469
38.523219
109.024062
74.954331
134.149787
120.685088
117.172427
135.431433
272.269195
111.005407
151.929569
264.99213
239.177421
196.985124
239.89317
211.543661
229.04861
237.7044
341.214285
337.737045
280.602932
302.468739
300.665106
420.434715
355.480602
378.874064
430.017766
416.471203
470.392295
474.265963
498.07551
532.442037
529.424077
562.131477
525.032358
545.23841
592.971136
620.786192
654.308326
640.129721
955.057985
