314.009978
320.66884
322.778259
323.937877
339.205574
325.219947
331.601034
331.458566
332.004502
332.855144
333.670716
334.258185
335.582909
336.226219
336.210151
337.320791
338.134612
338.682071
339.340556
341.037859
341.395836
342.065007
341.683373
342.181292
342.169947
344.490397
344.712789
345.28166
345.913808
346.687781
347.716993
348.03042
348.15501
348.321747
348.800108
349.354051
349.930914
349.97819
351.061342
351.427609
351.856475
404.277727
353.214312
353.805864
354.084777
354.183422
354.349791
354.500548
354.651479
355.129331
355.155426
