4.000109
9.990329
11.026455
11.848236
18.45617
22.864893
24.285001
29.351344
34.063706
34.114772
37.169432
37.45933
38.682871
38.897938
38.914985
39.119411
39.581553
40.39892
43.711927
44.150631
45.252049
47.633646
50.647333
54.809856
55.919008
56.658143
57.368701
57.51885
58.351005
61.094775
61.280573
64.351818
65.77908
66.694581
66.937494
68.140974
68.896626
69.069295
69.348482
72.049432
72.648228
73.05204
73.242362
77.742381
83.038632
83.380394
83.809573
85.246489
86.464239
90.431976
92.042882
