10131.2393
11221.7616
11529.2624
11431.26
12176.3243
11257.3224
12327.7222
12526.3622
11580.9567
11707.1182
12422.2911
11822.4593
12257.0747
13786.2626
12976.9613
12711.4348
13003.1677
13505.069
13071.0776
13687.8712
12665.2544
12663.2841
13835.9166
12803.3105
13609.6686
12713.1417
13147.8651
14242.7577
12890.2112
13623.5322
14076.7008
13182.6271
13431.8059
12875.9852
13208.2664
13005.5925
13573.5916
13775.5651
13258.5777
13088.3931
13665.2529
13649.5422
14132.821
14228.4763
14128.8743
14797.9162
14024.3627
13980.3998
14454.9994
13765.1359
13670.3732
