35.174831
36.313937
40.789505
40.080977
40.502296
40.882585
42.299806
41.030276
41.642601
41.440244
40.834204
42.367237
41.976118
40.899163
41.065399
42.628548
42.568281
42.25103
42.10457
40.925902
42.422325
43.37165
42.877826
43.490959
42.63087
43.263454
42.406224
43.306947
44.810031
43.819276
44.856882
43.657541
43.870624
44.198635
45.424872
42.920179
44.937282
45.166817
45.224758
45.517978
45.516887
45.011321
45.729644
44.449601
43.838056
45.005131
44.602854
46.641752
44.563864
46.462386
46.029612
