0.626125
6.184076
14.476236
15.919948
21.208234
39.57942
40.508187
46.15331
46.75149
50.463464
56.994844
107.008652
110.008082
125.902801
165.288104
168.454487
181.743972
192.736744
232.370311
243.180393
248.646575
255.714343
264.601212
327.430861
348.925285
349.906364
401.124168
441.759447
446.400248
457.24877
475.196016
497.591919
509.665992
515.121569
542.851716
556.702238
589.455393
597.207658
601.740541
623.909043
660.389216
668.811069
679.326757
692.870279
747.035736
825.624926
844.813286
864.720281
952.292381
990.938123
1004.62417
