79.740646
96.127949
98.514711
102.539886
176.947213
141.167715
141.787504
273.709756
283.993458
327.170636
379.205312
438.454705
506.756257
554.566607
932.644498
912.198557
1024.34454
1225.81952
1258.77648
1427.92781
1976.88647
2053.21368
2167.38414
2211.10387
2480.04175
2481.87547
2842.12736
3082.41435
3222.08239
3285.27956
3354.41243
3441.31627
3492.90112
3848.78208
3888.65273
4015.19478
4064.11802
4877.48486
5448.16191
5657.54598
6046.54165
6386.69324
7135.05873
7328.97897
7395.7316
7506.34191
8228.27021
8744.15308
8833.05824
8973.83686
9202.9996
