661.194555
678.407861
690.807444
691.146875
693.647271
710.492372
717.948903
727.513937
736.809271
739.940794
740.435086
740.559504
740.869857
742.576118
743.766037
745.762197
747.354084
751.123926
753.786867
754.230969
755.80073
757.957395
761.703667
762.269756
763.024062
765.598037
765.860985
768.340792
768.789377
769.575214
775.593375
779.740226
781.298393
783.338317
783.616069
783.804546
784.884819
786.685495
786.698777
786.743385
786.909426
788.818057
790.706868
792.305423
792.476776
792.516404
793.375328
794.474694
794.531153
797.625808
800.228405
