40.64584
368.140792
366.133993
348.213904
307.267824
307.296523
302.602029
305.910705
308.952439
303.371122
304.638107
321.68879
380.516166
309.388734
304.89459
304.599344
303.456403
304.655482
305.87473
324.700045
370.389432
375.731547
372.268702
350.559466
368.099652
318.386864
303.891522
565.59016
321.804772
358.004771
335.494173
303.115221
304.343255
586.449666
377.998625
368.315163
304.7462
408.024836
366.229778
369.185934
397.191888
590.049181
380.578295
338.931205
371.26951
305.003227
414.178038
305.400986
311.342905
531.730422
584.992919
