965.394681
1118.00116
1000.26775
1012.03712
1088.76937
1068.99561
1140.8611
1134.69379
1063.88665
1045.49827
1162.34508
1108.71036
1065.9867
1103.39686
1074.96987
1192.04678
1114.84677
1131.35006
1174.88549
1159.02027
1151.3158
1127.67046
1142.39248
1112.21499
1169.76506
1144.99861
1161.65768
1177.22444
1179.62586
1135.35069
1153.32836
1208.01907
1147.82292
1155.10207
1244.47812
1151.79174
1243.02495
1197.01765
1213.80083
1170.10196
1186.37005
1237.48962
1256.09009
1241.2243
1245.25615
1220.11455
1187.21194
1239.80565
1222.92876
1218.38364
1216.70346
