4353766.7
3994925.39
4803457.74
4360805.31
4573423.19
4975371.48
5521030.46
5736503.2
5391465.19
4841712.99
5716662.08
5997849.42
6181795.28
6213258.35
7943770.44
5645315.33
7396059.9
5693259.65
6109778.54
5840094.81
5845798.01
6601344.39
6912897.98
7763756.79
7073344.78
8078198.89
7035480.48
6669280.55
7127246.18
7522351.17
6710782.85
7198670.39
6502673.84
7643464.13
6233229.7
8177082.95
7867532.59
7996732.19
7189853.6
6670493.34
6995963.38
8262362.76
8552552.02
6907244.36
7544132.13
6741449.61
7307352.5
1.19606742E7
1.15389592E7
9706301.53
7300834.97
