4534.75417
4936.52617
3105.85004
3503.72739
3068.61821
5088.62265
4144.44795
4263.0998
5498.53017
4965.71301
3272.64118
3198.54324
4655.72059
4733.46951
4477.71506
4861.36768
3358.06454
3639.18121
3901.17595
3001.78845
2707.81958
4580.69891
4797.76382
3883.59518
5006.29948
4238.39815
4596.12675
4460.28009
5111.7206
4830.54987
4586.68499
4487.62519
4536.17502
4541.48162
4548.48106
5154.8113
5520.45273
5036.92286
4718.45868
4955.67115
4821.20461
5365.68162
4898.14022
5190.69149
5467.29357
4809.01412
5172.44102
5017.79208
5129.20287
5017.92386
5210.82573
