1.4260699E7
3.26501042E7
4.07192257E7
5.11346819E7
3.5819431E7
3.1280864E7
2.27307977E7
3.25276108E7
2.76340377E7
3.67205993E7
3.20054143E7
3.71537759E7
4.93984294E7
2.99197085E7
3.02307868E7
4.27889669E7
2.78845291E7
2.62886756E7
3.24415419E7
3.43490152E7
2.65163972E7
4.72467109E7
3.04243158E7
2.59095461E7
5.12262203E7
3.48110413E7
2.28766152E7
3.34248582E7
2.67082137E7
2.86291326E7
3.32398257E7
2.3066486E7
3.73612908E7
3.27496632E7
2.59353076E7
3.46455343E7
3.32024369E7
3.15034741E7
3.88991414E7
6.43246718E7
2.0496805E7
4.67738344E7
3.36809773E7
2.01810499E7
3.45577996E7
2.87481314E7
3.07090183E7
4.26131575E7
3.83929024E7
3.22298585E7
3.36795681E7
