6166.34431
23041.7624
8850.66641
5249.0592
6873.19978
5669.54964
9866.88969
18952.5748
7170.74025
7256.70204
8694.64778
8606.97122
13535.0165
23994.9323
18758.9728
5288.16232
6655.03464
5145.01808
9506.74946
6994.43688
7073.5363
16895.6635
14540.9509
8405.90502
15517.997
13681.5476
16994.2685
9373.81461
7773.85665
18374.6445
9608.53858
10556.0061
11258.4893
10795.8298
9240.7166
10727.5424
10420.764
13614.7787
9879.8463
13590.3754
13417.802
10160.3876
21407.6691
10756.3347
17957.6178
13590.3889
16704.0352
12625.2138
12519.1069
20925.4996
13418.7253
