756.949114
719.677859
712.233518
733.6312
821.551021
824.947657
785.060408
777.024509
784.432545
774.14482
800.835256
803.005966
786.235051
773.907706
778.577226
838.929956
767.930336
801.827227
837.560575
780.753569
831.56367
787.1209
802.87587
800.854378
862.67814
847.2527
883.354046
836.45464
790.609854
884.955855
885.652033
795.059539
820.173963
866.19638
841.289289
944.116713
854.488461
869.334621
869.55068
844.088096
872.649483
906.674759
809.789274
809.062951
883.938289
837.643987
894.939371
862.990904
858.691747
917.088532
915.360644
