77.289857
84.311925
105.979469
121.030779
169.845998
174.552518
192.254393
197.197926
197.494571
207.987406
220.133126
245.527042
254.549022
263.458197
280.792606
292.966887
299.179109
301.213882
303.398234
311.519812
311.991334
312.871792
322.70924
329.057908
330.163813
351.485079
363.286148
366.375916
381.152898
381.576496
389.314832
396.907314
400.125959
406.067557
410.645088
410.928409
411.319352
415.610209
421.085339
426.149804
436.09129
437.12607
438.672708
440.740643
447.237948
453.05893
460.031395
464.114273
475.575399
500.342095
502.281724
