432.2204
407.981249
456.196224
475.231459
461.134417
408.173675
418.170611
470.611305
427.433866
451.277021
456.672281
450.536842
488.97485
442.180866
480.67683
464.602948
497.345125
488.805995
487.702562
468.599335
470.284606
407.501562
487.042389
452.617933
465.598615
466.27847
415.608839
459.572652
439.789298
465.696875
503.854657
462.904909
538.613705
554.543152
475.676349
419.102777
468.744556
487.107706
470.642371
420.74246
433.936971
416.69441
468.611463
447.295653
478.574433
478.451428
490.680221
492.394307
522.689339
494.630143
497.1282
