598.310568
599.33828
600.940114
625.779238
621.749968
621.762461
623.613944
634.843815
644.949339
646.357372
653.656479
664.378405
666.518452
680.752278
682.741414
682.974767
683.24276
695.386586
698.800072
702.402051
704.752225
707.495549
708.585407
711.365552
711.749043
716.538936
717.515698
718.245681
725.331438
726.607719
726.69579
739.532316
742.973914
743.768192
748.326793
749.124806
750.459016
753.108342
755.577507
756.878442
757.168447
760.151021
761.370507
767.611242
767.844068
771.915083
772.259021
776.729236
778.008776
778.203026
779.182726
