455.649677
624.473117
485.899753
561.000036
531.004568
14232.1081
15076.5282
15166.8084
15556.855
15924.7098
16255.6466
16377.9882
16414.085
16495.7766
16633.7776
16818.9502
16956.7323
16718.6799
16832.3404
17105.1172
17345.778
17392.0211
17307.5919
17401.6835
17344.2442
17500.7159
17500.3632
17614.6403
17619.7496
17867.9707
18004.9073
17859.866
17931.9096
18019.4143
18007.1248
17876.0387
18096.4854
18112.0336
18256.2695
18226.17
18251.6955
18285.8285
18421.6951
18407.9352
18570.1336
18535.4289
18569.3182
18637.4594
18771.4767
18714.4329
18842.5691
