15929.3773
17247.179
23350.9666
23449.0636
25011.292
25793.3928
28735.7791
31581.2841
32068.0889
37866.4403
40836.8793
41789.1224
43586.529
44715.4611
45170.0485
46229.9103
48160.4677
48651.2907
53214.7187
53273.03
58666.7258
60545.3774
66978.9365
68785.534
72755.9088
77290.8559
77499.7989
79715.4483
83502.4645
86245.0699
87359.0351
91882.5341
91941.9103
92214.6611
92263.9421
96446.8332
96703.1053
96747.3597
97429.1605
97693.9309
97928.2907
101090.716
101176.432
102622.581
104017.599
104911.597
107655.435
108898.625
109277.835
113164.651
117188.251
