1385.58222
1656.161
1470.27478
1441.09345
1601.39301
1491.36889
1635.16236
1529.59779
1612.59211
1311.13676
1595.30071
1591.69712
1471.95557
1611.0003
1478.61543
1598.41811
1559.42808
1792.0571
1615.63604
1744.67473
1605.81363
1706.51812
1582.05681
1809.51754
1518.17173
1817.6021
1469.43371
1762.98202
1471.12004
1445.62209
1546.46777
1639.84953
1545.97287
1490.32933
1696.45648
1528.09515
1603.1028
1678.18793
1724.76354
1584.89874
1639.87115
1650.85484
1751.83204
1664.58198
1776.25422
1611.08728
1645.85405
1680.02273
1709.14671
1659.44557
1641.9206
