726.807106
766.284999
769.948854
707.636729
716.482324
806.045678
794.767539
729.571631
748.304162
810.298461
759.97826
763.64098
780.649827
780.51131
815.462503
748.121059
756.115177
793.980258
800.235034
787.318554
809.451063
765.263198
792.689526
810.532335
785.35486
771.114265
765.053067
841.016229
786.085981
816.315159
783.620058
813.361467
794.186136
763.237235
819.532533
782.732855
816.453715
789.505272
770.289309
796.120482
865.492279
839.422451
788.191144
753.169755
785.390296
820.167997
782.620298
826.987121
762.66893
814.185593
839.649327
