86.092367
170.296042
199.046727
227.028909
294.609912
296.263015
272.84125
266.993604
270.552049
276.104395
292.168899
287.301831
287.037351
286.669645
291.193114
291.792475
292.203207
294.599787
301.462795
301.617356
304.815549
305.770746
323.883248
343.640764
344.631367
346.61462
361.299715
368.982059
367.054778
370.305606
396.030091
604.977296
397.640043
403.791969
411.728772
415.276651
419.072104
875.606973
427.164442
471.7473
450.937048
443.585162
445.592365
687.239838
462.427133
462.549137
463.539073
471.573005
477.024227
508.942179
485.193727
