1.14093495E9
1.12610424E10
7.22092992E9
9.56892139E9
1.37588189E10
4.07258651E9
1.4269019E10
3.9873067E9
2.89060399E9
1.29484053E10
5.56234957E9
8.79071745E9
1.51445067E10
1.1713414E10
4.79532411E9
1.40629534E10
2.18322034E10
1.5465449E10
1.25395553E10
1.24129705E10
3.93759402E9
8.13568175E9
2.75282961E9
5.13556931E9
9.28795602E9
1.12623546E10
8.95807731E9
1.21550115E10
9.28670038E9
1.2093256E10
1.38158132E10
2.31595194E9
1.04033225E10
6.08571932E9
4.32665307E9
7.93660765E9
4.35057374E9
1.5595902E10
1.04397525E10
1.13887857E10
5.09545253E9
1.15690398E10
1.267225E10
1.18000758E10
1.12732101E10
1.51717311E10
8.45382308E9
9.49526291E9
9.20066175E9
1.59181741E10
1.52735763E10
