1148468.66
1994283.4
2149607.86
2738522.55
2583808.95
1778318.56
1491946.02
1740801.62
1770707.34
2754486.96
2056408.7
2048414.84
1852969.35
2147112.49
2744347.1
1890344.92
1387348.26
1488716.85
2366325.84
2296866.23
1668424.9
2022867.51
1801836.9
1592963.35
1887998.61
1569689.66
2083866.53
2043876.79
1286630.55
1453667.74
1873899.63
2083116.48
1596347.85
1804778.7
2437450.7
1936236.88
1711542.4
2055027.11
2587760.86
2518057.1
1422743.59
2090934.1
1734365.13
1673817.61
2063675.15
1818422.2
1644305.05
3011636.6
1911422.44
1621863.19
3366603.48
