552.027023
533.151381
544.974403
544.772722
579.713134
622.97677
534.276729
510.781628
590.787244
550.905105
554.230069
530.967603
605.79686
590.055503
579.881539
564.336461
526.554168
537.763689
526.154661
533.65289
552.302824
547.759716
519.073234
569.409315
585.981475
518.780613
594.728161
518.676998
528.937691
629.893484
582.394353
610.144953
525.554282
588.6092
518.066466
508.02391
523.758986
570.864685
536.225177
631.806623
559.412711
537.792788
521.002406
529.043343
542.127813
556.689985
507.352954
512.904449
574.517147
588.706329
577.672409
