8946.13682
8321.03883
9797.52575
9465.65364
9472.15727
10755.9626
2729.37607
9361.44832
10250.9385
13335.1852
14537.1256
7875.72914
7407.18197
10309.369
12023.8104
11686.8817
7143.69513
8917.23449
7553.83667
6141.2807
4897.89577
7024.0974
7117.0699
5756.52229
10459.7433
11197.162
5479.92753
5711.36466
4953.45896
6835.41519
8038.15137
7954.81228
8075.29865
7849.66077
7501.96251
4489.43092
6741.46726
5650.6216
8345.19145
13522.6044
13549.001
6785.06087
13476.0154
9823.2488
7904.15948
17092.4109
5320.42122
7870.47631
8656.79535
11224.0704
12860.2256
