324.295822
336.365914
354.992137
380.011754
336.051913
352.848928
352.667435
340.114805
463.825312
353.256128
5503.82086
5939.95789
6044.02399
6016.56634
6214.46762
6934.74867
6261.41449
6383.01513
6506.53052
6414.31097
6691.32498
6490.96842
6592.31864
6556.80989
6801.95858
6812.38139
6842.14011
6832.42545
6870.85719
7709.65713
6867.25799
6864.72107
6879.24604
6902.7698
7096.49092
6928.54511
6945.56738
7075.98633
6998.46438
6995.82422
7028.36957
7151.31104
7079.36769
7106.09853
7102.57861
7116.89186
7120.11324
7128.68576
7124.25878
7156.01956
7231.27104
