45.876401
46.344153
47.642536
55.557151
56.60199
57.932605
57.794094
60.287349
126.723813
66.098028
67.092206
70.025465
70.312531
71.61652
72.132719
75.198647
78.826359
79.155375
79.620465
80.562642
80.729882
84.403204
86.13743
86.484947
86.497751
88.695643
89.262265
89.542261
90.175426
92.171792
92.717407
93.333385
94.681734
94.805413
94.814488
95.030612
98.408914
99.134859
99.661623
100.224787
101.023692
102.099558
102.232604
102.767292
105.172688
105.14786
105.670198
107.547615
107.738603
112.991866
113.550997
