1.22100139E9
7.24149764E8
1.73734711E9
4.56750443E8
2.46990159E9
9.91353714E8
1.73314671E9
2.61177237E9
1.89040005E9
2.00425997E9
8.70882488E8
1.38174424E9
6.25557293E8
1.21075903E9
7.24068933E8
1.19367261E9
7.27362733E8
1.06660451E9
1.90994997E9
1.31228873E9
1.70296177E9
2.2393088E9
3.28186727E9
1.4678452E9
2.54363695E9
1.58289655E9
3.42899949E9
1.71253673E9
2.1475383E9
1.97693683E9
2.55279457E9
5.18537324E8
2.17503318E9
1.96958822E9
1.11039524E9
3.5319655E8
2.40025204E9
2.16390433E9
1.9980714E9
4.1921439E9
1.02576095E9
1.83838391E9
2.66973136E9
1.43588109E9
2.9467494E9
1.22139974E9
1.439247E9
1.1801303E9
1.5509094E9
9.53798548E8
2.0385021E9
