2729.72593
3911.51548
2896.94104
3272.8982
3087.21797
2837.51484
3411.38964
3630.16144
3567.40563
3431.58436
3698.07813
3250.45228
3502.24029
3167.50851
3177.90595
3496.14451
3656.19898
3748.85394
3250.88467
3446.82813
3447.44641
3326.30208
4145.99657
3441.89329
3453.27056
3353.82286
3717.8953
3728.72925
4154.13083
3560.88704
4460.23779
3637.39689
3392.61835
4191.43858
3864.24563
3539.14649
4005.50016
3810.262
4269.9429
3430.29329
3726.7509
4059.46434
3628.72503
4076.61233
3288.5977
3527.68804
3761.25768
3515.80105
4699.86071
3901.02972
3557.3485
