84.57135
90.541053
92.530936
93.525875
93.525895
93.525895
93.525895
95.515783
95.515823
97.505721
97.505722
98.50066
99.495665
100.490538
101.485593
102.480512
106.460201
107.455196
107.455261
108.450058
108.45018
109.444761
110.440012
112.429848
112.429909
112.430067
116.409898
117.404619
119.394633
119.394674
119.394735
120.389608
120.389653
121.384592
123.374343
123.374403
123.374474
124.369255
124.369281
125.364179
125.364225
125.364337
125.364378
126.359377
127.354357
128.349036
128.349127
129.344183
130.339147
131.334026
131.334061
