271988.303
667424.341
77846.339
127369.648
135923.451
166696.451
82372.7001
73174.6534
139328.396
34153.2326
159256.049
103757.54
29363.7659
54173.9931
85594.9282
77661.8514
182541.649
85236.2505
61995.0154
44207.6798
113063.665
109764.081
169239.946
27825.9135
140010.02
129961.358
80833.5482
65471.1018
208090.054
202315.08
157791.301
130728.462
161991.027
159241.35
198232.792
232667.636
76889.0511
95313.913
137471.451
83138.6484
143001.27
73796.1961
159548.757
158802.382
73213.1527
78871.4206
113501.909
135644.202
102416.473
111766.717
88368.0484
