2295.68796
2629.54347
2791.0494
2345.65318
2478.19983
2572.77833
3553.63131
3128.23363
2576.7503
4363.21381
3646.90132
4092.62609
3826.70923
3386.59604
3373.18193
4281.05836
3570.04748
3139.46664
5378.39978
3690.00869
4300.67042
3520.42799
3832.7841
4478.02975
3511.05405
4147.61419
3439.86432
3260.08738
3756.65457
3200.2848
4264.64994
3391.88072
4151.7008
3734.80786
4068.18338
4783.88082
3955.82957
2881.78058
4562.68232
4626.93749
4039.46632
4634.95075
4257.45091
4917.9097
4610.58195
5000.7418
3999.44611
5212.3916
5650.12103
4816.73357
4548.08568
