3.87697892E8
4.88669018E8
432395.0
1.3773527E7
2.93127836E9
3.90907262E8
197717.0
8.67411695E9
9146256.0
1.9072741E7
7.55715599E8
1.64641458E8
4.7393415E8
1.6822629E7
8085976.0
1.92333007E8
2.5965905E9
1.58849557E8
586712.0
8.72265423E8
3.1846818E7
9.007636E7
1.3845956E7
3667421.0
1123612.0
873587.0
92779.0
2.10240405E9
3130694.0
1.6990177E7
1.04727226E8
5.2525203E7
1.3420283E7
1.2158067E7
3.2937065E7
5946143.0
2.94581141E8
148917.0
2470011.0
1.01058667E8
1.97724647E8
96890.0
2.90503164E9
1.8852659E7
1.7431712E7
2.1490085E7
2.32189401E8
4888197.0
3.37337135E8
1.78268053E8
358114.0
