2117.51302
2672.33055
2581.76152
2945.06249
3932.43603
4471.24526
4325.29563
4037.89799
3032.45864
3058.43532
3180.50187
2704.12282
2652.14391
3163.64488
3186.81213
2253.53895
3809.29206
2031.55518
3081.91805
3191.16069
2869.42713
4048.64938
2709.20451
1683.03505
5089.7306
3361.85073
3143.48401
2808.44299
4380.17184
2171.83894
2753.58804
3519.96841
3668.71948
1907.19144
2404.00838
2923.76947
4775.33402
3068.28629
1906.47743
1892.00169
2438.53049
4169.98104
2430.39832
4113.6167
3132.50991
2974.93603
3224.33955
2352.21204
2079.62313
3200.68946
1134.29575
