16673.907
19235.3256
24457.3666
32904.3941
29697.7555
32115.6974
31500.0921
37333.4466
33798.6703
40044.6756
43627.9978
42538.5704
43940.4035
46710.7757
46160.9273
47091.567
50742.1518
58364.183
55335.219
55744.268
66827.1676
66774.9464
69692.444
72438.4866
77431.1183
84641.4918
82380.156
80846.2164
89543.2378
86886.3391
88161.9568
93464.392
94056.5976
93876.7603
100003.51
97423.8175
104134.641
99407.2077
99423.5268
99219.9941
100538.241
101668.618
102419.819
103984.274
105917.698
111097.196
116311.926
110526.099
111106.007
115265.097
121173.58
