2.650023
363.495385
307.380862
300.922798
300.295081
300.240532
300.317006
300.176997
300.300977
300.12211
300.312669
300.486889
302.249292
300.523101
300.208229
300.231019
300.246904
300.228138
300.233284
301.095813
353.733085
301.104299
304.088582
301.331286
364.642202
300.765769
300.276382
412.073453
300.705718
303.371097
300.873971
300.191548
300.33971
417.727449
368.505905
306.004016
300.226217
349.611944
302.217989
303.521226
362.901678
534.266353
304.254588
300.892934
357.740908
300.208224
369.069829
300.290826
300.354732
416.655531
416.821577
