429.458292
522.951536
390.926551
493.049249
464.763325
486.486074
430.939636
539.37438
464.65171
424.213046
449.812706
489.022454
389.358235
464.963774
389.182257
364.744555
497.190142
445.812119
493.677286
559.575463
393.605596
566.626149
482.869325
537.738711
483.896368
484.156127
467.304452
386.81282
460.542256
457.577794
514.265227
427.865485
444.711273
424.761689
417.624413
444.917755
415.614221
498.337076
447.847996
407.604207
479.445022
472.564608
421.351119
526.036665
514.016007
487.809987
549.790657
524.168861
520.243811
433.216944
564.950762
