51.584914
59.344636
64.934912
68.958768
50.635041
68.218901
48.318848
60.073793
65.728714
54.83355
52.069188
60.901772
65.763457
71.227733
59.808424
56.118709
48.591289
57.250673
61.480119
74.276652
59.153441
58.493119
59.442603
63.707658
60.906989
62.540654
61.06265
63.039897
64.490924
66.408355
62.705435
66.931182
59.168352
63.762521
72.054893
69.313731
68.932097
71.151239
70.641131
61.764906
60.988641
72.609651
55.154798
66.595067
68.196736
69.042375
59.047897
61.667592
66.678812
69.567795
68.896425
