13.364026
14.197676
17.372805
35.641257
56.695192
57.633071
63.616956
67.453737
78.652613
85.165673
118.796423
134.382802
142.405596
181.157964
209.164434
286.93173
294.161705
306.823525
421.229995
456.49249
469.193978
490.908986
498.656581
528.543873
706.507374
878.703036
1052.42814
1173.58691
1493.05846
1516.86906
1616.26249
1793.39784
1840.32001
1961.07184
2132.42797
2401.95788
2419.82549
2450.27957
2642.32066
2832.87124
2877.91452
2895.37698
2949.21269
2963.25404
3030.65316
3134.74432
3708.58787
3732.07485
3799.59418
3956.45906
3959.74869
