479.441087
519.103744
596.642132
591.65597
553.415768
562.627407
518.785224
520.870189
550.70667
546.171588
528.108115
576.762512
531.478855
530.711571
579.944813
531.144622
531.997908
545.259295
532.254359
548.739582
557.916382
535.98071
548.130656
564.986339
553.704428
560.526488
551.134183
559.217658
573.606075
562.969236
587.739474
567.044878
569.557717
565.979638
577.260321
564.58319
567.777229
575.858462
578.063838
588.246811
606.299018
585.029962
582.901135
576.229714
574.751217
607.006297
570.212812
613.9757
589.877919
582.168302
577.982586
