7610.81483
8175.52359
7020.61457
6888.40051
7217.7495
6558.18551
8112.91875
7918.12292
8641.51656
6800.39878
8296.83849
7391.51048
7295.94817
7800.49259
9756.61303
7067.56841
9334.32352
8867.89046
8089.52515
7726.61069
6942.57147
7696.05703
7924.66542
8727.15844
7208.51958
8972.92798
7869.1128
8264.69646
7669.63802
7903.03583
8581.90426
8683.28409
7725.00805
6813.75596
6914.75777
7607.34551
8295.42614
7366.19454
8215.30521
7900.59644
7741.76668
9944.00962
7178.39297
8285.21515
10219.3602
8149.81407
7767.93773
8252.88002
8476.6389
7901.63454
7380.47743
