1081.66474
1108.45524
1145.41026
1164.64446
1190.37591
1190.48587
1200.61283
1210.2161
1218.49413
1234.75795
1258.53971
1287.95438
1291.06562
1298.01669
1298.29346
1300.78697
1301.6061
1303.5239
1312.47706
1332.00491
1332.37569
1336.13355
1339.76315
1340.98746
1343.08038
1348.32716
1350.76729
1354.69499
1355.42408
1366.4251
1375.46752
1376.72207
1381.75479
1387.23406
1387.81083
1389.96959
1393.79756
1417.95578
1419.21406
1421.19419
1421.3681
1430.14474
1434.88312
1439.86
1450.40684
1453.33882
1453.96676
1455.09897
1464.2879
1465.28554
1469.9395
