458.891041
463.157016
475.703789
460.007181
474.02654
475.0511
459.7832
479.707082
470.49102
481.405907
474.081743
479.601735
478.698817
483.082207
478.842803
478.910391
479.220587
481.566957
480.931053
483.252501
490.004891
481.714986
482.696004
486.864647
482.389903
511.708176
494.001799
506.115055
500.376505
514.334942
527.911695
499.978536
501.737702
507.248743
508.209194
508.414032
508.274427
508.907926
508.896192
507.992068
518.283636
508.379674
508.122994
508.422405
508.621123
508.330359
508.018069
508.552691
508.070996
508.526593
508.621754
