3.318411
5.306694
6.291803
9.598699
11.618191
12.974284
16.251157
19.236066
20.23098
20.913764
21.988799
22.063914
22.220945
22.31993
22.755683
23.551452
23.705659
24.603286
24.736613
24.737561
24.938534
25.004205
25.14229
25.205626
25.275466
25.305185
25.335646
25.460347
25.590028
25.968407
26.331218
26.726511
28.291421
28.75989
28.994836
29.264497
29.286298
29.570476
29.578007
29.967255
30.180417
30.281453
30.622805
30.687597
30.705142
31.581297
31.603945
31.742405
33.929148
36.962196
37.265909
