73.832445
78.076022
84.718578
84.102229
86.886009
84.117062
83.814159
87.622111
84.188967
84.38553
82.003759
90.22191
87.019488
85.145958
87.522448
82.356429
87.552017
86.949837
85.931013
84.207228
87.645506
82.274255
95.158246
83.545001
75.648502
90.548369
84.701195
83.472255
84.644624
87.236482
89.789276
86.912159
92.891552
84.149
92.789348
85.463446
85.311493
91.383718
92.059143
86.20914
93.853724
86.239339
86.472619
83.617787
86.785468
96.037537
85.595464
87.120399
87.953951
91.608299
84.108424
