328.966018
358.356691
376.998062
544.49622
472.686763
426.180199
508.834665
417.463601
409.90474
369.234252
446.731858
388.993451
440.324288
390.110795
450.132093
452.717446
398.317706
463.117849
467.800158
434.439651
477.404446
430.827698
404.691957
437.375028
475.577749
374.471569
447.177391
383.324858
405.862081
452.26991
403.904434
395.822896
415.789149
452.095853
435.605131
344.024545
392.793272
474.081609
432.927381
448.204007
385.046096
412.820734
377.916207
444.711211
395.121279
448.734234
472.360261
478.702835
404.521093
446.115404
499.573804
