868.22497
934.948025
954.682351
964.834862
970.294071
971.960184
972.348634
998.351016
1025.80224
1026.45046
1027.4987
1032.24677
1033.63707
1038.74236
1052.19456
1052.51859
1055.23107
1056.2403
1061.44064
1062.69214
1068.9246
1068.9778
1070.97165
1073.10564
1077.15541
1084.83908
1089.54482
1090.03085
1091.32075
1093.58314
1100.74172
1102.1043
1109.83963
1114.25833
1124.16759
1127.34555
1129.58527
1130.44042
1132.74608
1134.20349
1134.86878
1146.91011
1152.8733
1154.44281
1159.84202
1162.29322
1167.99549
1170.77231
1173.11035
1180.80141
1180.83046
