883.365519
939.849523
916.082362
952.375485
954.018467
968.542703
981.969062
985.111797
985.771714
985.776438
994.384069
996.854231
1006.40443
1009.86131
1025.4231
1050.25948
1049.27076
1059.29644
1051.29392
1052.39675
1052.37979
1056.53048
1061.75462
1065.15229
1080.51839
1073.56299
1075.67937
1080.55719
1088.44695
1089.94496
1099.75216
1148.8663
1102.37023
1102.36676
1151.25566
1112.56605
1121.19282
1126.04861
1129.13334
1129.42698
1133.33059
1132.96115
1136.68381
1141.30078
1141.05419
1166.96694
1143.40602
1143.16142
1147.2737
1152.08666
1154.10918
