2652137.47
2671102.59
3194060.63
3413113.11
3567446.78
3717790.13
3838351.56
3668274.13
4173474.08
3783572.67
3890525.47
4226239.83
4385747.68
4236618.01
4729693.44
4072489.01
4712133.22
4171489.61
4311362.36
4222963.1
4467664.99
4777012.85
4800320.56
4493983.42
4918517.32
5300149.27
4722313.44
5161626.84
5210279.4
5181958.47
5026290.32
4887090.23
5031945.14
5192337.13
4960113.16
5268997.71
5314959.42
5844772.64
5342621.94
5314550.07
5265667.68
5710287.41
5691555.2
5393607.91
5608211.17
5527116.36
5652447.05
6876208.36
6555432.38
6208159.59
5862199.89
