6317.46043
9985.37679
14755.0906
17558.3961
20564.9187
18478.593
16915.3007
18571.5502
20604.1205
19747.8334
20724.4151
21803.3449
23147.8402
23021.0036
28624.6369
27624.0436
29254.5105
27536.0706
33864.3704
30171.6925
30023.7172
31497.1637
32544.0932
35968.8781
30869.9433
31583.245
39975.3007
32885.3179
35370.8151
41725.4739
34339.2505
36669.7433
39046.9304
35716.3152
37304.0387
37951.9229
37774.0528
42600.1187
37145.32
39636.2172
48170.4345
46472.5335
44675.2159
44136.0516
41664.3766
45008.7288
39196.4561
43126.4278
49985.9812
49154.3048
44890.8737
