3632.22339
3887.93048
3950.00204
4350.27898
4418.58752
4513.79931
4559.60377
4580.37024
4590.77693
4640.97552
4784.34699
4906.57347
4913.03731
4996.29346
5003.83285
5007.46768
5068.91453
5106.09085
5148.44607
5178.42376
5187.0636
5238.30365
5263.05533
5272.81927
5381.96209
5392.17608
5354.30074
5380.89294
5392.03743
5426.4763
5500.29676
5522.78645
5551.06689
5558.60917
5558.06954
5612.6486
5642.63028
5645.94427
5635.84115
5684.61728
5680.4343
5677.76231
5695.46057
5775.53818
5772.08833
5788.57572
5860.65592
5884.18638
5908.93764
5893.67288
5923.76718
