45.890419
46.477745
47.912029
55.767116
119.458798
117.807297
57.805935
60.704651
129.890551
66.198869
67.192418
70.105288
70.485453
71.899815
72.262546
75.332882
78.865017
79.311188
79.623041
80.808578
81.01919
84.612982
86.30443
86.719769
86.844998
88.716166
89.449821
154.4621
90.314948
92.315129
94.106404
93.566268
94.705751
94.899993
94.87176
95.158048
98.656087
99.610312
100.037063
100.444132
101.153477
102.264993
102.434602
102.818156
105.340112
105.333744
106.073653
111.317276
107.796096
113.125623
113.566525
