3.571863
9.012986
28.559346
28.576876
32.783797
75.090618
67.574662
67.67667
67.785219
68.151456
69.041929
69.255292
97.550896
71.101042
72.582271
75.482636
73.770016
114.531976
75.218046
76.359128
92.39297
77.113697
78.326333
79.85627
80.795258
81.950752
94.808141
97.188267
99.267586
103.076115
100.976292
129.463341
114.467381
116.419233
115.931078
118.474508
142.430813
131.206788
131.682536
134.088422
133.583697
135.369548
149.909158
134.734608
134.440478
134.91765
135.195473
140.934301
135.971847
138.964034
156.004347
