2.58555209E7
2.02558212E7
2.23003504E7
2.86350611E7
1.8174915E7
1.95690427E7
1.79679667E7
3.67061145E7
3.19409138E7
2.79223595E7
3.41037636E7
2.3558889E7
3.42618401E7
1.96255552E7
3.99152662E7
3.64276019E7
3.52392706E7
3.29869229E7
2.36933134E7
4.71722402E7
2.05116312E7
2.47420546E7
3.20542265E7
5.24206434E7
3.04569645E7
7.06567345E7
3.60599923E7
2.68841946E7
2.94691286E7
2.4313225E7
2.91843642E7
1.98613137E7
1.97122942E7
3.83769077E7
2.2265783E7
5.35484454E7
4.33057453E7
2.90796957E7
3.15157605E7
1.82907396E7
5.24030764E7
3.36221144E7
2.58380016E7
2.34102284E7
2.15622086E7
1.75003673E7
2.64590674E7
4.80218834E7
3.85457687E7
2.82550174E7
2.33209411E7
