6812.81078
7889.76719
8086.19144
7811.74358
7416.63948
8806.69412
9049.54081
8753.19931
9503.37262
10451.145
9597.04433
9570.95536
8934.37592
9932.66361
9645.18439
8979.39645
9635.1745
10251.8653
11420.2944
11474.3741
11860.8275
11071.431
11561.5037
11049.4457
10960.8668
11487.4045
11137.9295
10995.9983
11686.6987
10996.1842
12406.972
11832.0493
12096.1602
11957.0949
12701.93
13699.2997
13362.7138
17935.7321
13248.5414
14217.8353
13266.874
12655.8744
12046.3087
11176.6389
15354.9026
11852.1104
17254.0782
13201.4934
18141.0178
12766.1772
13130.6454
