1105.44572
1137.79301
1180.29039
1204.80824
1271.38243
1224.6839
1215.71353
1254.24525
1273.35911
1261.19073
1334.04347
1346.41222
1318.94907
1334.70656
1343.99036
1345.65508
1323.14395
1356.34505
1339.00649
1398.60123
1368.70096
1392.24982
1400.49738
1418.46145
1387.6541
1416.13033
1391.92012
1389.2978
1402.99166
1415.76168
1452.28914
1418.8603
1439.61633
1418.50503
1407.7208
1432.89239
1461.07319
1460.34957
1443.52687
1458.38041
1472.18524
1486.83148
1512.93009
1478.38986
1483.25208
1488.42701
1500.03818
1592.1435
1492.18514
1518.59707
1493.83316
