1269294.66
2543829.59
834980.192
915691.421
2806465.57
5395292.13
1532122.28
4491126.6
1535589.15
2409196.28
728090.335
2174522.74
5665835.69
2370782.22
1587945.08
4061232.84
4921003.03
3672916.78
2006877.29
4115605.76
1752074.96
2756587.84
4309318.29
838742.006
2777573.47
2160723.52
2304396.82
3936502.55
2187620.77
1.12617478E7
1936793.64
3177332.42
1835069.15
481898.792
943910.405
2452767.13
3521917.04
1994507.03
3451595.91
1882663.76
3107873.62
2947729.67
7729158.35
1021892.31
734367.548
3445137.99
1.17128152E7
1481645.72
1897237.55
3027046.94
4543800.96
