2863.85721
3509.61337
3597.4871
3496.59929
3637.58505
3673.30537
3699.43609
3811.86933
3768.53751
3775.96447
3935.06636
3875.32735
3851.36455
3880.32431
4073.02666
3923.4394
3954.8217
3881.85813
3889.05542
3900.54431
4273.11142
4302.78725
4020.98745
4099.29412
4008.86132
4099.8522
4046.36187
4121.33961
4200.01583
4069.67601
4273.45459
4124.95467
4167.70937
4093.15203
4271.04186
4188.01815
4178.17421
4278.0379
4228.92795
4248.93522
4140.83912
4337.57621
4466.94142
4380.47675
4273.66329
4272.22702
4361.79319
4388.33717
4355.09359
4470.21515
4351.12968
