43.915139
63.703981
63.738435
66.689476
66.694923
66.764031
66.765975
69.703965
69.722813
70.671872
72.653912
73.63718
74.758038
75.634788
75.664171
75.664213
76.629167
76.671945
77.631215
77.651552
79.66512
81.614577
81.603708
82.597521
83.641349
84.651278
84.602735
86.661187
86.605418
86.587554
86.599417
87.59975
87.634275
87.588041
87.573763
87.574214
87.588038
89.573619
89.569205
89.597703
89.573101
90.61337
91.554806
91.563862
91.5903
91.581776
91.62933
92.569386
92.568685
93.544156
93.565365
