49.113277
77.748856
169.785359
36.4993
88.829494
57.423267
46.449541
49.49953
842.095756
77.548739
44.818073
59.58314
68.578162
493.359734
149.365365
49.634569
152.412079
260.14866
44.826123
65.785103
269.292663
93.708245
265.30272
127.590688
388.609257
97.413355
101.860934
718.945058
346.844601
85.658096
183.114166
310.584842
432.060152
152.571932
230.671596
101.492367
69.374334
755.514679
92.537501
221.229962
404.474366
195.25864
113.665145
708.837373
667.091092
1522.03218
90.77675
452.210721
291.81632
516.940998
786.730825
