188.471216
197.429335
215.573444
231.311436
227.301469
234.645859
237.259178
245.418186
240.092161
264.37395
254.785909
257.605046
257.078552
260.104311
258.293854
268.951354
280.615474
283.19804
294.43691
281.257235
279.203397
282.73709
282.593788
286.163863
290.535632
290.736095
288.759588
288.988967
290.839727
289.451651
291.801709
291.074791
293.924683
295.21127
308.563878
310.882124
299.289319
316.685367
303.765731
306.863372
308.018148
310.476541
315.521322
316.988724
319.628787
334.708718
322.439738
324.31663
323.227358
322.291076
356.368783
