147.646403
142.550644
162.576143
157.476321
160.426516
179.049602
176.340707
158.923167
151.980617
180.034084
169.531805
193.454483
176.408825
157.797264
174.676161
191.278367
166.166545
195.151989
182.375834
186.305949
173.239116
147.140155
195.528145
159.565865
159.85547
164.89038
179.107906
221.07368
189.593729
188.746366
206.944011
201.981635
156.507498
189.586559
211.88353
208.01693
205.859446
209.017178
193.154744
171.652588
187.578452
175.448483
186.203114
194.392958
191.506636
191.603203
179.368363
180.858136
226.442041
184.483484
191.861625
