636183.709
642141.684
702360.199
701491.608
706150.279
712438.549
717627.711
719161.019
726229.313
736842.485
754020.491
770623.616
764026.775
769415.053
773451.017
771404.75
791851.193
778922.624
780198.036
782455.07
793894.858
785418.929
791768.419
791469.422
790927.236
793450.519
797897.843
800034.391
807886.716
805317.815
806413.344
809232.401
808635.992
810680.824
813646.879
815266.909
814866.216
816204.399
814923.522
879587.669
821809.048
819748.317
822666.964
823400.526
831307.854
829698.513
831900.212
920657.97
834753.579
838542.12
844690.629
