100.009338
100.05505
100.010735
100.046345
100.046782
100.237447
100.014679
100.049782
100.09388
100.057146
100.06014
100.058636
101.595229
100.048085
100.002326
100.012571
100.421081
100.008632
100.022837
100.076485
100.155917
100.042626
100.028061
100.020869
101.500387
100.009051
100.03323
100.042213
100.401556
100.119515
100.33114
100.014815
100.049584
100.099681
100.026164
100.047072
100.007106
100.135086
100.111997
100.085166
100.033622
100.018637
101.682662
102.096219
101.589485
101.780005
101.624504
102.365555
103.018575
208.790042
210.818435
