176485.553
217367.461
180739.924
196797.824
268427.452
267190.897
289517.133
337162.07
458019.983
435130.086
337552.979
334620.274
362270.352
445864.975
417404.315
372073.958
418335.361
479573.788
454164.006
568902.838
493916.308
408061.647
549824.129
449918.999
464278.449
665542.082
617600.941
513606.482
501033.314
625206.346
747073.561
556740.856
625470.359
503647.057
528454.913
563239.887
482857.826
681838.685
857647.73
655063.844
868502.664
566488.246
667473.443
804478.025
526930.091
657666.909
582202.011
890390.152
598586.626
674789.765
715142.188
