938.489606
1120.01033
1162.56849
1208.95922
1210.97653
1215.99318
1229.67764
1270.71196
1323.93256
1330.25104
1330.27424
1362.17179
1368.77072
1379.46834
1386.25987
1389.26929
1404.23101
1423.56052
1445.53077
1467.34242
1478.81542
1483.58343
1486.98992
1499.66164
1533.30336
1541.34355
1554.45597
1569.03116
1571.58293
1571.85833
1578.74907
1604.48156
1652.00791
1655.31112
1663.76023
1665.21992
1696.19523
1706.50785
1707.8005
1714.73913
1728.03444
1737.07815
1739.89563
1744.72348
1747.7685
1751.5473
1764.43464
1765.24847
1788.17528
1801.35114
1804.05186
