81.591765
112.304733
149.14854
165.153856
114.065601
208.568579
172.163105
110.67832
118.70628
146.988461
115.217888
113.734953
146.156923
127.461045
176.909084
137.530601
146.34306
123.696146
114.062442
129.31715
159.642691
112.9169
107.351902
106.759383
140.905647
106.970425
341.198031
354.56079
350.869981
354.707167
353.959401
361.204912
360.65188
358.930636
357.434658
367.371612
375.080214
374.987556
377.870644
377.341919
372.938328
376.335928
382.759379
382.302514
377.395681
383.397168
381.547063
394.09397
386.913972
381.726423
386.871578
