97315.8043
104434.841
113361.176
96399.1968
113333.188
104601.071
121707.507
104061.952
114517.376
117609.096
92199.3
99246.6907
102258.768
113552.427
115742.574
126186.119
118392.682
136158.724
112899.552
121562.881
112700.605
109386.832
155506.206
131363.029
110529.491
97903.3874
140871.888
112260.081
115208.771
129915.858
140614.029
123926.484
135497.421
109342.13
103701.046
97765.2627
114543.536
136882.445
93999.3608
132010.916
93854.7555
114564.558
166133.052
105239.154
125762.903
133652.256
129145.242
118273.115
122808.142
122828.649
149660.749
