248.383119
206.32109
252.892602
263.388263
352.940177
294.439382
243.586416
243.13901
295.202259
293.293831
370.410538
295.231283
256.084621
291.674909
239.661422
375.645896
269.0832
307.042359
334.675195
287.034991
341.256191
306.923995
331.216698
306.651565
303.193432
274.188364
286.124166
391.622128
308.984008
291.064704
264.74484
337.749296
272.044421
268.577804
322.538903
355.759337
277.557619
369.273134
282.829039
365.106543
302.066313
288.644705
295.036323
373.246055
391.077487
349.843478
307.245375
355.25455
371.436922
324.56364
312.802004
