3382.25618
13594.786
123030.788
585.846665
12397.684
23725.8354
3487.77599
9104.4807
21336.8316
16759.0241
25923.004
4696.35106
31384.288
8235.84879
35975.8951
2091.20897
44046.9074
26410.3168
8693.14336
30819.779
118056.339
8694.51821
131899.727
31971.381
27619.105
73849.9198
27773.0588
5136.57123
7623.95216
13293.6347
111526.091
28515.2035
15945.2728
18935.982
34495.4277
79082.4857
12511.8507
31835.3808
31636.767
24483.4178
31142.6335
18887.3485
6827.7523
14511.5728
7872.44521
24036.6963
27383.3357
6889.54197
8269.68846
20164.9224
8317.19299
