16333.7899
16705.6442
16973.8051
19069.4334
18881.9655
19039.0956
18372.3583
15224.1774
17472.1549
20793.5697
20100.1733
15712.1802
17642.9502
17348.9146
15688.0203
16113.8701
20499.2766
18782.6399
14574.2688
18170.4303
19340.493
18384.6798
19696.1824
17641.9333
15351.095
17446.9475
17052.914
15190.3141
16483.1704
19552.2625
17044.6695
18514.2815
17623.0174
16939.4262
17230.4958
19195.1825
17703.5731
17903.3608
17939.7026
17327.2848
18583.8217
18745.3025
18274.642
17511.2129
17142.8887
15886.8088
15171.1122
18091.9742
19479.7127
17719.6313
17741.9555
