10630.4595
4085.21641
3393.29122
9664.58685
5706.31476
3961.37964
4476.91015
13342.2871
4336.87952
4164.72693
4958.99934
8741.32134
8625.36241
6352.39397
6048.31707
6392.03679
6645.29572
9942.75987
14134.908
8487.48543
7538.71116
5512.97665
12183.9483
5606.49878
7601.74225
13490.4308
7277.90839
7235.07655
6492.82034
6815.5665
7592.53658
5248.10617
4214.19469
15352.9983
5238.52986
18269.6081
13612.3501
5209.56891
7284.75961
6669.39452
7078.88987
9473.41631
5677.21104
8725.61615
8261.84664
5854.92018
17207.5426
6240.60561
8816.56476
6210.69874
7701.08864
