1.461242
0.937218
2.075215
1.735767
2.981568
1.454829
1.782117
2.62201
1.216299
4.499176
5.151421
2.096614
2.060704
5.491536
1.637067
5.659363
2.128893
3.133092
2.102346
3.190257
120.148274
119.574014
123.052336
121.031581
123.807155
119.442163
120.458099
119.964828
120.451993
120.14098
120.624133
123.406748
122.372509
121.51335
124.107961
121.699489
121.543028
121.646099
121.559318
121.251356
121.786028
122.165334
131.655994
131.196037
133.081243
132.710289
148.986865
301.132454
218.999511
238.660936
241.111363
