649.42282
650.704776
662.928018
665.029478
665.784627
671.444231
671.838581
672.13345
685.976918
691.318465
697.536121
700.369445
705.610394
705.908833
712.911882
717.413833
717.54799
718.802527
722.988936
724.331915
725.690971
726.448005
734.86002
736.206193
745.857748
747.119431
748.929498
754.13504
754.413132
754.647706
758.861424
762.721921
763.164984
767.215364
767.953801
769.316523
770.041075
770.073776
774.63122
778.074572
780.464907
786.244876
789.312247
792.505366
795.193285
796.851338
799.494376
799.819572
800.91833
803.391524
803.796039
