56363.9199
37136.7295
111274.93
33800.7637
48963.0735
51697.9695
39686.913
34536.1262
58847.3343
63319.1185
49558.7755
35865.5093
38642.1495
49988.8363
37391.6518
56966.4226
41584.7695
40981.0273
55860.9758
67018.4124
35605.1475
61660.5032
47783.1543
50579.4946
47346.2806
38915.9377
46689.4615
45171.841
56885.6149
57916.6687
23511.99
41481.6172
45770.0704
54722.5711
39635.3355
55165.1196
61545.0816
43549.9772
68155.6115
70834.21
42426.7094
46674.7241
66827.1856
44144.2695
54318.3851
44672.6719
48023.8811
56253.3648
50831.1306
59188.4436
79781.915
