2546.30872
1967.61378
2256.36114
2162.09826
2154.92845
2451.69761
2345.61675
2096.94594
2148.59641
2308.58213
2867.66993
2158.60754
2414.79636
2200.00853
2628.62958
2015.58955
2093.20817
1715.30841
1657.99821
1793.01001
2441.31095
2555.74977
2542.91878
1817.20079
2387.10709
2340.45649
3020.64118
2180.64743
2626.63095
2477.24975
2572.35025
3130.72838
2733.61614
2230.92074
1793.43033
2290.11329
2407.80357
2339.72124
2282.16185
2405.17683
2209.69608
1955.14035
2135.3013
2475.25239
2177.60241
2246.14609
2181.38086
2318.02339
2505.22054
2648.60983
2977.05568
