87651.3364
113401.327
119257.315
134868.344
119276.379
129514.628
193026.836
137825.911
162226.463
143257.811
180138.619
175480.475
243790.198
176755.757
191955.875
209522.115
245438.79
299259.284
188863.912
200849.565
268749.069
245866.218
236123.093
204746.749
348527.452
229348.078
276904.724
237428.045
301480.369
335493.405
349333.504
360337.694
410565.283
328690.819
384595.306
400674.465
462337.354
305225.657
470887.398
317748.576
339933.249
400774.35
404855.945
419531.965
503993.699
430421.207
403757.756
549886.947
529735.888
465374.747
618711.545
