1975.37598
1930.35761
1930.73512
2045.84894
2103.73041
1974.21112
2071.8984
2067.50699
2114.33179
2078.57624
2075.01919
2106.65833
2056.22596
2118.97095
2052.13999
2121.4172
2102.57944
2112.9708
2102.48046
2093.10193
2102.20932
2138.07056
2095.30045
2098.00515
2101.72814
2114.97091
2137.98859
2142.07173
2118.97611
2131.17052
2138.92769
2143.68156
2164.88616
2188.64638
2152.24772
2142.37177
2190.96656
2145.91651
2153.57808
2291.47943
2160.92845
2156.36024
2203.61587
2201.56191
2223.21767
2268.40142
2253.27737
2208.53798
2215.87816
2241.83009
2220.81067
