165.282217
363.679717
360.757147
168.575603
236.132265
297.047322
169.914576
203.76988
333.012533
417.111242
608.891152
208.12657
249.733904
458.961959
321.652605
575.980617
219.03913
345.875842
364.678831
918.430712
380.904001
293.283686
280.477739
452.288548
260.263777
142.413629
176.047312
627.529774
432.92137
564.600999
135.105264
533.108669
372.429698
620.990069
222.721279
511.952904
513.661893
230.422033
390.970684
957.336118
555.644441
289.728487
652.935069
368.260711
860.674393
331.923918
334.428186
551.004926
293.754054
669.493816
794.271244
