10011.9762
10246.4916
12601.4537
10815.5592
10309.5428
10718.514
10233.9064
10494.9941
9660.05887
9942.08289
10723.024
9337.72972
11460.9516
9489.75573
13066.6058
10008.3831
11224.8507
11223.1904
11946.6651
10500.4586
9964.52734
11709.1702
12985.0474
11350.4561
11122.7727
8015.32961
13073.2979
9472.0587
12668.7144
10395.6495
12782.6303
10900.5646
9369.60553
9532.819
12323.7625
10959.7917
10672.6663
11137.1517
10832.8412
9946.64295
9908.24291
10102.5636
11159.97
10148.2684
10878.0879
10449.1589
9699.30093
11246.3028
11107.1783
9888.16694
9390.18988
