81.785304
53.062164
65.888338
76.642921
132.912947
128.321071
73.838049
144.263395
155.230821
109.910928
74.545889
141.996027
102.346681
102.417989
78.952449
96.313019
102.843646
116.349065
148.543324
108.574256
104.578917
118.452129
95.120818
137.755472
97.249959
109.200067
115.274179
160.78779
132.699506
106.117903
164.926987
162.893507
102.868828
163.241963
108.600116
109.781808
110.315662
177.031439
156.726534
139.101783
110.385939
135.918392
165.447151
118.453202
129.46706
152.755965
142.401345
177.758139
116.573862
146.034344
127.459918
