284.903877
297.029215
344.651249
295.128057
322.187698
410.595135
324.437203
334.175005
365.101716
333.063509
344.287934
360.807891
381.945614
359.068394
366.515154
367.854915
424.804121
409.206825
387.884114
417.057142
401.905586
398.973966
445.450824
453.775351
464.20207
440.075448
467.641394
526.548488
464.339516
478.504582
527.966867
473.394917
491.394512
511.194008
517.89608
546.342587
547.958916
547.422067
623.406741
621.432543
632.248116
643.321611
711.766948
711.171195
738.369171
715.933026
735.694354
752.622442
797.969289
848.337041
872.732742
