67499.8745
69529.4293
69615.4427
72175.7208
72378.185
71943.4239
77277.4202
73198.0581
75798.8694
79779.3135
84315.3879
80155.0967
82327.4303
78707.1989
75429.3706
80379.8714
82044.527
83956.4451
82624.1105
81953.0192
82093.831
90097.8126
84317.577
85786.0069
83357.5753
86380.5968
81656.6023
84418.1921
82622.6758
84975.3591
85613.1693
89687.027
87611.6649
89511.0922
85351.8959
87694.6651
91675.2618
92250.0739
88777.0758
93295.8661
89313.7411
85602.1248
92269.1086
91966.9177
99326.8062
94040.0909
92525.2845
98020.6158
94953.7676
89703.9307
94799.6218
