3616.57243
3869.92273
3940.99841
4346.88022
4410.52358
4501.31668
4525.83481
4561.48097
4583.09872
4630.01406
4756.43845
4874.45689
4899.51644
4989.53362
4997.54237
5001.49803
5025.40469
5097.95433
5134.64955
5160.94534
5172.67526
5214.11017
5233.31177
5253.99391
5319.20846
5321.24417
5345.53367
5357.25198
5379.8098
5415.00526
5482.60416
5511.30787
5540.18933
5548.8422
5550.87151
5587.1529
5607.01774
5615.70747
5621.19133
5641.78847
5669.52615
5669.56088
5676.62287
5754.17086
5759.82812
5764.17585
5791.13821
5862.53593
5876.30112
5884.91217
5894.69826
