2300.53105
2277.41267
2038.2174
2243.24377
2960.64252
2014.54659
2006.46593
2548.06811
1765.90501
2895.0638
2695.05842
2118.49871
2318.55794
1776.15899
2206.31127
2429.97371
2532.94355
2230.05827
2145.46323
2144.68142
1917.69025
2892.42764
2141.88371
2052.48571
2884.2978
2316.47987
2434.47635
2000.12558
1849.00516
2841.54882
2817.83564
2661.01566
2402.11536
2646.45727
2821.48291
2603.19778
2382.17447
2505.26303
2253.31593
2530.58573
2906.99552
3000.13586
2166.47979
3116.87386
2498.64076
2523.96124
2788.60403
2774.19279
2843.17437
2228.50047
2087.74279
