4943.56381
4973.06562
5064.04203
5084.50365
5312.32112
5549.87826
5704.773
5791.42515
5824.10114
6261.50337
6272.04529
6273.93508
6289.61124
6308.08312
6383.21836
6494.23579
6592.91772
6660.73114
6731.20928
6753.35875
6755.61718
6898.95893
6929.41919
7027.90864
7095.40346
7239.49221
7489.73482
7516.99482
7596.96751
7606.06389
7613.74512
7813.30984
7819.70209
7892.94035
7938.54407
7976.80226
8001.77258
8024.94972
8098.40366
8100.66095
8107.6275
8108.87977
8179.93665
8182.31521
8367.45602
8639.79063
8821.74318
9035.79539
9165.52741
9167.90991
9171.3006
