106.704157
159.114825
134.767027
149.051092
126.224792
144.99242
140.508033
148.092379
136.844103
132.269989
135.84025
108.821162
161.767844
129.889379
152.466373
162.098959
157.561222
128.900586
149.520259
145.030537
153.182277
125.221392
128.808264
152.135702
163.134848
148.763185
164.956046
157.673941
147.552468
135.694298
147.453198
146.961868
137.880216
139.698618
141.546684
137.600142
145.049165
170.794027
160.819278
158.030658
163.287655
151.774935
143.5743
157.67115
155.820681
152.057771
174.862572
170.784686
168.673967
157.706615
139.718551
