739.327362
698.677475
701.353957
714.032057
759.131755
766.713765
748.519018
750.630344
762.607674
759.617164
774.546006
773.685028
760.458463
766.130484
759.309493
801.775369
758.222581
776.233705
814.561028
771.232467
809.836896
779.115023
788.300732
787.417145
831.107859
827.725538
863.783104
816.846859
779.46866
852.171575
835.140072
789.835998
802.959057
848.781502
808.934999
923.477071
822.014137
828.542359
823.760073
825.5955
863.609611
856.276442
801.947786
801.030323
846.165624
825.396648
864.035476
828.658256
825.636956
882.358531
888.276707
