791186.826
639451.309
1545828.94
1148000.84
214278.754
826551.331
286642.03
322445.562
1841496.25
652416.441
2070993.12
740963.821
397174.257
558117.827
907521.423
886998.446
1468761.81
1816968.79
659807.126
1374435.69
765345.614
670902.741
154088.267
482849.839
1878380.68
1569390.91
1463999.14
959912.987
359678.999
1072591.21
1990213.74
238420.146
901790.993
750050.641
5343590.32
597615.995
3052313.21
609069.617
277853.234
642825.844
501564.656
724519.278
280271.208
1481757.22
243967.093
391944.697
1080539.44
520094.486
40827.2292
1005291.55
627683.09
