154.286834
170.463212
170.241278
181.144335
184.225717
184.156517
185.216979
186.362019
188.193134
191.366408
191.343501
193.447479
193.152567
194.132149
195.110095
196.128363
196.198028
198.214117
198.227311
199.067581
199.133973
199.131988
200.239917
203.211485
203.105611
204.142688
205.003717
206.16489
206.023129
207.052395
207.033841
208.254173
209.304316
209.036012
209.431396
211.128431
210.986413
211.138702
211.156885
212.045816
212.206635
214.150894
214.13599
215.016363
215.238482
215.171835
215.013727
217.084651
216.936214
218.200124
219.083484
