6.62176618E46
5.87759171E48
7.61078729E47
2.14709932E46
3.17872633E49
6.50602921E47
2.47016434E45
2.88028878E47
1.99988467E50
2.84747295E50
2.05026817E52
2.21036961E51
1.69164213E48
3.38636753E48
1.81600256E50
8.25772846E49
4.77336647E51
2.15275683E47
1.94747515E53
8.36512846E46
8.92248639E50
1.68716707E51
5.2656608E47
5.71305755E46
4.52715992E51
2.15359518E49
3.48847145E46
3.1505601E48
1.31010735E49
1.21896655E48
2.13629264E52
1.23085078E51
2.64375984E50
5.98517882E51
1.29556442E51
2.63969499E50
5.32414318E51
2.68929753E50
8.68093884E52
5.09988447E48
1.66607643E48
7.79264213E49
1.13898469E51
6.02890637E51
2.17283645E50
5.81824595E50
2.91325207E51
6.85682082E50
2.25302392E51
2.74826925E50
8.11878903E49
