773.884076
851.112509
826.373388
879.679299
877.603104
869.332457
984.516965
919.946647
980.845735
967.583195
981.94333
963.115225
976.327126
971.160815
917.072608
1027.06047
959.579405
969.292312
978.358788
974.338647
1050.63045
965.219783
1048.27758
1000.25403
1045.5319
1022.67405
1034.35835
1003.33087
1065.17329
1038.55763
974.996714
980.136544
1021.59216
1025.97068
1054.21356
1063.59607
1032.34336
1029.5701
1071.0092
1075.24984
1086.20137
1051.55223
1080.34075
1071.31816
1092.54242
1086.15278
1045.9161
1105.66371
1085.22979
1105.77042
1091.67354
