568.551367
594.743359
597.960041
601.844924
610.536747
611.440878
623.184001
625.343911
628.010179
632.196608
636.988661
653.792737
668.033232
694.43962
702.389671
704.148548
704.516607
706.604677
716.686686
722.635347
762.388233
764.204538
767.83695
770.397744
771.996064
776.186307
789.354571
804.01897
807.210762
820.060392
832.615477
835.071577
836.934304
837.804202
842.054919
865.84215
884.764114
894.782499
897.51929
899.101358
906.176601
906.20859
932.045975
934.141872
935.043067
940.922798
941.955528
942.089784
949.626373
949.804663
957.514492
