1.096716
0.571316
1.274986
1.271799
0.651327
0.462925
0.650621
0.512345
0.659532
0.688673
1.496935
0.796033
0.891302
1.267221
0.995572
3.604988
1.238274
1.767158
1.932057
1.915732
118.939369
119.082349
120.06425
119.078193
119.304792
119.204663
120.099788
119.304144
119.310004
119.972896
120.052637
120.102054
120.130993
120.237892
120.315735
120.333156
120.413037
120.394517
121.274681
120.4866
121.426891
121.608471
130.180158
130.485613
132.413984
132.30277
147.3706
218.795913
218.390071
237.567662
237.526302
