5930873.77
5717285.34
6314722.98
5138042.94
5401796.05
6067066.56
7197374.8
6735837.49
6833045.72
6210924.56
7063077.07
7506729.79
7932063.52
7353388.17
1.00845437E7
7305999.18
9923829.71
7251642.72
7487209.48
8027349.43
7277085.88
8552122.31
8971313.24
1.02876582E7
8474743.76
1.00432903E7
8686895.6
8041313.17
8626345.17
8908117.08
8289332.7
9100551.59
7692308.2
1.02327266E7
7376085.79
1.00546432E7
9611675.75
9544337.18
8341769.33
7736305.48
9587829.07
1.0360514E7
1.05554993E7
8243574.66
8459831.09
8144539.26
8549598.47
1.38000522E7
1.4916975E7
1.25571721E7
8763592.68
