453.619024
573.590241
916.633203
973.045131
1146.95586
1307.05937
1372.9668
1379.91078
1835.71258
1963.4345
2047.95478
2096.46395
2103.62658
2303.73748
2509.88025
2592.75157
2933.52917
3134.59259
3483.90687
3553.8304
3872.42246
3976.88407
4071.68533
4162.27396
4504.2103
4828.83021
4897.43631
5102.47093
5237.12015
5381.34959
5409.46419
5484.80567
5574.26929
5770.49121
5874.53051
5945.42741
6007.12298
6254.52968
6329.44001
6351.77707
6952.47715
7059.133
7269.46127
7317.57998
7562.14564
8321.51581
8359.19462
8375.22613
8873.22162
8932.75386
9380.00016
