9.30903525E9
7.8977493E9
6.23630583E9
8.88060216E9
7.50258884E9
5.97203911E9
6.67738969E9
6.83469043E9
6.67635474E9
6.96742786E9
7.23929516E9
8.88486278E9
8.23992262E9
7.00141387E9
1.36988454E10
7.51820582E9
4.28477258E9
7.11620713E9
6.12377689E9
7.65697413E9
6.69038607E9
6.46922807E9
4.43709241E9
9.39684853E9
5.23387705E9
9.19224524E9
7.94307838E9
5.44239768E9
9.86218304E9
7.30848459E9
4.87174362E9
8.34095565E9
7.67566308E9
6.28786043E9
1.10744475E10
7.1327408E9
9.1848494E9
1.00167316E10
7.4500403E9
7.51564598E9
7.44500355E9
8.2664953E9
8.62792362E9
8.7807346E9
1.09316121E10
6.98058E9
5.78390038E9
1.01625359E10
7.19702283E9
8.55146423E9
7.1769542E9
