486.006016
497.878452
858.931556
938.68403
1005.38934
1026.43817
1027.5202
1029.79635
1055.88218
1056.64969
1061.07492
1071.2756
1079.50506
1116.84338
1119.47347
1161.92755
1162.73063
1167.55805
1201.54453
1203.76025
1220.66101
1237.65499
1266.70754
1278.61924
1281.28019
1285.58995
1289.31054
1293.07622
1303.32254
1311.48778
1339.61301
1350.11121
1366.58849
1371.86927
1387.84873
1401.82789
1402.6897
1420.48898
1422.39984
1426.0247
1433.28
1439.3575
1443.24411
1444.87263
1445.10181
1457.74719
1468.18197
1474.92427
1523.9259
1526.81192
1537.61867
