11.587156
19.842136
13.81006
15.166255
13.668723
18.522073
27.357425
21.758945
18.400824
18.061691
16.107509
19.458677
23.782877
20.803272
16.416737
17.606679
20.811382
17.622167
17.10322
17.116191
17.430129
28.200205
25.017422
26.482856
20.809685
18.366083
17.675157
17.403013
18.520548
17.986178
18.262368
18.479653
24.921559
24.215387
18.255476
18.362604
18.597288
22.799187
21.441409
27.75849
19.015423
19.385973
18.949612
23.456762
20.67223
18.998448
20.483766
20.188945
22.89676
29.010289
22.815172
