11316.7494
11786.1715
12028.9703
12235.6294
12301.6969
12372.4831
12405.5964
12739.0486
13001.8809
13138.3011
13184.926
13213.4618
13274.4516
13289.7036
13329.0
13463.181
13445.4407
13497.6163
13542.0316
13552.7945
13584.0622
13581.9085
13679.1523
13757.581
13768.479
13786.2984
13786.5428
13813.5602
13963.005
14149.5929
14214.6897
14307.7822
14362.695
14378.2712
14454.5623
14461.6435
14460.5878
14476.7112
14486.9613
14521.2987
14547.376
14579.1562
14613.4831
14661.6453
14665.0486
14674.9241
14737.1774
14796.7374
14806.5527
14889.4863
14941.6153
