58001.6909
58811.6203
60600.8163
60859.2447
61921.9992
62371.8497
65161.6753
65199.8517
66420.7356
66637.1335
67201.2642
67367.3952
67614.2506
67669.3224
68444.0611
69113.528
69304.0825
69397.1521
69620.6781
70230.4195
70433.3513
71988.7407
72698.4042
72921.1716
72948.2171
73100.3448
73742.6156
73991.1999
74010.5981
74655.944
74965.1971
75033.3147
75247.3632
75309.0091
75842.6993
77508.6073
77790.2855
78373.7914
78407.568
78950.8908
78970.9524
79262.6477
79418.5144
79508.1722
80527.6514
80626.8013
81211.7829
81219.0092
81613.5644
81899.2364
81931.2911
