301.639015
301.85137
302.033799
302.179285
302.392119
13904.8888
14820.0625
14947.2547
15372.5648
15763.3678
15869.3865
16230.6987
16280.6872
16404.0909
16441.2434
16476.4465
16600.6588
16619.9804
16736.9872
16899.6077
17086.9455
17125.7941
17197.1133
17214.8223
17219.9715
17315.3374
17403.8345
17437.5208
17473.4105
17660.0609
17742.4901
17743.3755
17772.594
17775.8515
17778.2704
17799.8964
17918.3857
17927.2094
17960.6434
17996.6048
18062.1553
18108.2478
18298.4832
18306.7961
18337.5579
18337.7907
18387.8691
18490.0122
18531.9031
18580.0896
18639.5549
