1.86968813E7
2.33340801E7
1.5735307E7
8672368.43
6357592.47
7262413.13
5390547.21
4.42878442E7
1.29729501E7
4.15592707E7
5.07505843E7
1.58935622E7
4248011.98
1.61886233E7
1.68666106E7
1.19008146E7
1.41547436E7
1.86291438E7
7242366.33
3.67415074E7
4.90898771E7
1.4011147E7
2.2093176E7
7844482.76
1.98609344E7
1.22463938E7
7538330.93
1.94734469E7
1.69019748E7
6119186.02
2.43490005E7
5.00874222E7
6.09689159E7
4.69842782E7
1.26106618E7
6.21105452E7
2.55942587E7
6.12767464E7
1.56622073E7
5.17558741E7
7995494.32
3.31927619E7
1.27136086E7
2.82209331E7
1.39687297E7
2.81962733E7
1.58473276E7
3.98282994E7
1.64123768E7
3.15059883E7
8321106.57
