2.36243217E7
1.65012174E7
3.10039283E7
9355537.14
3.16356883E7
2.25756594E7
3.09841861E7
2.63342443E7
1.94951597E7
2.83418894E7
2.14743338E7
1.70018795E7
2.03206743E7
2.4714858E7
1.3914788E7
1.53404308E7
1.64771271E7
1.60888486E7
1.85963943E7
3.13041596E7
2.21764765E7
2.81292329E7
1.71985423E7
3.37368138E7
3.28225713E7
1.59263654E7
3.74533828E7
1.52531654E7
3.20857438E7
1.26357239E7
2.3937918E7
1.48391769E7
1.27197867E7
1.84336292E7
2.09458942E7
1.2670521E7
2.87852568E7
2.06595776E7
2.13026465E7
3.29485173E7
1.48906722E7
1.83626428E7
4.09296221E7
2.00816043E7
2.32383237E7
2.61015489E7
2.85612708E7
2.0961421E7
2.0164981E7
3.0295925E7
2.48537355E7
