647.251305
642.790611
689.413865
629.994612
647.782755
660.460406
664.277731
621.229373
649.757664
675.162923
672.288967
628.932039
688.056129
626.907764
720.520407
661.808074
728.436286
652.09992
679.538427
712.587413
679.639193
714.66997
646.610888
695.194894
673.157275
723.175866
667.099832
658.91819
703.605872
680.354839
695.974398
669.220158
695.436244
670.136342
671.998361
751.686983
683.596162
706.963901
698.251957
698.696218
736.088478
714.691426
671.022691
727.564105
699.747366
725.566861
685.491654
693.185279
707.866128
663.068862
733.928888
