154.218216
170.137359
170.13748
181.081696
184.066721
184.066821
185.061638
186.056357
188.046445
191.031362
191.031445
193.020923
193.021282
194.016159
195.011356
196.00599
196.00599
197.995945
197.99605
198.990802
198.990888
198.991009
199.985908
202.970576
202.970891
203.965427
204.960774
205.955616
205.955677
206.950281
206.950692
207.945605
208.939537
208.940565
208.940647
210.930111
210.930361
210.930459
210.930463
211.925008
211.925413
213.915234
213.915294
214.910092
214.910112
214.910208
214.910268
216.899987
216.900035
217.894901
218.88956
