618.76315
82.471042
231.675231
67.63186
106.302541
102.066179
381.391684
123.445785
256.666302
417.235159
244.889524
569.252941
566.744143
277.074204
330.552611
337.637133
366.846158
410.849238
481.060802
463.137345
594.04368
945.405444
901.470797
1696.92181
737.95464
812.018438
3277.62488
1006.97736
871.180616
2027.35532
4868.46986
1512.95609
1295.40038
2256.66705
1297.64827
1456.9454
2796.69606
2032.92384
2612.8823
2558.75551
1976.85637
1608.2433
2688.26419
1734.33295
2819.89832
4171.16313
2187.87901
3286.3992
3854.65551
7108.08011
2603.10043
