1.76987896338687E-7
3.36125367539353E-7
8.10132860351587E-7
1.70952375810884E-7
5.28458940607379E-7
5.23201947544294E-7
2.09813947549264E-7
1.15172178993816E-6
1.49421555306617E-6
6.92926960255136E-8
2.95805534733518E-7
3.24073312185647E-7
8.70940880304261E-7
1.61956222655135E-7
4.84205656903214E-7
4.78192987429793E-7
0.00298981039122737
5.85257225793612E-7
3.54557755599672E-7
2.62010871665552E-6
3.66630956705194E-7
4.67594759356871E-7
4.83741928292147E-7
8.49871071295638E-7
7.68778818382998E-8
2.60851720668143E-7
3.83896008315787E-7
8.00201064521389E-7
2.63334868577658E-7
0.00104808980256621
2.36573100664828E-7
5.07681761519052E-7
2.8905469662277E-7
2.82773999060737E-6
5.65613731851045E-7
2.35960510508448E-6
2.9443822313624E-7
2.32877482631011E-7
2.74215381068643E-7
4.66583628622175E-7
4.58804720437911E-7
5.14495241077384E-7
4.95049334858777E-7
1.61667799147835E-7
3.91264052268525E-7
1.72479042248597E-6
4.77697994938353E-7
3.75306475461912E-4
3.94046651308599E-7
1.712170387691E-7
1.08120946151757E-6
