0.0194420873015133
0.143806809862554
0.92237062701065
1.24894091832471
1.64117422230106
0.999297578171991
1.21543586298571
2.61879138332074
0.258918577469331
2.62022492929873
0.304811250695366
2.51439136319868
1.97977538517421
0.974155259247709
1.28121701320356
2.49645524815264
0.997049420761869
1.12142540692685
2.11557341327489
0.988437279843993
2.58088178888238
1.1327924506179
2.50816907129047
2.49730118334787
2.61911641988104
2.60496314779039
2.73261034294319
0.250389552938714
23.6145080637816
2.24858186147208
1.49847992646232
1.01063166326207
1.30538599960778
1.09013932641369
3.45284210662066
4.33086770828845
0.141173847044229
3.64658567513857
0.110025572581435
2.53833474952989
2.11539828851096
3.44603835144017
2.62288140977535
3.45409894287559
4.11303276573358
1.51957293376699
2.59069722153072
1.104910932439
1.01498974500691
0.996883002121422
1.51944300182913
