677.225726815047
602.044046240917
666.907981387032
789.698508917038
530.950548714709
648.803140131135
528.416576470509
575.190055619973
717.973621713144
640.843817400621
587.162733558931
527.422753687438
505.534164131736
481.654585869862
473.980570625639
595.100096233411
659.728559362013
595.076772402
466.128139722542
516.478264696674
668.53522129776
588.318616410974
574.349773057155
597.789564563795
541.460565947264
453.814939453549
585.866907995046
776.623743468149
469.714483012451
495.767391170264
655.83416099736
594.116384254524
591.366635314066
596.679162908109
494.670864909396
745.367107322245
429.915179512994
531.396651687309
497.645821929045
600.612524689745
440.863344801481
711.481918041849
405.437313899692
606.088763103088
588.306458007024
492.672103897588
689.587854588382
660.740142893501
501.55059683383
581.415002672067
548.654485834668
