100.017014388467
392.654124232311
1416.8571843768
3530.14746846596
532.542699951129
1407.14231184308
3818.84525646334
3155.37472625179
2393.79530292678
1478.84631845948
4614.26725631488
1207.44207063375
2311.32714320011
2346.92913954497
6291.20095161637
3638.69971959719
3170.20723424496
3732.92274723151
1796.28953452288
2863.43263522128
248.942369252844
420.462538383631
2644.78725485055
100.000001249678
5733.50140718223
6792.89010047231
2235.06999026484
3041.46939265637
100.000030189345
3196.75509150944
1860.96423206447
6427.60329582084
7161.01604415061
1891.36866392629
5996.41086204764
100.00000120808
3341.70124381883
1060.72601079637
100.093454516693
1901.20450980176
3206.79432554475
4031.2872490925
4476.77397357685
2171.44123664544
135.412501691965
3411.26703108356
1151.02128225365
2878.25537085807
2317.71620865647
1806.2513556139
5383.00401886587
