100.289045931825
100.000000018381
100.000000014356
100.000000030542
100.000000628225
100.000000022434
100.000000557027
100.000000013794
100.000000024052
100.000000024195
100.000000023983
100.000000044345
100.000000019937
100.000000021697
100.290164841817
100.063348982553
100.000000016348
100.346105253192
100.290164841817
100.000000028876
100.000000013455
100.347887707121
100.000000024741
100.000000137899
100.000000025039
100.000000027395
100.000000023365
100.000000026092
100.000000213081
100.344439317795
100.000000018861
100.000000021096
100.400568973086
100.000000021181
100.000000013142
100.00000002005
100.000000027404
100.000000021673
100.000000023551
100.000000022573
100.000000018937
100.000000024571
100.000000028281
100.000000025956
100.000000026452
100.000000021946
100.000000020222
100.28784497907
100.000000025429
100.000000019476
100.402122188546
