71.7493612639748
155.244344200303
70.2274909910043
177.35904221811
77.2350524891303
41.6941432167102
77.194695203591
27.436089410053
186.429428523444
22.4697315239389
102.728274560214
93.5246190625101
159.183813890408
181.16351611745
47.1646945475281
149.359017871822
272.192677331634
186.140935962828
208.956065329622
388.789740082236
164.032301319865
230.127759469739
24.3154725838835
45.5403615879113
113.088034454889
191.01130927703
171.241658679477
118.045923327624
105.124835318753
117.549045459416
62.5188813375994
36.2706586206968
137.371878845465
88.3792767660009
58.3062756053444
130.737963485073
23.4270723060213
158.674521645031
390.610672384396
29.1126161200752
17.7524488512984
118.758131002577
119.951669096799
24.3113567611258
101.942969707296
97.0981158716315
65.0945673030528
45.6298777856584
86.62856232747
61.047397047354
34.4388635494668
