215.894294832887
213.900202146735
216.128984056153
215.962364676303
205.46157489207
203.271213121988
215.111355667515
207.565063730282
219.604696723785
211.44660567795
207.53054679114
208.403296626223
217.478712009789
205.68575846076
207.048184081892
203.136296376554
213.228051272697
220.031552024667
208.902618715043
218.254891377742
217.660927874892
205.174018120587
100.000005148319
204.454624829526
204.436865609285
209.996774742127
214.821361925773
218.345500310402
211.727118364514
217.085678118047
200.000038032552
214.661869551278
210.632218247002
223.413955735071
215.185315801152
207.972813420847
207.793279889265
218.464737731811
215.432123610406
216.487755258196
222.029056507906
212.089977126256
206.483455154942
206.267303031799
217.610019011552
212.52182462317
214.256805482567
209.3141608753
210.44788092409
210.590216421725
203.385178958191
