136.399643549973
71.7335290407807
56.8066353902377
38.9041582726336
73.7271539924543
59.7655114801018
58.6289320698336
94.6028231968887
73.7241857339759
40.8931838972876
25.9685737438317
85.6659085528909
94.620775776044
74.7218560925724
149.337653262014
46.8637632733507
89.6452709565608
60.7930559438025
70.7419078638088
30.9445193521376
74.7221845968913
57.8082688322834
58.8016455057589
89.6379053224844
107.549286610227
95.6158150404801
53.8284448979682
63.7778084606366
77.7070255597066
14.9243512165606
62.7306689140423
60.3332713359764
84.6715435938781
54.8232770780544
73.7273978917806
100.396497672656
125.381535494992
76.2964493533702
41.8889927352691
98.5669615088038
59.7978231728334
25.9362047734087
148.945688072475
82.6818767661555
49.8471391438477
40.8778878038174
87.6564411532811
38.9040071944783
166.252841991859
79.6965121714934
64.7727752539581
