1.474305445264E8
7.52157381459608E7
5.16049902963646E7
1.09566811324431E8
7.68356819871627E7
6.83766298841911E7
1.02742678022595E8
7.93278903091364E7
2.35335009344712E8
1.2969988272044E8
9.92734940038689E7
1.49773732347579E8
9.33326536366858E7
5.43584848796952E7
6.86938130994253E7
9.1870004702516E7
5.16422569382854E7
2.17742001795878E8
1.12450291225422E8
6.72506272545774E7
6.51741221782853E7
1.01052308064004E8
9.07128715456081E7
9.22212292335105E7
8.2998913978099E7
5.7411301044571E7
8.54900987469411E7
7.30382808518875E7
8.87053757330752E7
1.14549279311024E8
1.28046310614267E8
1.33827595763208E8
8.60679496853195E7
8.73360540456514E7
8.68921103966947E7
5.93457456549045E7
9.57617033820417E7
6.611586508313E7
9.65008862184906E7
1.65862900496608E8
9.53389548841732E7
1.13555998659858E8
5.35761682305748E7
1.49164093472875E8
1.28426734614145E8
6.98426842485536E7
1.00207502815079E8
1.02671850107147E8
4.64096698098865E7
8.10597608785916E7
1.06260649989644E8
