964.082303727389
383.297972418137
1938.00419421487
1927.68812462263
2262.37949275342
1709.02170258186
2193.79027372584
3103.62519009497
1701.63624067427
754.818487226985
2771.43992996717
2112.76032163554
1771.55513796873
1459.1851126434
940.096884406728
2448.12659307213
2202.20048961107
1484.89672925476
1915.43370875311
1745.80103801653
500.355309239707
2812.18595253125
3243.81583365588
981.729703262929
961.46948628766
2949.14055717161
2181.52745318218
1524.35189036555
3781.26542848385
1698.46113035794
2099.84876430025
1837.01147961947
1864.07946674112
1503.58915403937
2315.88658385348
951.305630974279
2130.27135715707
1186.37247144418
1597.26280496822
1416.05065093574
1986.76732490081
3192.20164367672
2037.12123878649
1702.55628054206
1836.60143488118
495.135036528765
2990.85362531875
2251.97187794979
1557.71427675681
1121.40776493363
2766.9342917776
