802.728656057923
976.852082172609
1024.69198878071
853.033142579904
1140.69739124065
578.173154334534
973.501329818621
1344.24461237195
1115.34564090864
623.007414245608
1012.42912116583
918.642244432923
1051.95806189451
836.814912174757
700.713274197993
1104.57435117323
677.632421697686
848.552741971022
740.008849702296
897.209207657621
963.084066158729
1064.37564930155
736.572274469442
695.170275351523
661.83258882369
822.026350852271
794.483445082034
823.245421169074
1386.52580471457
720.09264135043
949.382676372158
816.91348069704
942.378438843763
531.503310341861
656.965473088921
1008.43588772705
802.833604785385
643.61013645555
803.583125131337
850.40425348891
842.903200199143
1060.1882694657
844.297995187652
868.597019939642
970.068468788023
679.511281840514
1163.17155521736
1231.36194266758
1190.62622841229
677.167025067282
1207.372793895
