6.96532244010177
5.96975434369335
6.96471340135975
5.96975434281933
7.95967245686472
4.97479528701012
4.97479528616361
4.97479528823771
6.9647134404953
9.94959057110475
12.9344677436528
4.97489604707505
9.94959060916494
4.97480809689841
9.94959057204244
5.96975434315505
7.95967245764768
4.97479528597648
8.9546315153425
4.97479528562883
11.9395086854964
4.97479529284863
8.95463151419892
2.9848771715499
11.9395086853215
6.96471340014682
6.96471340054165
6.96471340204732
10.944549629701
8.95463151416232
11.9395086852453
3.97983624859955
6.9647134010404
3.97983662093691
5.96975539825758
11.9395086851443
6.96475671557482
6.96471340064261
8.9546315138507
5.96975434257217
9.9495905718037
9.94959057387234
9.94959057093786
8.95463997078173
9.94959081072193
8.95463151404613
11.9395086851966
7.95967247207966
9.9495905711816
8.95463151720992
11.9395086852431
