80.024498303462
9.94185831542768
6.36333103153538
65.2050830394621
22.1763151447658
55.6773804310862
77.7740986305193
17.8215498360794
13.8605136589129
64.5426279239564
18.3779626677685
14.0328845243007
57.6138205400621
22.8978179722019
85.3324434351896
58.3924855725818
128.131910121378
54.6871366474829
31.5334099116419
10.5495631968809
18.8162621317208
20.6405161225282
110.42241034012
9.42697075609908
20.5422499045867
88.0346427754748
46.0351318335308
112.683946485369
84.9588964200111
6.36465335085745
118.247841215498
54.6408294704204
16.7865526963537
33.3076586277241
104.101278081605
7.08525264232526
31.3663673135356
35.1611553629821
28.7272513064486
6.8895568617645
55.4833795158863
23.9114899570673
88.0977051268999
8.10854444355459
43.6227253858256
26556.6606276146
33.1750662463428
74.0238568564987
93.9547187042908
6.71301644753498
53.531891421065
