31.8971138397055
87.5193710784999
126.885129761089
96.155895564724
108.456148208377
204.582772705782
102.672542729159
252.103016336497
76.4573495281757
114.357816201423
18.0404597800598
165.585617132081
164.331459932795
294.429071865236
143.051908928561
169.886513409771
92.384091852047
114.160312816252
172.402937783313
88.5177986203817
7.85713647672219
77.5278598052216
97.5994584083203
123.520493585353
117.491888886803
111.182000064405
152.523523602345
57.5394268336042
133.103121598873
65.4369433594222
111.017352818239
114.641832651245
109.815356957664
210.480290721194
103.47964627751
59.8305858950202
331.757374248002
113.601566651143
111.026892315522
69.4352391363498
157.006925026471
103.916396963299
102.690835627626
156.190813886642
96.1932595078688
204.221866671012
35.2800013741889
181.617918527246
158.200272812307
222.555818730271
228.365383143393
