582.972489538578
562.271084678895
919.342095213591
805.757688581731
565.409546498135
853.747980928179
891.566863462665
1069.37750043607
1248.4142249901
1132.70697076118
1106.65084120921
755.500311189621
639.506451745268
865.044577082795
491.256509736193
350.827890395915
990.93939582113
836.618876149272
1118.16259457574
631.653765093385
466.260975937488
535.424504350649
1044.04355506376
1037.91073209153
983.872055696578
428.588818792429
1046.88108690013
936.321297505182
847.461657891657
738.135013672013
849.747242201643
1099.01802810894
456.152937237502
871.566979445532
671.630226865779
733.25936753109
846.535738874171
722.613300233008
928.0831703409
769.935404677335
932.163540080524
792.751268548239
701.673872821866
1016.175147828
964.105413970414
690.698996068537
899.927492762633
1029.94313510745
996.220139323652
816.005774432816
783.864460266527
