25807.7710853259
898.249112318068
4842.11748617702
414.705074547287
666.972585425382
4671.10268884251
4054.78130153285
8029.96172310847
3344.33906359399
6228.32216943506
11912.4565538716
702.686803727363
13898.7308525268
493.643767101993
168.568020240958
1632.63122487198
1147.47279352109
4692.67847219192
3651.99379355037
206.015867435214
1914.55142941164
242.804398810872
2559.48190467622
703.649197405541
251.632595714667
3322.10751927271
2259.23490993714
978.600837928761
541.631196901578
1506.37576755289
5162.38253644568
6705.55789000007
4145.92585628311
4824.66537248565
1791.77593466195
940.255560190782
1519.50250305928
443.436116911547
3042.63565752328
556.363965727972
1898.92649403541
1584.46682879658
49.0809340772823
6402.03609196504
3941.68302762966
20587.112220122
46160.4662798422
178.211989744991
1120.32674300362
2295.84391405282
8940.06218181447
