431.134500783096
610.06440240086
252.963475979366
496.295339937388
368.954788153875
498.664031028941
502.879586874943
374.177020296091
391.665795334137
534.259981885383
379.051715217888
488.005684327896
711.518259091351
240.416538798645
145.590006676704
1030.76012897979
0.374726646233285
567.476338648998
389.447099365534
393.556895918972
557.072279660698
480.973193054383
173.550598791093
365.887364686598
277.559838279933
680.610420460062
967.536382072546
629.545122657835
262.13347127044
150.262131717868
384.566161142583
685.745718297238
488.104242303168
161.115220422032
367.861943506795
462.113384352464
368.314328686316
523.754670684472
407.204512881247
410.946952349146
482.362720594148
300.90369086391
519.985528884822
481.815513937915
564.744725649784
354.315111575708
382.139197125372
407.256604376775
376.358349520279
592.646268485331
132.035722924169
