16788.7868486623
74.4239170083015
2657.2629040649
9469.15226731805
43365.0864621283
19185.0180386065
30627.297458308
520.636842240456
3616.85592645742
41.8409222512188
858.35017306528
46902.496937709
11855.0170841882
1870.01636548109
34860.0121851686
534.623737727718
31.2657945473401
2950.39596547326
25121.361108524
240.652642919496
14423.3324758751
19753.4540705862
6536.51321853936
4145.76077296899
1442.83040459823
334.465078761267
25073.5772104153
51786.8312428926
4240.84387181619
7539.12888546529
1799.77242653125
14021.5770153625
5741.03452514699
4049.76778113274
25449.3830909789
1138.36512740465
57373.7595085563
47328.2833649715
18836.7419620959
25181.2423352593
358.635108171307
50181.8972382102
48484.7058445464
648.137981522746
16593.3380760383
23517.3727496431
16.3489402650039
8463.89913798464
53840.1290944198
11857.0461898798
3916.04954638937
