300.00000027083
300.000000178522
300.000000166829
300.000000169876
300.000000267188
300.000000262369
1686.73015684318
253.030109784094
300.00000023473
300.000000192855
300.000000127839
300.00000022181
300.000000256942
300.000000220067
300.000000187609
200.000001849957
253.231542014063
300.000000242853
501.310683020051
300.000000167533
300.000000154426
300.000000221077
300.000000173122
300.000000183016
300.000000252071
300.000000154099
300.000000198658
300.00000020734
300.000000182998
300.000000143228
300.000000242564
300.000000237628
300.000000189163
300.000000204734
300.000000238195
300.00000019238
300.000000197445
300.000000198386
300.000000225647
300.000000228929
300.000000139555
98.1084938638824
300.000000128938
300.000000217528
200.000001442216
300.000000157393
300.000000207908
300.000000217902
300.000000228053
300.000000191685
1242.73519693756
