1.98991811605907
1.9899181151435
3.979836230378
2.98487717672174
2.98487717598448
2.98487717243893
3.97983622859215
4.97479554314384
2.98487717714261
0.995157018574048
2.98487717136595
2.98487718797406
3.97983718414571
2.98487733609613
6.96471340095309
1.98991811474514
0.994959091611122
2.98487717652381
2.9848771737062
0.994959057127573
1.98991811747021
4.97479529519694
2.98487734053776
1.98991862171385
2.9848922922186
0.994959060338658
1.18362208922917E-8
0.998541956857252
1.05023048035946E-7
2.98487717390202
2.98487718303818
2.98487717341732
4.97479529343241
3.97983622900199
3.97983622848898
2.98487717790755
3.97983622853553
3.9798362485065
1.98991811563462
1.98991820065271
3.97983641301374
1.61471064075158E-7
2.98490599338692
5.96975434280426
0.994959217948008
1.98991811598808
1.98991812010445
2.98487724874087
1.98991818827761
2.9848771735339
2.98487752204301
