17599.4151470834
7107.65536629852
55044.4957556094
15697.5561299156
3423.79529663556
242460.455523123
77177.4096158227
148122.70143543
9407.92766408918
290306.89965195
13149.2849832709
39299.6408428399
76760.2582930594
23496.6670758776
88578.4864737467
16477.76038606
78695.9198115845
127319.761991103
14938.7784848041
133876.315876831
10792.4814111026
164643.658582689
78890.3928901813
6977.50227502634
25817.3000596248
69267.9929494186
56345.5280466039
134940.676795105
36114.9365834283
23905.9076586297
99694.258302796
44481.4504192484
3516.30409302895
15572.0424378925
199258.589237633
33761.4097615328
250600.706295038
79665.8004148255
10663.4786066947
127717.300429663
62182.8463048598
31465.6272651718
12861.141907082
393821.723143318
1493218.19360353
29434.9741897026
60442.0106436617
15793.540438149
133337.2185957
11183.6545688609
84891.1965638284
