37.7951848525674
52.5463161903988
25.5687137367067
25.5360522277674
120.97700796972
24.4524709185312
20.5369100003686
21.5600200746544
0.619253535460757
0.316751609048197
20.5555818020796
20.3953705390011
24.9887362194404
20.0010246381621
21.6519907685679
47.5683643129178
82.5432398988733
21.0347084484013
1.48367359359759
31.6692492486357
52.916768300478
20.5798049467128
40.3943781118005
25.3663829057905
20.6815960817648
0.0807065907351898
20.5419287578704
21.596388849621
33.4152247118329
25.463590651935
20.4069464391036
21.2606761168452
1.45649689887387
2.48013626490729
20.5227043024288
20.5333038122167
24.0575992562763
21.5141335297012
64.0580094342545
212.499872178134
20.3754160690478
144.343509072752
12.0556977600761
20.4901230327366
21.5167710289491
0.0791979631965205
24.5421578753164
21.5750646487038
1.49495922127562
21.0872108180981
21.1112240197569
