682.920540960568
633.490106784421
662.252381457145
665.202521375206
698.222374367941
693.301782344625
717.271230913477
645.135778662864
677.715432070165
702.813997362722
661.09247961936
652.758184988681
679.561334841117
728.299820698689
666.279600431329
661.75560058992
682.750784614507
659.771916116807
663.664322063192
674.277909573345
680.382412837112
668.62370811278
682.926449508503
674.506744937073
677.335202045274
656.676786386869
712.9963092667
663.563361460647
672.829017061118
649.060941287011
714.615936901093
664.176228512112
682.683293060839
625.237646596458
685.138546068015
651.452479635561
678.570400562299
657.920782309921
683.041632167899
656.580202080985
642.439317925559
708.771727541525
700.776313232054
669.287644654882
624.364714158528
674.992664486208
680.479743994197
662.923367200906
658.465180375499
653.17154517065
698.388528844326
