122.379808550562
137.304056940876
125.364664701733
125.364705101548
148.24875340725
125.364684914529
111.435283280677
191.031876815385
138.299177943353
180.087352463601
117.40504280158
109.44538541625
129.344470669021
128.349602462113
186.057051244623
144.268861665293
128.349567170935
158.19822785855
142.27894883817
168.147777845217
183.072016403645
140.289081158152
171.132502709036
119.394945736011
137.304125458504
109.445400625818
140.289005172699
150.238595731375
166.157869910454
154.218452221178
161.183135384978
144.268881852683
156.208370340729
143.273902527737
159.193146421838
158.198253081276
132.329388232119
116.410103851142
147.25376400344
152.228554287335
142.2789079361
143.273937896121
166.157835476927
131.334439296326
134.319245555479
144.268851535243
157.203253500387
161.183170701771
230.829783378417
133.324288270206
133.324408308194
