122.013409373975
298.468672514423
22.2134851985579
137.659981275959
77.0762444499803
426.656496886935
578.267091883009
408.64296281623
340.660491502726
339.708621402087
270.820010041298
418.039597835332
122.267608638399
140.670155446269
436.408384238066
437.084354042201
12.8861516767697
272.534312016506
137.668849626047
135.879355568275
504.522570955079
272.479944305387
289.239007121583
257.438031281108
425.483157621301
122.583829325783
375.725715509643
257.112474931376
543.307352405896
140.092125763349
422.764692601255
124.491038396359
242.485404042616
7.64234047017067
244.190597076409
121.622906846381
4.84187094784534
265.817835543707
510.485136084472
36.252675066281
242.013410767456
125.687447245742
1.40240059008147
242.081486318086
6.91630158195198
255.113537890423
304.377254435673
337.687586799796
250.346949119818
123.820781672474
129.619996104296
