259.168001320522
269.62879959528
187.195969719257
140.108730996634
263.159017521233
167.777005055714
241.228614686465
264.175372978876
194.066612713761
301.020922730872
278.370490547775
193.085034203725
208.02199620603
309.388042762276
187.251086717158
239.582762933703
259.388089336746
271.489467964729
225.594125593273
344.78856156202
277.541861130046
259.394784628538
353.769382050447
177.788373863271
299.749136096566
277.843854105919
294.969655275344
353.992605610644
331.664608176694
273.373644490506
146.079205457246
283.42264457774
185.768594235366
254.205272627759
252.47049287712
251.526898679203
299.102140149327
194.538929715739
216.246150130416
368.226671452152
224.457838945557
309.621879243526
156.8788918429
188.88015009511
145.0372774623
319.905771864349
193.79134736266
208.867300650409
197.716907132762
227.450572933304
323.649266336314
