122.379807713769
137.304056910631
125.364664688335
125.364705081764
148.248753364709
71.9305915068467
66.9417995061574
191.031876813568
138.299177907234
180.087352420075
117.405042700655
109.445385357366
129.344470461458
128.349602449758
169.960342536022
144.268861584012
128.349567094148
158.198227838613
142.278948507644
168.14777783322
183.072016401117
140.289080862525
171.132502632741
119.394945701385
137.304122904387
109.445400470824
130.841034138726
51.2710734710629
166.157869840109
154.218452200383
161.183135327683
144.268881780726
156.208370314569
53.1888448984298
159.19314631938
65.1599303392841
99.7907137070401
116.410103840277
147.253763989825
152.228554282911
142.278907931318
143.273937882528
166.1578344845
131.334439273047
134.31924555021
144.268851508374
157.203253439727
161.183170637855
230.829783317009
133.324286493117
133.324407856301
