73.6678170636789
57.8903996695691
48.8965470000621
58.3566933721817
56.0037529649046
72.4399462278891
57.2536659275549
44.6697867192374
49.3377276789731
65.2194311531945
48.1157850831472
55.0158597178786
69.139921650022
61.9356932312984
66.6913947176067
69.1677157292863
55.0266203185257
98.0999377121775
31.2679812412731
71.7377667043448
64.3480936224648
71.7202422940516
44.9081371113416
80.9040007352779
74.7104556315076
60.7223287253023
51.1590294883995
120.202687197708
65.9663429848702
57.8888732297328
59.0505825990551
62.3605917786658
55.7186498716648
124.426956668593
57.0407621664692
93.1598652268069
79.3877561043465
72.9245942661877
50.8143523232533
65.8246509070018
59.894906971317
61.7753047802328
44.9065693835413
72.9496337260875
56.2426086036251
48.880434062229
45.3798440653284
95.9520674230617
70.7037115454575
60.8089222914247
64.9271485694608
