5.96975434256001
5.96974930474926
1.98991811418659
5.96975434255978
1.98991811418739
6.96470836183403
0.994959057093297
6.96471339965308
4.97479528546648
0.994959057093297
5.60457952217041
2.98487717128296
2.98487717127989
1.98991811418659
13.9294167236679
3.9798362283741
0.994959057093297
2.98487717128
5.96975434256024
1.98991811419046
1.98991811418659
2.98487717127989
3.9798362283733
8.95462647602051
0.994959057093979
5.96974930474073
5.00782903425397
13.9294167236679
7.95966741892732
13.9294116858491
2.98487717127989
6.96470836183505
5.96975434256501
3.9798362283733
2.98487717128637
1.98991811418659
6.96470836183403
4.97479528546648
1.98991811418682
3.97983622837364
0.994959057158667
4.09272549917375
1.98991811418659
5.96975434255978
2.98487717127989
8.95462647602051
11.9394986094838
8.95463151383979
13.9294167236679
0.994959057093411
12.9344576665746
