0.49999999940178
0.230818537522509
1.4949590626054
0.500000030692263
6.56630704042982E-4
2.4895421987942
2.48991814253463
1.49495907141818
0.500000007638164
0.444788252130593
5.06752924219313
0.251991428468045
0.0279530932821217
1.02053457697434
2.48991811448059
2.48991828578642
0.066762246075541
0.0191032756665663
0.499999995032567
0.0143700494679706
1.44220802987343
0.500000003494506
0.0221057014284725
0.235935137474598
1.00801784952796
0.44383312927107
4.65468140664416
0.13713025582706
2.99082138543645
0.500000034568075
2.42829943121615
4.98619421626472
0.500485325350382
2.00244950167598
2.72840530037479
0.534153354800083
1.98996582846507
1.01281082675109
0.995850578408636
0.770281633847389
0.318656880079288
1.01274653317682
1.49501961728947
1.49495907221626
1.49495865079098
1.48822679558793
0.49999577853464
1.49495906831339
1.53473202886767
1.14665432895276
1.49495830701403
