24319.8481087504
199580.052236989
58603.3397494366
93415.7003157878
2024.99353013048
38881.8255180185
20075.6304019859
23760.9379316562
15101.5651089711
47072.775554927
11067.4294126729
20338.3726261147
19472.2233385141
78346.6426100898
14500.9917037482
31276.6865099462
14758.3074923098
46530.6151906318
37527.2003508527
10271.4538654627
10397.9260254268
57831.8195029007
52469.7907913952
11328.7880929556
23729.9609561308
3640.23459263043
85769.6182041385
79594.4896200347
14003.2618918299
684.213160389726
7958.58303594036
90400.0641713214
150589.372866931
42580.9320670526
22111.6604463564
39503.8085032962
2784.72655450281
201290.049598474
4975.98422366587
13562.051048678
51384.8316320357
2999.11616557831
51829.9358560617
4541.53096276973
29973.869674393
4219.47122064828
14646.6752220328
22156.492901217
4514.70680502047
15731.7198643285
1664.491676476
