386.718207662435
386.694445491493
386.694031409872
386.705215990787
386.696240560296
386.695700932991
386.693674293064
386.70249818517
386.707570940579
386.704556075371
386.710743293107
386.697600593914
386.704824518046
386.713251647151
386.722955722084
386.70857800548
386.69602444333
386.713601355573
386.707536832071
386.708885260242
386.696434467279
386.699172225098
386.705391353316
386.719425470403
386.709558962336
386.693975389862
386.709018046418
386.71357125889
386.692863307638
386.712603493116
386.705032398941
386.710133541741
386.713985907086
386.755951174508
386.725211333185
386.758951442316
386.707670212693
386.696278873848
386.694325473135
386.717928913558
386.696287277398
386.69942489476
386.738587183871
386.70848373772
386.700721347518
386.70834743901
386.705820960638
386.705502194515
386.743453432813
386.689035054538
386.702579834209
