535.247007539202
478.206936137905
528.731533673961
549.737191872925
548.246518615413
497.612524003054
518.648900487993
523.678758953659
494.393264669574
497.608951393327
504.047007514731
300.000000635476
523.69314376383
478.098591982534
300.000000409511
619.427226209516
520.075914742778
609.217653156393
492.620188189916
523.677868133541
478.187857488675
300.267560363135
492.620057894134
556.438987062264
497.614607896713
300.000000708025
560.845190736915
482.30206024254
571.17732505563
528.151990362674
494.379064046498
518.752439065813
543.460424936292
518.752481575667
524.252597355297
513.093931842845
492.615913659072
300.000000500243
521.677655937662
523.676083438468
497.598263081473
573.714210663843
518.647361529032
531.90771307247
628.396883777527
548.977996425935
543.415867001542
478.197471377346
497.613908944762
464.583647567274
523.678112598514
