3.5389215030834E120
1.10702412241261E122
8.1402155846701E112
6.54310838302493E128
7.49811557182171E119
6.33254339866104E114
5.7479648281243E116
1.066918832451E109
1.78429474505478E117
9.2938040003737E129
5.7714080481366E125
7.73608634180681E122
1.5283050051979E117
5.9369274575576E117
2.94643334727602E119
1.45325942188894E115
7.91630109285309E121
6.17458234308965E122
2.96300705470056E116
1.93807616168487E131
1.22287694725586E117
1.7380668901623E95
1.18606719838734E115
2.58899154708402E120
8.56239802262233E114
2.17995754593956E118
1.47028751914746E114
2.05922224803602E117
6.81364848334602E118
1.4828657567426E120
5.65519337832732E114
2.02330759599096E118
1.19851914438935E112
6.59801089663983E133
5.2321955788511E120
1.93939740359373E119
1.29982361762013E112
2.58130221364684E119
9.59454626374244E128
1.26129564777762E129
3.24839560953866E113
4.22095904941237E116
6.59600824981643E114
1.34013467822195E116
5.73597730721676E113
5.15902081822852E117
2.39344940081769E125
1.42066154850142E131
1.13600577591388E117
7.4096421112616E123
2.17528156161106E112
