1.17723285144984
1.36298051307006
1.08776757363034
1.17723380124869
5.8167068818459
1.0878675541835
0.543852542213699
0.998179907839358
2.45068161137829
0.0905771383673937
2.17540988592054
3.35930853309378
1.81727833848288
2.36114901158055
0.998176671719989
1.45250445544877
1.26676377987849
1.99635284560577
1.54202946263285
2.81547294406937
2.36114842300412
1.45250179104801
2.99461958412996
1.99635400991701
1.08770502638015
1.81729653171624
2.17541091602789
1.17723327538215
1.79674169061639
2.17545731591906
2.72592706942191
1.17724221413027
3.99271465730646
3.17358871056217
1.17723332261664
5.90194997428421
2.43067914003166
2.17540967408968
4.18127277158635
1.9964466251547
2.17541297861874
4.35788138289161
1.99640721792002
1.90682434519636
1.17723394072141
1.45514953139877
6.23514077246625
0.998179230026039
0.543857807476229
1.08770559100719
1.97188836032308
