4.95018980473105E-7
5.33281252046436E-7
3.68476534617912E-7
5.06045111592357E-7
4.34239595392683E-7
5.15197086770058E-7
4.02102457996989E-7
4.56752246691394E-7
5.6520877933508E-7
4.16257606161707E-7
4.08638868520939E-7
5.07149422901421E-7
4.27391540824829E-7
4.35189406289282E-7
4.71581955707734E-7
4.12003842598097E-7
4.43348739054272E-7
5.01623787840799E-7
4.85070671629728E-7
4.52570219522386E-7
4.35840973977974E-7
4.57049864621695E-7
4.06073155545528E-7
4.87005991089973E-7
4.16575289818866E-7
4.79563624367074E-7
4.31034479220216E-7
4.65236624336285E-7
3.63094173394529E-7
4.81075147718002E-7
5.03766713677578E-7
5.13083193709463E-7
3.74159085936299E-7
5.86254557788379E-7
5.29327692788684E-7
4.99374280593656E-7
4.07253807566121E-7
4.42285795543285E-7
4.01295878305064E-7
5.86302775218428E-7
3.89568057812539E-7
3.78622445396104E-7
4.79044786061422E-7
4.55340284588601E-7
4.35603041637478E-7
4.0786039789964E-7
4.73425643576775E-7
4.46377882212801E-7
4.29108013122459E-7
4.88991332758815E-7
4.23052867404294E-7
