491.939977657152
480.261170850352
480.231263302997
480.233490419803
480.320428537336
562.638820526966
480.289341569592
480.277219230228
480.269973305768
480.248701692445
562.677818387961
480.280464247453
562.732909046722
492.623805674379
491.918747671611
562.749358712786
492.677546488399
480.246543721028
491.869517967291
480.265816033848
480.349704070977
480.305863259719
480.256396553752
480.293278101411
480.284495246452
491.975345233635
480.267847117247
491.845078265826
480.243894022813
480.264676032387
480.27464121174
480.355355527001
477.46068568693
565.420359797604
480.284216224703
492.267748911033
516.570081139989
480.488429015448
477.399876676903
480.53583343015
480.243670363809
530.476783345392
458.285892569422
492.000902910519
491.852465538208
562.564192211141
480.250870443013
480.269671083935
491.880095181883
568.353033351113
477.37356683
