395.074556544996
395.010950956952
395.98476668719
393.818764684298
398.644599387774
393.818764684299
460.946995263222
395.07513831637
395.73433661989
401.532720926262
396.243425631678
395.074972206331
398.359928127464
462.585936396098
393.818764684299
393.818764684298
395.083032950691
395.26448012466
394.236316599906
394.363156296915
393.818764684308
398.547689105517
395.98476668719
395.010975106386
396.243867272539
401.283142921299
395.98476668719
396.340865290403
395.984766687191
398.164157165865
395.701700069375
406.195722883703
395.011008557728
395.07535431743
395.075005668557
398.629823821022
395.98476668719
393.8187646843
394.363156296915
395.984766687194
393.818764684298
394.231740422992
395.98476668719
394.363156296915
476.197685347119
397.240093538605
470.783161550765
397.114995963328
395.079856282433
395.074843673393
393.818764684299
