444.175397891357
446.498273380281
445.327034637168
399.806027296417
448.880835166352
446.893977851443
399.228088330958
446.92664745467
446.612111340953
445.941401079343
450.038951574495
397.93842439471
448.906260339983
451.592444307266
398.131348996263
446.780478066143
446.562329948203
444.865163649602
448.649403562302
451.154547069684
446.337568633423
104.147766380477
398.998668380555
399.693121356155
447.581201809648
446.847348641925
399.364908441324
447.372205291233
422.980645512162
446.384248380165
447.901306577838
445.646641382523
447.247170700026
445.121524556555
444.420910557286
445.497003856253
446.887840402813
445.672143234087
444.609116665771
448.501244938202
446.778043335558
446.355203781501
399.478391994083
446.701106541786
444.600054735293
448.50042900598
449.952080375349
445.753620731526
414.674443804858
445.437216107151
446.362297104294
