745.771239464778
590.8908971148
626.604285242457
552.589681412323
575.440446843308
550.919893617966
560.015140005033
582.720301832424
562.874775877453
589.902509764573
549.678650176419
544.544696431628
587.644138090157
550.761057821642
572.327989440209
595.705669040365
737.979470562064
564.271784075712
571.149069775792
589.592508533477
665.072617039535
565.306713748353
607.468983006182
593.930872330267
553.671558898472
562.73766478676
584.043440027129
558.837788856124
553.540999018306
551.64367294608
578.525685011983
551.217807450475
557.413152751794
610.179795637537
686.412499692052
544.645764661158
584.049511390587
551.39205347884
582.829007592327
547.864969141483
559.20848609691
577.308671276212
553.314113516787
555.452676316884
553.949197468062
562.04634742176
598.975389598645
721.193994220641
740.276155241103
583.889882192839
568.664372425723
