294.924683124726
207.998662418286
272.21101432838
256.784543582336
231.860268732046
277.918190286702
286.846818478473
233.414562376878
283.598516012576
271.973756735928
274.937145683319
259.357861990338
289.477819076908
274.930141066848
263.363457533717
248.214805107489
291.369955606771
277.950935272922
275.472554643555
263.690553139452
285.400436778845
263.982564700082
270.83710405169
244.127668361382
268.933451799881
294.824794882779
244.682110971222
288.68501558704
279.883314824617
289.348703595543
271.027161690865
295.092194339892
266.07270943102
275.605625630844
301.59179706836
272.969107097806
256.026735899313
251.206502125617
277.607121524738
273.518192763955
249.418208089354
271.363060630655
281.739724793678
263.549980532312
287.41064566857
295.024675224059
277.869636894923
269.978395274239
220.923024168343
274.96466652981
282.743089474165
