100.00000144229
392.654124232311
1155.15595244122
732.852165125875
532.494234812845
1406.90679379559
3818.84525644492
3155.37056429911
548.133663074185
1476.54693750029
4614.26725631478
1207.44207063375
2311.32714320011
2346.81558012529
6291.17609037716
3638.69971958792
3170.20723424496
3732.9227472304
1415.70169291907
2855.5669751779
100.000001523033
420.462538383631
1448.2658070366
100.000001249678
3028.04673363138
6792.89010047231
2234.38947086853
1558.37814277487
100.000001458115
3196.75509150905
1860.96423206447
6427.60227053686
7160.83644695872
1891.36866392629
5996.40910762838
100.00000120808
3341.70124381883
1060.03426387311
100.000006918686
1901.2044020402
793.456286131899
100.010811177052
4109.92891514208
684.1770268645
100.001439233332
3411.26703108356
753.273452446508
2448.32933569486
2317.60001409934
1806.2513556139
5382.99725092868
