41537.7266598542
45374.1741579142
38548.8599598925
39302.4276382009
18701.1384440554
36897.3271489643
67857.5485199745
15877.8235622568
47291.2624605101
40528.0120020738
26696.2483240409
8685.92372296425
21251.1404236447
74170.5946233906
44224.3774602302
146891.160282834
19633.2714908262
33831.6050109605
39245.7791993393
18138.1841086337
28421.2884806485
39122.8692312669
21033.048909583
28719.0881459665
38563.6816870624
98654.2668984221
46869.9013392487
52530.6219745944
125000.084505556
56648.3524623354
42475.4192444315
30093.0259117123
92428.9102303339
41213.7183390003
49287.3390644904
10677.6478998093
24857.6601296099
71865.7315856812
8698.19913207636
25104.760970438
31384.4450795131
40629.639391429
25983.6546462505
76174.1748037949
15670.6823163301
52194.6369708057
34146.3748548612
53949.1387903742
59543.2060952901
67816.6758897884
22261.1669436977
