0.0
1.98991811418659
0.994959057095969
3.97983622837421
0.0
0.0
0.994959057093297
0.994959057093297
0.0
0.0
0.0
0.0
0.994959057093297
0.994959057096708
0.0
5.96974930474067
4.97479528546666
3.97983622837319
0.0
0.0
1.98991811418659
0.994959057096821
0.994959057100459
1.98991811418671
0.0
0.994959057093297
1.98991811418665
0.0
9.94958049529475
0.0
0.994959057093297
2.98487717128012
0.0
0.994959057094263
4.97479024764738
1.98991811418659
1.98991811418665
3.97983622837319
4.55890926787106E-5
1.98991811418659
0.994959057093297
0.994959057093297
0.0
0.0
1.98991811418659
0.994959057093297
1.98991811418659
0.994959057093297
4.97479024766176
1.98991811418676
0.994959057093297
