51.002409988267
57.7856402256942
36.3735107342889
40.1657973856504
36.0785826076155
38.0360132398457
38.358930558391
37.8807025236941
61.5899519749134
36.2138446188404
46.9716050264341
40.9072993088671
39.5776633942654
37.7043042780193
41.5252491793634
50.0223911263754
47.7991957230239
42.5429309793118
51.5323917246774
36.3463516461616
38.1470302477942
41.0603165029974
49.3892196501944
37.0581702051953
37.8575311368791
34.6456209124597
34.6759660341868
34.9906662971579
37.7312439310007
35.6220879539546
37.3290600355825
39.0839903842023
41.2679771553634
54.6419982317902
39.5724651204264
37.8437736220864
37.6656439143295
40.5244036688903
37.209435506748
35.1248353874719
58.9683157207528
50.5224879257203
42.8181427415881
36.4796569178162
34.8093271168732
38.7447148705277
39.8163332215751
43.9836679838708
38.7352443575484
38.119531066461
36.298158409007
