1046.68677458155
585.531007251444
403.964315279487
300.00000168256
1116.4286794535
892.858674072046
300.000001314841
1143.97784173816
300.000000683388
1110.41971006702
940.486954455462
975.860553554228
400.000003221701
1096.95236448864
407.379347479967
300.000001740417
962.268911600448
400.120544018912
896.111729589175
1048.92858558804
400.000004396341
300.000001452736
606.021913946028
657.889191730535
585.414009884281
564.73352062095
969.63014821651
1114.08587252831
586.871937619487
1069.46663407015
300.000001257265
300.000001226372
1080.16705208213
424.565431392123
926.398767052567
949.598267282485
789.472018186782
1027.15610523699
585.911136766083
300.000001635972
956.235234769532
616.128058641675
704.004658643432
1188.4593169459
400.000048429602
1042.15295708766
1116.61062094097
300.000001758862
1249.30796770578
795.167116941047
1000.59830105659
