191118.69894238
49469.1548760827
46172.0476968613
58491.2767655627
37773.4125047302
35659.3294359245
67602.1685857928
57229.4311262282
13465.0431618962
21421.2491409773
30818.1360641337
110970.009923623
57051.2434269219
3019485.69532683
97437.5959875054
100083.521605063
95790.1654617329
73345.0838357665
54527.0883698604
72582.1962762443
22945.6291736001
31009.3717479002
33837.2305862069
103626.929647778
91461.2731860645
576950.538399682
20995.9035364402
51294.3807822295
7976.14473666645
63293.5673729518
51104.6325600441
7019.53208905827
54959.8044236724
73816.4278678278
32919.9579360003
38962.4413645852
113612.978854702
8832156.85402887
62443.1662432144
41322.0009888096
110669.518143791
375390.568343111
50447.4638795491
4209314.36162513
90257.868558104
178939.505692107
65676.8390362449
33113.6133995995
91649.3047999299
8191.09532609231
69016.8439610321
