517.24545581553
285.64850290645
353.757843109402
389.195051395039
241.871945419798
236.895787859692
368.321991103202
307.456495384447
390.678338395402
327.028725497722
331.416053109961
354.084521472477
258.787627648601
515.364768647107
286.646181827888
226.264120465013
401.273538056262
279.680032322528
133.899223086899
253.090675907283
325.454732171564
437.051298888319
299.580510578997
369.446402524771
248.420726567999
212.913710970338
214.636713832845
227.296733611169
250.56929819905
179.931430487784
274.70598545199
352.895115164914
326.996427034358
356.467704720251
171.232153565262
305.526626361416
186.915933941227
210.034823855405
325.912795044933
10509.8147353131
521.115211526939
272.002839934373
316.04598148506
213.250511843783
302.58417725631
282.902807527633
423.983212603135
481.241595128578
303.93661234064
384.694190308003
326.443186964621
