1998.01898538651
1486.74936467931
1552.44933689945
1360.90762020293
1665.38712131611
1683.40517067758
1400.10635264074
1661.96369043239
1486.02754806659
1586.53282303737
1755.50104965492
1986.27752906623
1647.31226397655
1911.7575705099
1846.39978627947
1740.58145596133
1433.73583449038
1466.02681834204
1835.5858862038
1631.82267267186
1560.0361577215
1530.79805126639
1260.29736966777
1339.25706333621
1472.76955168086
1800.67397782306
1628.91724509868
1678.16949698663
1964.16819119051
1824.81109957372
1310.99931784153
1506.22554328773
1659.67186053986
1672.77135476535
1627.69076959961
1492.82764783324
1593.85311587453
1534.19326056266
1678.82913074808
1593.50148445528
1797.58314683946
1674.1669056155
1698.1067005932
1451.00979193374
1510.8851397433
1531.46458393515
1719.4145234842
1563.24770575858
1842.34239522035
1619.13161373679
1391.79022674307
