238.801149924943
238.522689822868
241.192161539471
247.496626875915
237.847543696121
241.520699651867
246.983018575701
235.908540304614
249.156507087699
268.146317851254
231.255544685865
240.367212762908
237.047973674722
265.896034069807
236.080010949569
219.797483083863
211.168015346212
241.095240216492
242.751672429412
235.114113370241
223.196452832379
224.492261674599
226.841421157166
234.159943093457
228.575849312678
224.262228236244
276.84286050239
220.394892753351
239.026275622168
203.67822264759
243.708290688421
241.306738334742
232.953714100914
250.530768377191
219.954473387102
234.47035636875
233.331264693444
246.481551769475
258.039502587108
228.243291953146
256.879484053175
248.531644931749
221.553255967106
255.218462452454
251.839902166835
246.487817620329
228.262026852017
230.52781941972
212.037794908504
241.565567536986
210.868210661079
