45.0176816270834
221.861976734015
296.279409409288
305.646477724119
230.559247803506
219.284397882393
67.3829080758228
344.287815426572
29.881759183841
131.659816741623
90.0548428703241
78.7266830359513
31.1259758670528
374.229032707517
347.491726008504
233.660467515665
165.841053474514
290.374568670172
29.4720802119868
241.566044837229
174.042555125364
215.980120878006
131.271998059643
86.0896708384048
252.750957390271
253.208158099293
59.4358626131975
103.310827782035
70.4842316083304
184.485064917349
45.7086541448941
147.181030687199
267.766833329792
175.840484892871
129.541519200342
157.886480334086
199.194545771861
31.3114909277074
45.641208682144
218.294605840983
178.823170251691
93.4354723982533
194.419676790459
154.805290140427
65.1795192060472
377.318277776118
234.093370219807
189.53194688264
220.874812612931
210.161097797076
214.075556732835
