1.24038920534562E7
3594875.59971981
1.3459426897047E7
1.4331963867227E7
7683232.55112649
4088203.44900933
6388200.94163858
5760533.62758824
4189242.04720986
8164306.43290358
5748814.80726088
6437720.30249856
6468888.4589615
6470682.73248436
6917141.95809694
1.10503700627639E7
3509817.90980682
1.48021555585297E7
1.34879120899078E7
1.56152002848237E7
6409765.96979986
5680173.45265782
8082769.28377968
4784738.61108905
6481038.53563368
4909005.26441917
1.01540358913204E7
8236956.68221507
8528314.60182882
9436356.8622779
4117546.6825638
3574014.13800608
6306608.03086759
1.10682132173641E7
1.48557144753515E7
7439181.10743583
7961270.05448722
3981240.62649958
6342761.16815977
5079237.14404517
4081137.82733988
8436160.04015902
3667777.74874435
8441850.87121932
6025669.89794641
4135725.46576133
8922192.53606746
7656523.45377659
1.45366612534647E7
1.32428944685634E7
9770192.49044623
