44.7731525313792
38.8034032266385
40.7933213408251
38.8033981888195
37.8084441695452
32.8336488840788
33.828607941172
44.7731525313792
32.8336488840788
36.8134800746329
46.7630706455657
34.8235619604463
34.8235619604462
56.7126511408605
35.8185210175395
44.7731525313791
41.7882753600993
36.8134851124519
35.8185210175395
44.7731525313791
39.7983572459127
36.8134851124519
34.8235518848082
28.8538126557056
45.7681115884725
40.7933213408252
35.8185260553587
38.8033981888194
49.7479528546647
40.7933213408251
28.8538126557056
36.8134851124519
40.793316303006
58.702564217228
31.8386898269856
28.8538126557056
42.7832344171926
43.7781934742859
45.7681538237392
42.7832344171926
36.8134800746328
41.7882703222804
42.7832344171926
36.8134738059114
35.8185260553586
40.793311265187
34.8235669982653
52.7328149124874
31.8386898269855
40.7933163030061
44.7731525313792
