497.669263716068
475.935068483998
496.599911915457
476.024933262039
482.670993678018
521.482263100076
475.485039143046
508.333182534781
455.199378249198
484.610021435353
479.677556618501
484.999062047699
471.831069801462
507.525040867234
489.969065520949
453.282209042882
475.135846617311
449.841700212332
465.606856971153
479.171634576269
477.863423696351
485.377827638301
508.761725198022
465.60689408033
507.709697396329
469.057477994952
461.067485566966
500.138755151689
487.991540860488
474.770819273575
466.064180061176
514.012560015176
491.930193849893
483.39915333828
487.334144411494
469.045478070638
500.50148345685
514.947742696937
480.860415471653
477.338461786739
434.224352075449
492.683302493032
476.341059266567
474.817283038964
490.919185841556
445.958708886931
469.265340035088
472.463485071948
461.13247223182
485.452290196292
496.161858927286
