448.097446599357
265.167603713975
377.012355931425
131.787324704067
196.407190069806
687.819660034178
455.063073903467
264.116509563242
470.303660254928
272.008232177337
273.121872376182
210.197933943257
230.396824672747
338.227724323173
435.907718898648
374.49222353403
431.304568506664
206.437886028481
678.083232854581
403.424195852548
275.120074500539
601.845340320515
581.409031023569
380.513491888469
224.321173504825
403.922166204183
327.871261082422
497.009116005434
347.717826416047
509.791148562453
279.103013836769
247.574614703667
615.526776489094
197.509999619355
465.167953099415
414.15387674959
657.004252949013
716.482076145418
218.439603359069
440.167771157371
290.906813509809
444.133826633393
305.943341239604
486.943190581236
182.808507559271
384.393850100352
352.609037067779
164.493172569999
369.549041908487
287.952243068349
250.092914754476
