63.4786850404795
70.0655881657467
61.8694053244824
64.6391638280664
67.239614842112
64.8668182100582
68.5958280757194
64.849481670975
64.3227236222627
66.2499208131235
60.2417991075012
63.003556554253
65.7628149283635
63.1869985307558
64.0840009483442
66.3489873461081
64.3646183972385
64.9196232905202
64.628269442763
62.1877358536526
67.3447681457496
65.2321366467063
66.7222016270307
62.6507148554734
62.6308244117058
62.6340898891336
66.0453317991312
59.5689651304189
66.8342989955024
65.0982545288898
65.3776139907209
60.7677336743052
64.9539128698267
61.4604820027163
64.0810165055302
65.4928061306063
66.6331731872086
67.5336444984586
67.0293246095563
65.6281308084554
63.2750068942014
65.4428632297606
69.0767498875672
62.1753628628599
61.6898332058589
63.0371281969313
60.4185510332322
64.3968429793781
69.0951472591991
62.2148322457202
62.7784601593439
