2.2320112716709
1.83893366630991
17.5695838581806
48.0575234884118
19.1541956630876
12.3188349650961
2.24022566492522
19.1094162086198
2.04636002164705
3.1958588710205
6.56942366595024
37.1638838125621
26.6881579314078
10.5163491111533
4.61466969076014
7.52134715963734
9.67906262942211
5.20773550437229
2.023324421192
5.92378326022572
58.2049813772932
5.39646357303354
3.79412100677735
5.08544958368304
35.3680050557573
21.3501399808611
13.6824174037451
5.3263431051937
16.9269428266298
5.14681683443155
18.0682290308905
2.12930613178935
5.3592285155969
57.870898683675
52.2798009182052
2.10291536538944
2.27101823286421
15.5511680998944
8.81017457919086
1.87774660924265
14.1384786198382
36.5102714516386
55.165864260813
4.86732509638455
7.13108578508115
1.62216986354531
22.0056509226707
19.0213906197091
4.24961161555939
4.67777893133587
3.4354992044556
