13.6228407094658
18.7243266128047
66.1184107668557
59.3625487477507
47.4308266491381
42.9010818791811
49.5963978233447
52.4787593249664
31.1075539680274
26.6991672565931
14.8911109532185
22.7347011994767
60.6139123835948
92.3672054099497
11.5604938175796
23.6720445058241
28.3565825680516
18.6527908599201
20.7961281821013
84.2955761104722
36.0458740488605
20.6048141800529
80.5526068675043
42.232029860617
44.2655797367214
23.674100321496
9.33933526728686
28.389160961709
21.487517181958
36.0555471630577
11.2561680339262
47.9702731801472
18.6161147255259
45.5010533717768
18.0639408569978
36.5160548828843
30.7008264204123
85.6803954427876
52.1901940333108
26.6225761938259
19.8254489734218
20.7695172213007
57.4346483065417
36.107047270958
51.4349536564548
36.6106760104707
30.2478166183228
32.8843967010524
51.5936544368894
16.7925671730361
23.9437600711339
