106.003656744626
392.654124232311
1416.8571843768
3530.14746846596
4888.8807610774
2730.65183353746
3833.86064786248
5360.43719397406
2393.79530292678
1784.28202472871
4615.53499044776
1207.44207063375
2311.32714320011
3251.46527866316
6291.21917260167
3697.34881967673
3170.20723424496
3734.9987744635
1813.57135459227
3817.68933752733
6368.89570783346
420.462538383631
2644.78725485055
100.000001249678
5733.50153326616
6792.89010047231
4407.28293274985
3041.46939265637
101.755857307544
3197.58970286267
1860.96423206447
6427.60621071602
7161.29077930156
1891.36866392629
5996.41316394621
100.00000120808
3341.70124381883
3207.51132626121
125.803808344565
4325.05628231957
3206.79432554475
4031.28727609706
5224.19327683456
2171.44123664544
1074.2126005842
3411.26703108356
1151.02128225365
4375.03031844582
3240.37120103192
1806.2513556139
5383.01285479666
