1997.79036616623
1486.68415267998
1552.44179660321
1360.90724583308
1665.36952968516
1683.32423357584
1400.06317001013
1661.04273053106
759.682845155507
1586.49803452122
1752.40574671298
1986.24454091787
1647.15260479992
1910.34605209001
1846.37968963421
998.853299166453
1433.48975200683
1465.84815144716
1835.34326381784
1631.79052966178
1559.96868579222
823.362437159015
1260.29459892445
1339.25617371289
1472.76745104443
1800.66922092393
1627.99600242309
1678.16554146822
1963.95248295987
1824.80838721709
767.865347221644
1506.14325262029
1659.66654391474
1672.60632101757
1627.67810700126
1492.62081872864
1593.59951292315
1534.18800281092
1678.79006919148
1158.59868422524
1797.5769049056
1674.14288315705
1698.09815521329
1450.96638522699
1510.87872892602
1531.02804566171
1719.39453367898
969.807770102183
1842.21191803266
1613.7474701688
1391.71918392485
