265566.758478839
259505.076169189
302468.725836635
323458.092588039
208617.246947729
493631.945471619
183809.614377797
238554.697817641
221120.891763138
142690.393198006
305891.772227628
623025.222682909
179830.928825756
253888.614026519
408581.879638705
70635.1265840358
226928.143867584
191945.677917984
179814.456889364
139111.935263561
116757.185907415
183170.411237817
166419.136877121
179224.647588444
210866.330471682
173764.600165891
108456.228203416
226627.068094969
179245.870996978
318881.983138848
237411.054910356
558478.365555212
211043.428819701
249727.768716412
93964.6595615744
160433.172333441
676211.814140975
171709.608774835
266534.403054723
224448.727418734
183595.355376905
201634.068703242
197915.230594576
1920248.23362844
248569.746176944
199235.933956857
207205.156234485
674716.546468705
211470.201695619
960451.197650866
148201.768076265
