388.26023614226
387.254265330711
387.698373308631
387.604751124878
387.185987300645
387.86375844707
387.297073318051
387.285168851512
387.207814072365
388.106523012525
387.037589644186
387.446773454408
387.270346972255
387.361970827284
387.344886751255
387.815613269292
387.762711712832
387.155985375865
387.206952492904
387.767456523202
387.427595216447
387.805600129112
387.693081363224
387.261804554662
387.21015805771
387.261703132742
387.831672260587
387.828028977174
387.30016001172
387.443035421708
388.108822601766
400.138868576483
387.169234481714
387.891564576052
387.457145300004
387.351555102357
387.112703552598
388.376386935644
387.971502986813
386.973403824066
387.55378760877
387.479888576955
387.396083974015
387.235784154014
387.608081915916
387.27487611203
387.554551152531
387.399239012855
389.488761414675
387.481495023174
388.498631985631
