682.888687072853
633.43515756896
662.080572665119
665.121321993443
698.2121158472
693.259617562315
717.238154885868
645.135778662864
677.639932338236
702.749943006372
661.039707523984
652.740800895941
678.691598139392
727.174820812869
666.176593038942
661.746441614946
682.622748358871
659.760850118622
663.58630758382
674.244128829824
680.337584865862
668.604209454814
682.90205277433
674.477753734032
677.23160899786
656.634902511311
712.92123221161
663.523234617972
672.804954621673
649.060941287011
714.568881261842
664.176228512112
682.600337305985
625.135338928405
685.117006425734
651.442459067471
678.48220953075
657.887701012226
683.004739160857
656.550498310617
642.297914321745
708.713755854841
700.685123735251
669.22598845204
624.355208132197
674.967384738744
680.362035604913
662.781148358029
658.457243573281
653.109508231348
698.345846934709
