119.43306782225
0.72771817445323
1.70752330976825
42.2792006640632
12.800660408556
0.727574640762214
1.21872254930236
119.16590940421
120.643988965016
239.995176904087
135.169215436892
120.350003625422
120.414656587281
0.727574667492718
0.655090119250417
254.907055788018
1.69970659486648
0.739599712337849
135.81940021388
0.937664759551353
357.125232099103
1.11623528354266
0.702228237042846
256.093528404552
358.856895398465
1.91533984879379
119.449431254478
0.682925553866198
237.396100057713
119.139470318532
120.110921054406
119.724212767272
238.370525024794
1.41468007979256
120.146067160971
0.786492142595307
1.20009849923235
265.658941514797
118.98107397126
2.11286282005835
118.470387084009
119.660677439894
0.720479888665295
1.87878388801914
1.42541304012479
119.38045515916
238.845474781312
239.704243642677
0.935711617035395
119.994465900751
119.865956520345
