2003.98631113331
1493.93665432873
1571.89303478044
1360.96533041391
1674.46387286055
1688.8913621847
1402.83265260749
1689.26107059598
1486.35472358932
1587.8177230621
1781.30888813829
1989.81253342465
1762.578325578
1927.42290905489
1881.75275582196
1748.29615053901
1440.11766794245
1493.58347895993
1839.31043788708
1634.93885780006
1575.56308685698
1531.68057601167
1261.36387709852
1339.49154829094
1477.01260761351
1803.74787679022
1655.17427263817
1688.39624065224
1974.08473073088
1825.04091471712
1312.55398621829
1509.26887480235
1663.16006812794
1682.08764798418
1654.17420868207
1509.77886817147
1602.24385328457
1535.35569313558
1680.34211682201
1601.05488284504
1798.29974287991
1676.15017587716
1699.6556889341
1452.30614874024
1511.5737154907
1539.86954646795
1759.80570689067
1587.47362055253
1857.02221712716
1632.95705144161
1396.07598834312
