5546.62832612121
5383.42132383457
5536.162575096
5098.80529180668
5448.9628885328
5557.25970224517
5326.11416543354
5252.15391351825
5012.94148865664
5079.95525475281
5254.94558431524
5050.55242148851
5570.48544714178
5527.66465577053
5272.78107965645
5145.71970541766
5347.63778533164
5418.83373229166
5495.47155874588
5320.95438835738
5480.11776183675
5068.88207990844
5294.55434690892
5267.10510755974
5130.12015366205
5218.95693500054
5733.32058358193
5272.61906008631
5591.37900678427
5245.69547721255
5476.20462600316
5346.1407481989
4837.18826114318
5483.5198430454
5488.43584646034
5190.21309361897
5200.67893777885
5354.57839367102
5301.81892702906
4668.20593247239
4872.02544104063
5600.59674593824
5614.93334936734
5613.86094316359
4919.29649640059
5866.10590820282
5182.72061221341
4866.33838738619
5486.71514804567
5426.80489782631
5028.62080316575
