577.848659502388
624.327986602609
573.833410034204
526.783352927145
638.698636029153
579.305458906148
585.039497536326
814.298197134327
552.63628423853
601.029234791101
581.615280322904
751.379889607142
770.01714624299
585.326437396217
555.558384403327
551.109172340773
585.699494896382
583.254442171908
605.096201699003
609.272460797071
661.226722802696
555.776608824387
610.032518141766
578.754925096296
646.666245377977
574.671346900237
565.15860894276
662.172797124665
618.707453919586
589.434018562739
693.225747478379
567.209237641983
626.489657096738
652.480706878062
655.306867213246
671.31530118022
587.208242820216
634.038804453255
542.027796044269
579.935974299502
651.675741422655
620.752225760314
652.74608009246
602.085601102868
578.941324543383
619.178993956099
622.050783518246
549.74649454056
582.785759333915
529.136033300843
568.81432904956
