4211.7757062777
1973.9001450832
2632.54820875344
1979.07913401951
1976.80732987597
3271.19041214963
2088.23120763251
2248.18967911304
2853.23165676145
7529.31506044619
2393.43522130706
2748.1425422049
2184.20334910941
2385.87206377144
2285.97310005022
2186.95493699751
2202.78851567716
5548.12569518582
2137.43338242556
2854.07708730737
2139.16509065024
2434.98915912916
2484.7805027423
1995.51059296576
2348.8900452356
4101.92309605129
2041.47138227494
2654.66334409905
2113.07144025328
2133.84466411369
2441.43461490294
1953.09506210506
1973.85046573019
14306.1001689015
2355.3009429487
2059.9942931356
2226.71381139118
2792.97440130904
2230.38349763738
2425.03425135002
2089.00395390009
2433.73411733034
1984.98242780204
5553.77979748827
2363.29378934495
2407.32241346276
2021.47120983925
2463.71884887335
3054.74998261361
2297.11418578892
2230.67812454757
