17144.3813684009
110.86083017421
285.834721354675
17255.3320285149
2195.46875009298
2710.57317138686
189.740115339493
1268.3537337386
116.737587203294
10903.8742703678
3044.75257132023
19282.877628939
215.613851104722
8078.8203652476
791.658234159111
14569.3503888362
1420.90137835079
6175.23085806391
97.4620201356183
7306.88499021675
19204.8936890314
921.831469374961
10277.7473544888
430.391441281195
215.84758832635
7438.05291800838
112.707034250813
913.057906339009
906.210657318578
1680.54760634475
8362.06542126954
941.951411041146
715.093096411722
19063.0791478527
319.506652037533
940.539523729627
9224.98856437932
135.468908137503
188.96597813277
5965.41465611837
9198.83164434317
7272.55078967775
1674.44605017417
3523.6736246782
10863.7977516007
885.636542837728
21833.7765464374
5807.86932175195
7250.43569991215
1324.91542877557
1750.77622916154
