53944.1896705125
62236.9390718351
18813.742795043
76661.8239906647
30483.8431792345
162158.653646839
73240.9626691614
1349050.0139451
48751.8527984084
36064.0297362038
33286.0325229515
48403.8657201286
13037.1071980763
92862.6321639981
34987.2228051636
34376.4619550334
23953.1507114197
79609.4243439612
45563.3820132741
970854.658141302
54074.0603519092
67096.9014601621
45980.6930190706
43912.8997276224
49195.7237793527
21065.7724025848
189142.643416063
25398.2115808799
32307.9362107577
78581.6675188124
148432.351723295
72571.3471301099
31038.4478347154
57370.7304088319
81010.505358788
64129.2817293498
93660.4330714901
55546.4403028082
47161.1317430428
44388.2347101279
129716.936274493
26369.781618278
32042.7920069663
108547.416025364
76583.9502356708
58026.0370060816
115803.342692794
68040.1091908688
137055.332740648
68650.6977797759
49405.026776655
