820018.485092403
708410.10847688
471638.941383439
9434465.61511544
1536761.5961339
437541.129225374
399503.791820311
872836.002973609
1605240.74183361
910346.295234864
1417653.95433756
1176072.99807189
4445519.0379436
575527.912711484
1875914.98805356
32790.4176631865
2545622.72628865
3526474.24792565
749408.515330473
1165239.81670127
2754204.05284889
530749.473151444
546665.282103447
597542.419070285
781024.080402821
423331.156120665
1359038.38348628
692718.026574387
1305055.21322348
948166.736150411
2713761.84396511
359908.877912787
2033105.23283323
1705630.92747507
3691674.80701012
605224.949333905
3145643.02465766
876869.52454949
993888.388768822
1647164.32828199
2179020.83634437
237132.946968231
1955222.96728236
1746601.99624643
1546454.44258126
156861.743951895
864826.202260434
2246061.26784654
1305464.65870974
1495887.69956292
1760196.6942446
