100.289045931825
100.000000018381
100.000000014356
100.000000017206
100.00000001901
100.000000017459
100.000000020756
100.000000013794
100.000000024052
100.000000019073
100.000000023983
100.000000015522
100.000000019937
100.000000020436
100.290164841817
100.000000017863
100.000000016348
100.000000024839
100.000000313384
100.000000028876
100.000000013455
100.347887707121
100.000000024258
100.000000015847
100.000000017135
100.000000027395
100.000000022518
100.000000026092
100.000000019136
100.344439317795
100.000000018861
100.000000021096
100.400568973086
100.000000021181
100.000000013142
100.000000018974
100.000000027404
100.000000021673
100.000000015436
100.000000022573
100.000000018937
100.000000024571
100.000000020666
100.000000023423
100.000000026452
100.000000021946
100.000000020222
100.28784497907
100.000000025429
100.000000019476
100.000004568104
