5093465.35194573
60829.3224257551
58345.8977213348
47500.5621469903
3859900.41036601
2.26388699141809E7
9350760.62783141
455422.334847266
3.1242784387886E7
163111.816906794
126164.98446475
234805.447757552
122425.074553977
42223.228158237
2.00123890524185E7
1.38400695743599E7
160430.90883073
228846.16523838
1.13168134266096E7
348855.675999144
27216.3649829076
142293.453459453
125311.232979362
139076.924297483
108021.946208588
9360471.17562018
125890.504654281
40546.3934611294
27047.2852410737
92324.185030574
122526.622478826
117799.409132004
295045.533535718
44903.1454525344
2.48714211394531E7
64213.3519706737
1.88782277939936E7
9456957.60668246
106234.937404165
321322.357579604
73353.8115414683
2.40023270030974E7
9831235.93897345
121015.86022515
2.77426032009978E7
181091.855476291
1.39817713974065E7
841254.733573861
145620.069478234
39148.1625463569
139594.33289905
