90.7142328185419
91.6169790320438
89.6588697377415
88.0365859771528
86.7253907913024
113.297178240185
93.2359079105763
88.0104154976237
92.129101321851
87.7112100161597
90.6819322346443
96.6952062863253
90.2383061207991
89.2902650765551
94.0390158540339
90.5101464087217
91.190755709762
90.0232892346563
91.8580158241126
113.390625982499
112.237573148317
88.4859263556416
97.7549864014976
88.2488121979846
114.56820885084
92.6523953660281
109.645763534705
105.788691879548
92.0645798202374
87.559564392927
91.2147649076451
91.3636401766328
120.033989185246
92.5810508069731
89.2252506753065
91.8032873413844
107.490283790483
89.6375908200088
91.0424764018655
90.4293178447809
93.2112788458826
89.7719202404626
117.208325013567
91.9767543528532
98.6841773078705
99.4332128639115
92.4764191116918
91.9145764469669
120.143151974665
104.272299205831
92.7627731167508
