485.000501861748
2697.9890512061
408.008171890537
2934.09809956275
2084.25162938238
395.268760539785
399.125661213985
447.531211002932
491.524557282383
394.968313326347
395.549464590954
547.167843287334
3398.51465291139
395.102506957121
74707.7511406895
2454.4032766134
593.290759927417
709.32004714702
394.792471009195
395.497760292967
1758.54304784383
516.891313556942
394.729856626555
408.086444200147
800.827070628219
968.06896687798
519.539438763339
395.103400256231
443.482879604792
28893.1330965609
408.283490210638
601.8517791569
463.838792164079
1459.75275303248
5006.94386494531
394.965881627906
408.124118333327
509.467378917463
1033.38717758039
394.86302260497
452.329330708089
398.58449774804
395.606672543572
397.215721936157
636.138514713476
2844.95548582761
443.338296412788
445.375417466149
583.996481539498
454.899190825838
1984.21410420146
