443.329950401073
443.369901632539
398.035780788715
398.057985512831
443.3339087684
398.035780788715
100.003792390954
443.378362334869
398.031960451111
398.047465418808
397.742869469987
397.745670875793
443.372241311239
443.3339087684
397.745670875791
398.035780788716
443.377146392627
398.008989440577
443.36511319611
443.381760117213
443.345912887687
100.005103177893
398.035780788716
398.031960451113
443.372241311261
443.383876439554
398.102585839529
443.342273107694
398.008989440577
398.046324103355
398.035780788716
443.329950754393
398.008989440581
397.74286946999
398.035780788716
443.329950401073
443.329950401073
443.329950401742
397.742869469987
443.329950401074
443.342273107684
443.378362334875
398.070365096035
398.032923675327
443.329950401073
443.329950401078
398.008989440913
398.031960451112
398.008989440577
397.742869469987
443.365113196087
