395.074556544996
395.010950956952
394.231857937224
393.818764684298
395.074874002951
393.818764684299
396.244635785135
395.075055279905
395.074835389482
394.234525130347
394.231820966451
395.074849586741
393.818764684298
395.984766687191
393.818764684299
393.818764684298
395.074928445692
395.075163769543
394.231550614082
394.363156296915
393.818764684308
398.547689105517
393.8187646843
395.010944726799
396.243773327977
395.075144388311
395.98476668719
393.818764684298
395.984766687191
393.910948340773
393.818764684298
395.98476668719
395.010951997537
395.075136450332
395.074975199007
398.629823821022
394.245027094928
393.818764684299
394.363156296915
393.818764684298
393.818764684298
394.231038990511
395.074851555493
394.231234976288
422.248844920286
395.074917437433
395.984766687216
395.074734376057
395.074951742041
395.074639772751
393.818764684299
