1.85105309758034E8
4.19838170937298E8
1.84519123222209E8
9.79493237592673E7
2.6126381014658E8
2.63588449929662E8
1.15823255118516E8
2.60886753128081E7
1.13141297172524E8
1.97583265059249E8
1.73112400715559E8
6.33219207284518E8
3.67070223709714E7
4.60399076414667E8
1.65718280200322E8
6.50831335285436E7
4.25486438319975E7
3.59889087898843E8
2.26064980298491E7
5.92754151912854E7
3.72735265346909E7
2.02687344723462E8
4.15711169134963E8
4.65713085058211E7
3.19120651157125E7
5.74517312512568E7
2.63829678125903E7
2.90589411772743E7
3.67311981787783E8
4.69124902689166E7
2.76087879917799E8
1.91154699184328E8
6.09603210942188E8
2.06682393103257E8
2.61916809742542E7
4.00257131730839E7
5.16692149408182E7
6.14935694035159E7
4.39279583749597E7
4.96464084686037E7
6.74493583356542E7
5.37748991787144E7
2.37426428837588E7
7.66844470693598E7
9.98676049637385E7
2.84035808741978E7
4.83420373705864E7
3.23885505220762E7
1.39782206559199E8
3.62763341500533E7
1.52985381605105E8
