2549.59975423554
3256.38047605319
2235.90837746054
2596.35904795223
2993.18151838016
2341.04007482894
3087.34460269688
4606.44022342071
4029.94333663517
3552.96827178846
4255.79915035718
2305.22037862683
2592.56715873618
2065.34814150414
1683.83119756503
2478.71456544118
2655.60967009445
3738.93152630308
3366.90444232159
3213.57203421459
3796.66118977988
3187.04416761403
3873.80494897486
3407.12914616139
2783.08849855875
3280.44103867963
3042.96383430383
3650.25192313622
4188.96652771923
2717.58617609289
2120.3491596776
2613.98413350804
2687.53956253638
3160.56616823533
3260.0293975386
3918.83627962077
2366.72454908184
3665.7795044033
3576.82419905601
3537.6771274533
2030.8792105054
3204.15115961778
3328.54480895808
4012.29688897598
2586.52754928769
3298.5909984844
3555.3251971595
3754.54865853973
2425.63705809388
1554.68616469534
3737.07114724543
