1.17723278843118
1.36297205577262
1.08770453801469
1.17723278843118
5.81664167943654
1.08770453801469
0.54385226900763
0.998176287598312
2.45067659378697
0.0895282504166062
2.17540907602915
3.35930347505484
1.8172749184497
2.36114834337059
0.998176287598312
1.45250030618911
1.26676103884756
1.9963525751964
1.54202855660549
2.81547236196138
2.36114834337059
1.45250030618899
2.99452886279425
1.99635257519628
1.08770453801469
1.81729607436341
2.17540907602915
1.17723278843118
1.63155680702198
2.17540907602915
2.72592295563129
1.17723278843118
3.99268399447851
3.17358536362713
1.17723278843118
5.90194754468723
2.36114834337059
2.17540907602915
4.18088364316282
1.99633141928257
2.17540907602927
4.35745860673921
1.99635257519628
1.9068243247799
1.17723278843118
1.45250030618899
6.23315662890275
0.998176287598199
0.543852269007516
1.08770453801469
1.9718878831751
