300.000000230736
300.000000257547
300.000000284036
300.000000066973
583.750256468572
583.734041479508
300.000000210012
300.000000272491
583.734041414492
300.000000363351
611.8218080816
300.00000028808
300.000000202664
611.821808076341
583.734041407251
300.000000246717
300.000000282376
300.00000026338
583.755715434021
300.000000319425
583.744026449926
300.000000304199
300.000000344576
583.745226268507
583.758222382069
583.753695187466
583.745226276995
300.000000374278
300.000000216251
2.02443425223464E-6
300.000000267672
583.734041417308
3.04455170407891E-7
583.734041408116
300.000000199865
300.000000066736
300.000000303519
300.000000214851
611.821808086559
583.745226273713
583.734041424661
300.00000031032
583.745226268043
611.821808647039
300.000000214787
300.000000259394
611.82180809259
300.00000029969
300.000000327097
300.000000292137
300.000000337865
