203.069142386938
323.708674081806
167.476674107058
162.766569590098
253.114858268334
170.4668977571
139.889521948113
125.215986721474
262.719830266386
333.772506202997
201.993408800797
159.960118743717
155.379220938144
205.169103281924
172.756271439892
103.20867010878
209.990563080457
158.328246349727
143.655080572049
218.521850747864
272.48869583743
269.981143677375
242.814576315797
249.306096474148
189.419862361102
174.290699474242
185.194914846325
228.346571939633
262.11653389045
280.750533491637
193.690292727293
261.61017569393
290.762728054237
169.249157630011
121.11814041619
152.430435020806
200.880221518796
182.329378446025
151.01325492843
231.345118576221
251.149292180704
158.123987810251
288.790853405937
262.659292810592
118.025000665308
251.847239195102
249.157615916229
120.677128557551
119.094390499949
203.152771149589
157.573193640588
