1108.67008919935
1060.30329613054
1147.60262992446
1100.50035119602
1286.47385362434
377.449126645483
1004.44006664392
1211.61290542332
1290.33429178671
588.692377661987
637.196240213545
839.136958472323
871.178838519405
918.209824026862
1153.50355969606
777.69041311487
1155.55459959132
532.354880297111
613.709495325798
741.342686347688
788.129771397863
713.027032977581
858.279291257129
422.513872065609
851.882202916602
1124.11836732613
1708.74991110492
849.212496039246
1072.93300731042
928.934525850252
1146.45329411859
822.930879114499
648.853732693919
704.304735786337
1352.06603233829
1232.55026872122
1259.86265306513
551.394631527257
1005.18240637654
806.308195176633
1014.73876335862
959.759095631731
969.114392444395
697.517291215575
1199.84775439836
526.128457891618
1261.36414826515
789.033334558122
1059.20894325199
428.839878013105
1203.12507994428
