2949462.04252854
2.88342264060793E8
1.00062890557592E7
1.97142599495135E8
4.23883123712002E7
2752162.82129505
3.02935198804406E7
8.11480910714259E7
1.44104998469418E7
1.39380458028885E7
2.32779258392859E7
2.49387928726981E7
3.44613320273147E7
2.74024058040161E7
2.01924807188787E7
1.67943582990616E7
1.8328895370885E7
9838759.73120936
1.78824964626552E7
3.06170306378605E7
4.32446607654096E8
2.2060952981532E7
4.75137455747491E7
5.36383436582344E7
1.60382687920566E8
4.35284622846791E7
5410883.26062983
3.60188576708501E8
2.12055619840071E7
4.68303534946724E7
7.47238590232777E7
1.01235500593946E7
2.52285725417799E7
1.5799160857173E7
3.76104866570879E7
2.63263279716413E7
2.48854767834223E7
2.35629328808586E7
1.78553098116527E7
1.90329832138557E7
2.72968936481526E8
4.25140466280407E7
2.54066175301786E7
3.06694377179718E7
4.7313594231043E7
4.37108295641236E7
3.22228733309023E7
3.92663050512851E8
2.46550523442343E7
1.81758997436615E7
6.50617436111651E7
