142560.855810309
483302.37242523
352912.010285814
154584.150649506
249300.666160619
974171.944962611
186408.352537509
174194.262616692
396485.346350752
163432.025299235
136206.947743016
187604.647203326
173298.365682185
331404.688328978
716209.24474894
142585.809453869
36305.7605795977
54321.490703666
537267.617091081
134407.085705911
138252.311080876
206510.80394492
292870.085940626
351378.75800511
90207.0185398278
55913.4068776811
503545.997658052
340043.96908832
309826.656158229
403690.038765927
1160592.25487245
1528184.99997018
76566.253394984
212622.428952489
522833.674151461
207751.154336525
227096.016178236
347114.50700416
224063.899023096
696064.381209924
266053.170636474
154984.940932609
411629.561604887
517226.133379548
171249.426443321
152690.816328905
454525.388445773
276903.920760754
84652.3403499018
47130.3570588351
104805.626660724
