705.912082402637
620.704002288674
274.454887685813
413.652720269613
682.589372114838
371.840166838268
554.217678467008
616.266530313488
303.632993219902
766.223269439847
522.937781180345
553.676881665074
630.2160125031
620.026553208391
657.391677178942
523.749801943848
296.253029734921
362.849580696276
329.075385768057
466.563273561957
522.956626303541
511.400272535014
272.557328545146
732.865456516221
756.72625957452
486.729301659589
555.124163063162
537.75751949101
890.975129013063
1075.04215877082
522.884866879488
628.910700484921
603.752923169308
267.429170431517
379.600097165838
541.780683316319
724.313718483229
256.550980871612
819.570280712061
350.558605155292
514.291618939623
243.903473763934
469.366048310498
405.697251538479
616.32510636051
908.338918423161
931.474691433382
687.110699723071
342.303551912829
492.663879183351
592.708412131389
