148.529939749808
126.676881754634
21.5805794005159
165.758404767195
83.6257684728048
41.1545825117846
227.258837709362
92.5307950617007
165.443607439161
118.433172085053
97.8393351875475
36.81334364343
101.491801714896
101.484019110039
143.279415815208
108.449263344632
69.6487680521002
13.0502193775385
129.207809235711
244.043469679273
79.8432924097654
92.5305321449723
20.8408666681819
86.5607148792851
78.6013174026809
86.5670853961299
39.0020460279354
28.8585212037549
17.2742594814645
147.534960313103
106.941201157893
55.7243558707041
80.5977878715014
79.5962082884687
67.9799302300721
42.1107118079046
45.7748301168238
46.802538226199
151.514510275123
143.570667038611
109.451219897192
223.12758914029
58.7201267574712
93.0865895144211
116.424350337495
98.5084636595525
186.337747894101
20.0143127358062
14.1212365384076
229.523513529657
94.8026265983383
