2999.84057976112
100.000000539797
3085.90658598547
2792.87161765497
100.000000608168
100.373719622703
2314.69205474253
3676.3783099414
2727.78938307819
2718.10912947458
105.584282056256
3576.06528158168
3756.80725774031
143.319122744329
3309.45061653635
100.000015071201
1979.16372812864
2906.42191096026
2502.59958390418
3199.67873656758
3459.70549907367
2305.70825249732
2502.79811188338
3210.80540257849
1450.13779251544
100.000000650377
100.00000069278
1579.5073577409
3193.57970041948
3979.83485968215
4312.66099849647
100.00000082203
100.000000720685
115.560071530383
100.000000556831
1258.05164822327
100.000000631522
2455.04438237154
100.000000686393
2508.32031235066
4498.59947302981
3792.30413607142
100.84284325334
100.000000559209
100.000000777168
4554.27290747204
100.000000583109
2304.00659717844
100.000000652163
100.000000584645
3423.27264767271
