2122.85051128497
1119.63463426978
1210.4472773351
1288.16154017462
1181.71488918473
34.490794074017
456.500587885947
12.8667532121901
28.4126148423454
1436.75071622192
3170.58355429912
1682.48780296903
43.2728786075163
714.610163550204
2199.43568039626
593.792101565844
722.412870200213
986.346036928473
681.372162181028
23.0205565035501
2793.66742162076
1536.6444486261
15.9193299453129
2635.71762171023
556.025544215709
27.2277912726122
22.7122699924098
1225.27728759488
2579.25750196843
38.6249845042666
395.776901954983
1594.09165804782
269.428781728154
875.926127320678
397.127174343916
1193.25145512182
33.5550640905585
660.040629227061
1932.5147832509
1800.19398148993
51.5082431388512
886.855223374817
22.7110341219484
3278.91208299302
847.88617212997
12.9344638946877
897.541335985195
426.213825723301
2187.46969524478
1607.1086709464
2348.82674327761
