3071.7854021548
2313.04388817716
2655.35690841806
1.24220142861205E8
2931.92759596078
2589.91961033616
2126.60358746095
2069.87177233538
2490.10358157855
1956.65640990921
3964.9665710373
2392.62950512466
2195.66735581013
2610.23250578354
2956.82191963345
2804.53503716765
2321.16732715238
2488.96020214364
2286.53230999847
1825.33678439677
3310.10760902523
2346.18265076058
2972.01905713204
2328.35417513231
3126.58364222912
2282.46330713469
3181.95650133875
2498.30855127144
3032.72089611634
3389.42455584859
3261.24985996973
2469.44858644955
3419.5045912899
2723.0899336417
2101.63593758408
1919.90727856396
2486.48823355123
2002.62476157047
3239.956125952
2319.21894520089
2129.78499054025
2530.13645801775
2905.32307907296
2373.97575963602
2015.7755591073
2095.59524132069
1716.51449382375
25172.5277399463
2691.75587924079
2885.65276136616
2028.74266387204
