780.282462082021
1139.79751584579
616.4501043271
721.726356187074
604.449423811151
621.014690250735
1110.24298336155
522.276331941943
513.795647621995
672.170732010737
605.995512742982
663.68642903704
704.477488908192
612.436709729036
478.63608949696
590.535454975712
667.360238568021
515.209447834221
577.992220134537
618.552331670549
616.180557434704
774.436974164979
637.00070710166
673.81206618712
569.058310782257
661.12166605498
996.928039097391
674.520001958766
997.741646781551
940.660587390666
595.01353295002
683.027331749712
819.120182080155
555.178347431004
511.8115070405
585.433991527347
628.270825170019
716.7392936754
571.05651088675
874.278845901611
670.194652017006
834.438454690817
772.366285149263
784.46843796334
1082.21561149858
668.759075614164
638.58112826355
912.91740229401
1090.48973893357
874.627228100548
674.132951361016
