12554.6052240049
7107.65536629852
3682.95261169816
4425.07814658436
3423.79529663556
36512.5546290217
53202.6114030283
11541.5519361888
9407.92766408918
62504.5836338681
9003.35319966379
23989.3125471547
7132.06460707653
14547.7015707429
52552.4111551307
9009.87299308739
78695.9198115845
55102.6515913382
13414.9891526687
53307.0720837095
4632.66855483086
4865.06209792523
17694.7036007909
6004.50609721209
25817.3000596248
69267.9929494186
12026.8063812697
10997.3345565857
25589.1084712758
2397.19350822287
99694.258302796
23875.4712048207
3516.30409302895
12420.2135304324
199258.589237633
33761.4097615328
250600.706295038
3870.24277499531
10663.4786066947
4200.04497738795
19752.9521001841
22650.3154990409
10679.5682721191
59440.7133697627
55049.0741063197
11599.0196274858
36434.5496197712
3798.04798886467
14610.9973464252
11183.6545688609
25268.1891236496
