4.68854432578064
6.02143141983868
1.37059533521722
0.307229676338579
0.330182607799998
1.13402681257287
2.36805329574122
0.6746456014655
0.729343530619644
0.294599788758319
2.89973451591175
0.5023473510538
0.262596015740883
1.46176377441532
0.529957978725292
0.745013661886105
1.10801440111254
0.538262097878146
3.90282662261666
0.691540897265213
0.767778818091529
0.230792977818055
1.54391210821507
2.62468739073438
11.9718784854385
1.60234257435559
2.44971024665426
2.71991789383992
0.71164303198475
0.75454776731965
0.890630544875876
1.29039331326078
1.08054504516576
0.782321360618994
2.27488511511865
0.668722883550231
5.72496741616726
0.376062115563968
2.19913966601803
0.271004978335327
0.837515124038646
0.119327799644452
0.274331327346772
0.805661424995151
1.77928553925801
1.65536409870799
0.0489926827585805
0.0604306746871544
0.813542081459559
0.650581069024497
0.176454995908557
