5077.27219523274
9940.52916848821
5833.81982003307
5756.48633214044
8358.96439659861
5253.43186697109
10051.2224004488
9006.17003290097
2544.42135896026
5848.23386519325
6221.95474727751
7934.87389547745
1599.92765961197
6411.87510612905
6212.88359331824
8544.70918212344
4758.45090829779
8101.75934533086
9019.77713905693
6598.74682411506
4964.16819202283
7146.65718776358
2778.85546514012
4021.20463624599
9380.33891673571
904.365940381685
2133.26992678038
4338.63416233718
6187.93556076026
1345.39508875122
15805.2490617891
10274.963712094
11059.7445526935
5845.10308158697
5664.10266004634
7321.31437660632
1733.64923608191
9670.54802870464
7664.13410388231
5685.19089265887
4466.72036641371
5699.06588869481
1875.63856042354
6435.10997187625
9111.85553766942
1529.20497617022
11571.878300726
9345.05578265938
14639.9270837404
9879.4856710481
4993.54424789169
