493.883813170472
493.883884630907
496.669301416787
458.848722748166
458.848722746267
507.694699931476
507.694694179334
458.848722779955
507.694693219506
458.848722824131
458.848723038382
458.848722755422
458.848722823576
499.427882905106
458.848722796478
458.848722897917
458.848722812743
458.848722772247
458.84872274605
493.883847949592
458.848722832119
458.848722762935
458.848722763919
458.867372756853
458.848722848811
458.848722768548
458.848722821621
507.694693659049
458.918929719628
458.848722746568
458.848722757609
458.848722767765
458.848722831888
507.694693072373
499.427887316419
458.848723684334
458.848722745787
458.848722775807
458.848722747824
458.84872282898
458.848722751631
458.84872275695
460.854881296206
458.848722824432
458.848723313056
458.848722860105
458.848722871558
507.418024194616
458.862622810018
459.671482222608
507.694714104502
