80.0086931221024
0.996861648286085
6.0521046149313
63.3884325516301
20.9083769607932
55.4138421687148
76.9464763681719
17.642860450203
13.6588145776309
64.1951157993581
17.2106368200955
12.377989609513
57.3222267273638
22.0725170721553
85.3324434351896
56.5934157088625
3.76092140814012
46.2350251420351
27.7660028501468
5.97219308808235
18.0027039552467
20.0231916385535
110.087698834009
8.60034934569467
19.6990661778711
87.0523501307632
45.2977967512834
112.355162970543
84.9588964200111
4.89733275729691
117.982200896833
54.3819785907774
14.6325656363449
1.39582096891354
103.947095944872
6.73485892618851
30.0903959643053
34.7512122729433
28.5605645308683
4.28527197080166
50.7698214208149
23.538211558847
86.8407446006415
5.44473825062391
41.7428375351521
9.47457468077664
19.7116936480352
73.5466000349484
93.7147999137635
1.12423305612833
53.278514530401
