424.813172917724
423.639344572478
421.438463445761
419.782839159736
417.054460359101
419.324208269223
420.244524374928
420.540846542883
419.887310095387
419.584679390438
421.123699365344
422.705279781896
420.974852819008
421.145038104233
418.353416003063
414.23998366411
420.135755105698
423.448108313536
423.601408613375
411.558120354483
416.603281191739
414.101985599418
412.547199511944
420.110446994831
421.177784932369
421.232212492609
418.056794145476
417.536766481796
417.494004563931
418.0858019998
419.099572588509
417.343684155616
417.067507537527
411.460033105945
418.843463626561
418.391870959202
422.360681093746
420.217904596408
421.010890770848
421.341885470642
419.470635808837
414.876544990742
422.834929087968
421.630936185265
421.343793007386
419.643945129048
420.953987596203
424.472054714056
420.254942455267
417.143686575163
419.654730702764
