13.9954933945754
12.9591460058882
13.1759974178817
12.4048356741018
12.227160434291
10.8357560874153
11.3984987190556
12.9644298077703
13.7006590310323
10.5033039263394
13.3919371324682
13.8354065086114
12.3718486128693
11.8042532445629
11.3557384430219
12.5486599656052
13.0029649579313
12.7663333063026
12.3489913177219
12.4964491758421
12.914909126679
13.1876179793479
11.3420771393801
3.82101522441587
11.2289648218193
3.63923122898211
10.8892528552776
12.6626303834042
11.9469090950171
13.8218042787536
10.8154153988073
12.9174947008258
11.1054043921915
10.772090574562
3.49426316038318
11.7427430135023
12.9909019721638
0.5120977370118
11.7568184240745
12.5882332508064
10.3669207724205
12.2871455657839
10.8087529987686
11.0436269705539
12.8138283318665
11.8456069109277
11.7716098166688
11.7413548979191
11.2126928890646
12.4212559156624
11.7692174484082
