424.813172917724
423.639344572478
421.438527245038
419.785362300687
417.05446099692
419.324219197191
420.244525067994
420.540846549283
419.887310095387
419.584684771575
421.123699574879
422.705279781896
420.974852819008
421.145043116451
418.353416380849
417.858865342027
420.135755105698
423.448108313536
423.601409370862
411.558128323564
416.603290050819
414.101985599418
412.547503689569
420.110447039482
421.177785935173
421.23221250346
418.056802070999
417.536766762364
417.494006470384
418.0858019998
419.975351667279
417.343738236681
417.067508027347
411.460361160956
418.872769867496
418.391871137498
422.360682909804
420.217904596408
421.010890770848
421.341885470642
419.470636320088
414.876551368491
422.83492928033
426.126560023034
421.343794332141
419.643948775939
420.953987596203
424.472056060181
420.254961795179
417.143686575163
419.654730702764
