12378.8098162766
5466.85683777228
13533.7292909901
1.97142599495135E8
23310.5357910372
9297.96323411779
40710.2368760882
12933.7762873812
13470.3705192737
9494.67562138877
13265.3764724456
11578.807847834
3371.34382561357
89370.0464444318
11003.342084144
16279.406548455
8236.94041749049
6888.83926647782
17428.1055616005
47682.0698922357
5910.84260939749
8993.16252106977
14844.9896540546
48515.1718056257
8276.09411962958
9467.1635437848
11359.3179394571
5525.15905131312
12064.4695042433
12301.9063958353
102511.857507984
13725.5814969669
9742.49854012386
23810.6529930885
10244.534687815
6186.65962534579
12477.5539505479
13764.9308267277
7931.41843288512
6080.36797719782
6602.48906760646
7447.06735652554
6424.41079807359
8584.47039626829
16869.8072923429
9717.19725812741
19503.0357769414
9.36505281076777E7
11589.4713894512
17518.4917095248
3433.81440642551
