358.351008457023
523.505956463707
425.534741683083
273.184391281838
237.093424174769
362.499470440189
361.557808142256
146.754834210122
387.315455866107
245.17745284515
421.028442054115
614.302453445792
397.269293514358
49.0002986744842
344.522276899009
11.7092267206108
495.117211451087
223.863183022952
234.883671473241
454.450312739829
244.809510037663
463.705965969977
411.867997291851
7.39592823851035
35.0082004707774
201.254900758416
260.184173033026
191.296504526787
337.523650122645
184.81741870376
469.657264974561
20.3991359016247
38.1398184679126
80.0988609234448
284.387308585899
417.470791617188
195.195801309296
130.065087727991
143.389858405327
252.533341766696
705.818358584276
285.755504843194
244.119176794944
462.821997491497
179.488711002689
27.3619549486325
445.758304817866
238.700614885568
199.886326854253
240.721846801694
432.600286976931
