8806.05334885762
7760.67900316546
7472.75960596797
7226.33513192038
6197.02079671894
8400.51604678848
6081.81152786455
6030.15724281802
7380.23857707253
5268.10619296546
9341.92817444847
7701.78055145672
7181.46125165698
6716.0485083358
6617.44186482999
6031.10597792574
8790.76788353345
8930.74652967532
8888.98973855919
6679.10102892311
7292.19634568193
6563.33666682797
7291.76803828008
9659.39640838058
6050.29675275821
5564.52865319524
6054.33637597764
6174.10725447909
5893.09327218353
7616.98432002772
3499.8065285161
6917.8238235238
4965.3246826548
10795.8932332426
6823.54726946069
8458.97627316919
5522.94233777764
11168.005092201
6985.05118352752
8325.37329311094
6057.05763808495
4670.60199548545
7112.7994636547
7449.01973243665
8182.49860888268
8034.62169998906
6668.85475405597
8880.90953915917
4951.17889904686
6226.20536327867
6478.39015108878
