312.18807597434
455.483418263535
288.703196940523
192.876898846683
328.753230122949
309.714017496354
334.254097530943
293.634029371962
263.212293228028
435.70161890238
344.713703368791
372.792340642036
435.020725810617
453.012283701768
1895.65890530238
339.027532390598
473.086380500981
378.996250779678
279.906265510506
529.795835415266
343.057401472702
429.254952259696
491.993811991288
275.456502518838
367.359348447993
519.214995486141
370.444597622407
422.180729175001
364.072673816407
353.770863385956
719.957849973871
407.21279891093
604.784885407951
537.611598702177
898.341515990973
472.861370371067
370.667271474083
227.873130229886
433.694386992047
451.351484927926
380.323656227001
477.231407251463
311.212998817577
453.942314191343
392.324501617848
323.516486833983
412.140287666351
471.740527192454
274.502358543016
343.558168354415
488.089492875688
