992.256497666662
1200.18191701366
874.459043727422
1083.11276972429
1249.5085573638
840.371204864996
1386.25296130354
714.260654837281
808.997729155735
1087.6459769411
1093.20486490933
929.076652378386
883.90507770794
776.428662332986
811.280180161904
1168.9894897196
835.293377800886
819.542469132435
1069.21067351858
1366.05596501788
849.617562277457
1092.85506200972
943.826079101259
1145.11606861867
894.361214642159
1263.22348874354
1218.93084225297
959.579872811547
1176.09058152135
1366.26311579953
1056.65027017605
893.281564174953
987.97590524602
711.878937424543
798.741055598842
872.966160635608
1118.55390542031
1043.11454785351
764.763805715472
1039.49925361864
929.103572131518
995.313696977309
1068.7625697779
1369.65823277507
1322.70386084424
931.447216428653
809.429835072213
1276.73297809636
1326.46044066683
1123.69759288419
897.438821065098
