19.8991811419463
26.8638895039968
17.9092630277496
19.8991761043694
11.9395086851941
19.8991811420432
13.9294267994721
17.9092630280264
16.9142989360424
13.9294268005023
15.919344914697
12.934467742314
17.9092630277661
13.9294267993633
18.9042170486131
17.9092630309999
10.9445496291834
14.9243858565341
15.9193449140369
14.9243858572365
20.8941351616996
11.9395086854034
21.8890992586421
10.9445496281425
20.8941401990588
12.9344677422689
13.9294267993645
18.9042220873241
13.9294267994142
17.9092630285355
22.8840532768313
12.9344677423478
17.9092630278606
17.9092630277453
7.95967245678139
15.9193449141634
20.8941401991207
17.9092579901045
13.9294267993417
15.919344914975
17.9092579899706
14.9243858564608
17.9092579935444
11.9395087128261
10.9445496281134
11.9395086865618
22.8840482384859
19.8991811429033
18.9042220861553
17.9092630286084
18.9042220852835
