94100.5464367464
31521.1328052143
33634.7538652763
115854.554274973
20587.9898968918
106675.860183853
58941.9798555744
62155.4000619201
83501.1053020235
67982.9150181548
59303.9272712102
44050.1874893561
99907.200619634
46601.3772011438
62158.5709299004
209996.412144464
58615.1529310893
82017.4768944144
134110.411399615
85407.5354458248
333170.001983792
21650.3971031612
54613.3717763512
32213.6778331136
105395.929497656
833258.980603031
65674.2721692123
85768.3691515725
17804.0554954409
106369.66813575
123436.913956641
43617.3220534031
12719.1792400321
40035.9666167623
37564.2640781378
33435.0854599187
23924.2333187558
42012.0297361751
27960.6112709159
36736.8578122318
173271.83755427
15450.1665136252
111307.003024497
108421.935441511
30553.7262450013
45032.5903574046
90698.8152451958
166436.164498075
54413.4703325592
24459.4853920094
61471.0805771047
