97.4475087819703
96.3128871244157
93.7953733693125
92.0019252605169
89.2450596573427
117.273486980999
105.442065999761
95.6551453918398
96.8266103718202
89.2112720888811
97.5286019629347
101.228855207437
97.0746092208351
91.2202468804766
97.3785681983547
100.041330240921
102.577859658877
95.1322229593401
96.4186484476134
140.119358182934
116.952948795875
92.0530398469492
104.176886590624
92.6747992122232
115.44553183274
107.566615463768
116.848850176897
118.285533795023
100.249759685669
96.7213041079079
99.6693465243872
106.225092713809
121.895143780328
97.353703091178
92.8275466514921
106.101614872556
116.235325769829
98.8325159673056
99.5852069046828
94.4534256413656
103.148877709638
99.0095008196822
119.271625128873
103.275007995274
110.391672325622
107.371009420274
96.5907948062749
100.063564772602
121.583967503961
118.011124763942
108.026271126207
