5276.4623741054
6476.98173479325
6349.6910806726
5627.49834737849
5348.15874514098
5973.44304569466
4705.69684016685
4706.22763858986
5755.44211000919
3829.84254168655
4914.31934588417
5813.69046123447
6288.60920472521
6013.62773935114
6093.62521826428
3870.34378248337
3712.39898587452
6547.13914579253
5985.07792350988
5589.83554502542
6289.0459168182
3441.91975801338
3302.17169617869
4645.0580762744
3989.24516697547
4088.5133971378
4708.55506251192
5615.40314557074
3826.04710449261
4187.06975847646
2459.57983755252
5556.56583695562
3912.62127116325
6733.12482902437
4513.29989605933
4972.10819114567
3823.58395601887
9022.60807142043
5362.52815831787
6444.26551471023
4146.02158800512
3782.58623094206
5180.17174484548
5916.9242679438
6144.21323952858
5607.71533055437
4609.84832479746
5387.9917156153
4235.55132410937
4892.8989613737
4900.73193757498
