160.287495167626
194.930317980119
157.789968737022
132.42945786195
121.483170773349
118.499755989517
166.255805325394
168.918270442041
100.591338681151
126.42635107823
254.943371275517
122.08743349256
200.215214778606
167.242973077176
161.228879297319
134.418906808714
121.597055854213
299.29256138897
152.565835840128
166.368969094726
73.7279312658925
117.504858417012
218.989719560349
184.166061235855
165.262448293807
225.953517175595
258.514249805773
142.378498642696
197.100178398053
177.36777173878
156.30703150027
178.188011724396
151.332924643734
28.3337828305769
134.419424519174
130.365741114603
169.352587746851
157.302155088276
134.41972870562
85.6668068960694
210.447848884238
33.8419977562289
121.483953277366
162.277637338381
167.251739850989
162.277651384712
138.395545538415
178.19590337671
94.8046389729896
133.461278234021
125.464822986935
