300.0050305697
300.064581334817
583.748396308645
300.019720619855
611.883412603872
583.740606878478
611.895406229849
300.124253075136
583.761927132199
300.008966253887
611.843436877906
300.001147859734
583.751631320001
611.856338783116
583.815271344519
300.002000381759
611.8595743653
300.000238377628
645.225407496726
300.164674695233
611.88456246816
300.00358824884
300.002281054461
583.758894100645
645.169568378198
611.960430156573
583.756405381813
300.050552296083
300.007320204832
4.98963478094083E-4
300.038960343401
583.749140232842
583.755049570492
583.739779698163
300.141432166769
300.002490351495
583.742855753751
612.143749553525
611.952902633826
583.758045747178
583.757287864513
300.001861231215
583.753012048013
611.873545341643
583.751201995375
300.004086389173
611.88680076425
583.761365248926
300.001552842097
611.944342535613
300.013764942776
