17066.1400755434
750.489387809857
2725.47171714018
9629.19857543666
43620.3362646508
19392.7011292134
30848.671197096
1093.46521022292
4283.02922753239
174.134654273437
1065.25865918941
47336.9378054615
12019.7491202124
2173.93939239431
34964.6673772825
886.853895487415
259.822111294285
3344.0535467269
25328.2264570269
399.1005900016
14689.233019175
19992.4316451572
6602.09891996105
4524.97678727744
1582.22015661878
666.771039687287
25233.2466316423
52138.205112615
4508.0332490293
7924.4273569611
2036.51856183524
14229.6249791055
6008.49613473894
5429.08692024199
26377.511918165
1588.27546523384
57696.1768348931
47581.3905024383
19045.9603522864
25768.284460474
482.979431418076
52551.0779365512
48688.1503932331
973.58065195463
16704.951353619
23772.5956708893
496.261973929111
9099.0116048667
54347.7521103335
12101.4777438411
4107.94345160976
