71094.7711232349
13585.1257580855
15950.9728260432
17861.305845286
1032700.19668436
7943.78086034289
199575.87798957
1397906.86130514
31172.6064975619
502.714846606365
1760732.7285044
1001573.29483757
10665.734617828
13227.6627374225
82396.1295542204
143577.459361002
30683.124657406
848324.036076215
4975.76272436242
8703.14324484909
33920.8687932482
5039.99371198439
35641.6325113962
69579.1472278079
4282.70414167779
22954.6486579818
1746593.68119293
6866.75781556753
2615.11352610081
802313.610839788
7292.46072768829
2870.10911804091
155746.050822265
290624.81930173
399501.143910374
6112.71915167898
224359.27818567
10942.979768327
397194.628471193
3008.36643097675
7387.44591944462
30358.2325051212
35882.995740812
2031339.22914982
59222.588520724
23975.0199558044
11277.3405646323
1342.2472394065
1581163.98645177
10939.8162124504
1984.21410420146
