745.771256527156
686.25862060902
692.264120685759
581.082480565227
711.170036868179
725.210064206059
594.67201403568
668.822418986265
575.925395026186
713.796303505994
587.987597339306
591.94591804973
736.058480717166
623.785343728581
672.006990326973
695.624929119566
737.979500515801
704.887191201267
683.626434056657
647.978584043281
665.072801295036
566.229710910326
687.171421265011
593.930872792403
568.083930405473
735.919980390092
584.449501950933
581.211871530206
586.88400170737
696.073006117271
578.52571636529
588.059102149256
588.266621359464
610.179795637537
686.413329025831
557.101493893661
715.255735842279
587.493476917349
692.482192318451
602.423835741505
745.807523576317
577.308752749776
589.340102888647
748.486110352433
577.37570167528
596.793360386288
683.147140414175
721.19447904252
740.277679850773
605.108542795198
754.763937572099
