163.49549
59.036833
134.90339
36.741242
40.246972
79.487491
428.10259
102.7812
90.739511
14.628079
48.728242
77.576054
42.185111
61.969548
55.709063
141.59798
48.854317
148.29877
69.183324
88.322691
79.074705
149.91849
101.14389
47.621119
88.383621
166.32373
56.73411
93.745875
44.227863
51.374393
136.66535
40.127377
53.198271
41.173603
223.17458
68.646291
72.081113
64.358904
28.80137
65.045638
46.172232
124.04696
37.112855
124.25741
67.831387
198.34243
25.342226
58.624286
44.606127
31.554427
46.94947
