0.68711
1.4783298
1.6791608
1.1581033
0.42212813
0.3739416
0.39047598
0.21534659
2.2982766
0.70538761
1.0963688
1.890753
0.96972909
1.0270443
0.96659134
0.75095662
1.3174366
1.9878692
2.3496629
0.57041652
0.55734196
0.34870309
2.0840097
1.1195724
0.57491375
0.37345709
0.58194147
0.53730997
0.28157267
0.63084524
0.84522279
0.87129115
1.4952268
0.11700046
0.73463942
1.5258369
2.8352337
0.18216797
0.74776831
0.93735481
2.1306741
2.9233966
0.46576588
0.47420581
0.55961704
1.887069
0.78566999
0.36473573
3.2386694
0.94986291
1.2478415
