6856.595
10488.232
9547.1153
7593.3916
9046.3776
7524.3513
13325.826
10109.345
10142.995
13748.734
8995.2868
11044.115
7475.8843
12814.073
4954.1612
6302.0098
11558.996
8210.4988
11076.941
9580.9929
5675.2755
13467.324
6708.3691
7292.9955
6199.3396
8366.7749
5541.4408
7952.8847
6744.328
10945.46
7320.7256
8675.7267
6966.8644
11545.78
9350.6682
7500.8284
9564.1895
7042.0121
7950.0407
5081.1743
7472.8563
10407.091
7428.927
9935.4614
4741.6149
6452.7763
8436.6653
12848.869
11782.415
6512.4626
6165.6788
