19.250757
18.157798
18.513192
19.632448
16.131509
19.22986
23.092328
18.961698
24.552528
19.716543
16.64472
26.816395
14.294093
21.250862
25.526012
16.904102
15.583043
17.013532
17.663952
19.619229
17.570544
18.029594
20.472394
16.975915
18.944443
15.754191
19.507774
17.978331
22.111237
22.835096
28.197982
18.268462
20.30067
15.226955
18.030989
22.251749
23.406395
20.282242
21.926859
25.462176
19.51933
19.858842
19.62268
17.752728
19.387922
15.200297
19.863939
21.990445
18.36351
20.351238
18.54186
