1.5163262E7
9833327.1
5.9060953E7
1.6752821E7
1322742.2
1.3738569E7
7.634594E7
3.5942999E7
4.0298657E7
5.9191449E7
2.5293089E7
3.9585046E7
4.99117E7
3.4939583E7
2.7210456E7
6.6324169E7
3.4881537E7
1.1101898E7
8784316.6
2.1276247E7
2.6268909E7
6.8858685E7
5.2273024E7
3.0591536E7
3.5119173E7
1.3331224E7
2.1057536E7
5.4260747E7
4.3770819E7
5.6650665E7
2.8718168E7
2.2133568E7
3.1188065E7
3.5055024E7
2.7783546E7
3.9833877E7
4.2560804E7
3.1210654E7
4.0985078E7
3.5145234E7
4.9272568E7
1.5242614E7
4.1338073E7
1.5902833E7
2.7434312E7
3.1387452E7
5.1261398E7
7.9677386E7
4.1768537E7
2.2392131E7
4.9892729E7
