651.16517
133.8458
378.89401
60.098886
386.46093
140.76159
479.82522
121.29019
217.52422
46.89293
66.402927
119.18498
48.368881
97.782711
55.709063
141.59798
76.1026
599.12176
69.183324
89.297976
260.32772
149.91849
101.14389
412.4147
91.430071
166.32373
74.851614
134.11971
77.664861
194.42572
136.66535
48.596918
53.198271
59.198067
362.4482
68.646291
72.081113
64.358904
28.80137
95.370279
151.26531
124.04696
37.112855
150.7061
137.53899
251.30485
68.639898
136.20185
52.192957
60.716706
111.05736
