704.67045
673.56121
647.54959
690.13989
672.39272
731.3368
730.58158
678.77334
650.70959
643.04843
605.19406
662.72804
644.03897
749.25635
633.15127
595.3143
633.86366
689.76877
672.38752
706.74613
583.01344
652.6645
718.81652
635.96828
711.93092
649.55493
630.55819
636.14042
696.13548
740.69873
597.84818
669.04259
768.33839
738.1954
575.84096
650.16899
631.31954
736.93207
717.91345
732.21484
684.9977
669.39772
693.70329
646.61463
670.78849
685.24347
623.61567
754.34588
689.88946
678.63193
757.4125
