22494.462
949.83724
7724.9063
8505.6943
16520.78
5930.2821
20107.166
13204.603
12104.406
22612.848
698.76176
8318.4575
7716.9493
8110.5809
108.89718
14451.321
15942.211
24493.354
38841.662
20264.806
7707.4167
24050.514
331.77467
3769.2117
23382.583
27155.657
12476.883
209.38515
9901.5279
7142.1593
17740.121
22169.354
25737.606
21414.874
20613.422
24352.314
7974.8639
22670.268
6209.7367
21820.578
22842.278
21591.86
625.37621
9204.2034
10705.851
6579.4236
25648.098
11941.806
925.63252
31943.881
20416.823
