1328.1132
1748.1952
1498.7367
1517.9159
1637.4022
1246.4778
1366.0853
1422.156
1317.0244
1366.2756
1262.7039
545.09384
1179.5529
1562.23
1605.4375
1497.7937
1156.0045
1674.4956
1478.307
1361.8908
1383.1866
1484.8241
1511.7881
1755.3815
1638.316
1465.4465
1070.3434
1570.62
1798.165
1581.5387
1458.8178
1323.3815
1506.3496
1352.7077
1783.0395
1475.9209
1274.2343
1451.5256
1283.9936
1500.7477
1463.2756
1653.3493
1588.7529
1006.8679
1229.4507
1509.903
1628.5844
1152.3794
1120.0481
1095.0654
1435.2396
