192.50598
156.05528
180.39607
269.70392
159.81225
227.24573
108.57476
256.2931
176.23957
256.51163
277.92856
212.82778
202.00797
204.37092
149.40269
202.64261
220.85159
170.81379
249.02339
147.09317
189.5268
203.27231
406.81467
213.47971
314.00659
216.75361
247.63201
144.73582
157.99787
193.14887
233.4542
209.95123
243.28182
244.64998
110.63179
120.02838
103.14427
246.40048
185.59911
197.58636
267.80588
213.58925
252.46077
168.01562
266.27196
296.98127
292.63991
159.18367
169.64223
149.98406
99.214532
