1873.6887
2017.3424
2176.9087
2394.2555
2128.0738
2211.6105
2329.6135
1876.8766
2145.3309
2022.8003
2029.8717
2419.5846
2078.9743
2217.2787
2232.7738
1824.6402
2210.6981
2246.1751
1735.2688
1863.0604
1840.0692
2185.9129
1833.3334
2366.6953
1981.1042
2115.2401
2012.0697
2063.8475
1989.2441
1675.4112
2037.9655
2094.7983
2352.1897
1837.4138
2125.7143
2121.3828
1823.0159
1843.3579
1632.8411
2095.0561
2149.6088
2172.4792
1908.0179
2035.7025
2071.7315
1923.6699
1893.0124
1908.7437
2020.3446
2174.6157
1467.8709
