30267.469
46004.45
22004.177
28702.904
14044.794
2656283.8
74924.614
13223.903
1763.7506
181009.81
9684.9345
298783.05
24760.216
59663.046
26003.557
16908.316
20501.519
24063.749
1294.1073
92508.704
141282.04
47636.157
48513.803
1.3870204E7
25802.342
371294.3
34006.884
1449475.2
5427.1592
105863.55
163057.13
60737.889
5285.3786
24822.539
6600430.5
29214.648
1792.2969
253428.3
18595.974
71956.636
8014.8375
8645.8162
9562843.5
47509.534
23862.977
5472.2919
875861.53
350758.82
31030.634
200582.44
887734.16
