1.1527742E7
3284355.8
9030614.4
1.0351501E7
9779270.5
3166611.7
1.0406748E7
1.0615236E7
5904186.1
2984575.2
1.1901495E7
8018278.6
1.1819849E7
7451051.8
1.4869606E7
1.1697334E7
3904925.1
1.0526964E7
8169970.3
9062829.7
8504597.4
4276224.9
9507589.1
6853276.6
9784658.5
7403276.0
1.3963102E7
8388437.8
7733679.7
1.8058831E7
1.1326004E7
1.0190484E7
3501082.6
4509225.3
1.3217408E7
7459988.1
1.3441437E7
1.0426111E7
5027769.1
4721647.5
6142061.0
1.0772714E7
7784360.8
7967140.2
5433492.6
1.3926882E7
1.1750533E7
1.3717788E7
1.0937116E7
2125210.5
1.2136813E7
