322.52855
394.04544
296.41381
341.77465
521.74958
404.81849
408.6309
318.74547
384.67649
314.87933
540.23358
359.34436
502.44824
460.91745
401.81976
405.98563
321.45113
362.95825
323.01886
380.17945
360.25481
334.36918
386.22013
537.57792
381.52298
327.26392
437.83495
419.3026
282.14397
358.4413
348.74767
398.06895
367.96518
357.01945
412.44561
343.64975
338.763
343.87613
344.49951
312.15123
340.94947
293.31119
373.39863
299.70004
362.76812
361.17118
378.27496
302.46291
490.15761
426.65052
364.70953
