1824.5724
2102.6672
1772.3202
1570.3244
2838.6208
1413.8523
1402.7155
2095.1689
2438.0854
1531.0163
2187.2491
1850.8171
2290.8192
1558.1428
1739.2996
1804.2958
1935.1923
2420.7945
1652.8266
2342.2434
1529.5696
2599.8639
2063.7167
2337.9888
2512.1809
2364.7609
2207.0413
1674.8823
1880.3295
2322.7407
2468.9175
1497.2017
1430.3784
2138.2977
3462.5074
2100.3706
2296.6482
1912.7721
2166.4185
2165.4993
1680.2446
2078.7193
2685.5772
2095.2515
2368.0578
2224.1679
1781.8633
2082.5882
1736.7416
1613.7435
2717.6444
