23.675453
23.062156
28.077353
18.165987
24.395961
14.546535
19.004184
18.02671
26.821787
23.591728
23.780303
18.399753
10.874832
25.681861
23.025502
19.905912
20.586178
23.500804
20.074116
16.120441
23.692232
20.802487
20.647853
15.229125
9.8490044
12.564453
13.82927
13.994472
25.409811
12.306572
10.262899
11.766864
22.5118
19.196052
14.291943
29.889825
14.439315
24.888366
21.41603
20.01052
14.646014
27.357324
22.43628
23.059835
22.743198
13.502242
19.542182
23.999148
18.164971
10.641957
15.609008
