2.9028208E9
2.6070527E9
2.3095524E9
1.0808194E9
2.0338915E9
1.5550377E9
4.1715641E9
2.0581983E9
3.1548233E9
3.0789018E9
2.8378858E9
1.0531405E9
6.8660698E8
3.5625985E9
2.6962489E9
2.9755159E9
2.2981352E9
7.6094528E8
2.852211E9
3.5829945E9
2.3080912E9
2.9990624E9
1.8467607E9
2.3454494E9
2.0042578E9
1.2859728E9
3.0763144E9
1.8733982E9
2.5066839E9
2.1246791E9
3.346603E9
5.0087947E9
2.943194E9
1.5394573E9
4.9448996E9
3.2203582E9
1.6695859E9
1.6303748E9
1.644706E9
1.0347889E9
1.7439696E9
2.0253253E9
1.9847402E9
3.125004E9
3.303897E9
3.0028084E9
1.9324549E9
4.1551204E9
2.0889331E9
3.3838498E9
1.7860244E9
