2563.2662
2597.0182
2481.7734
2336.8005
2395.001
2418.085
2191.7515
2078.1916
2369.349
2564.9839
2104.0873
2305.5921
2596.2544
2580.6756
2487.8783
2280.7499
2607.4739
2620.3259
2099.1191
2226.0486
1718.6138
2291.1149
2468.9355
2595.4129
1745.5345
2550.791
2411.8924
2527.8926
2203.3016
2281.0277
1994.7362
2458.1489
2376.1585
2625.2557
2331.7605
2250.8059
2223.0263
2483.7769
2431.8739
2157.3546
2523.6554
2040.973
2556.8441
2323.0514
2412.0363
2542.1233
2170.34
2417.8643
2234.3259
2091.8299
2247.3936
