9986.8855
11039.02
237.22014
26938.912
4802.0919
2121265.8
60289.539
183.89607
1244.6085
180490.23
9631.0308
254092.92
12676.04
28979.403
22836.476
15589.967
10303.028
18704.386
1087.5036
37942.056
181.61481
32772.669
13158.181
1.3843305E7
25657.067
77535.057
27888.591
1446790.6
5382.2292
28189.241
35674.234
16046.796
4497.0198
18790.629
4647908.3
16986.313
1497.6856
164737.19
16895.907
24589.404
3378.3722
3947.3914
7044472.5
11303.386
23793.942
3321.3813
872095.99
99966.679
24267.432
200352.77
57955.284
