180.93459
143.61268
82.227454
171.71822
158.40225
107.75296
97.996148
260.35888
150.17376
189.36669
156.45016
145.02302
214.48144
114.9181
108.17111
102.66808
172.49683
142.46496
298.75802
60.107307
180.64494
148.10954
99.197694
121.70735
74.803103
153.1431
147.24092
131.21627
58.411069
91.718612
116.14294
47.54569
108.08061
355.48532
78.289768
108.39578
64.419291
245.55426
312.93299
116.57939
114.84552
221.9493
289.12773
134.95317
122.57845
153.59759
123.27248
416.82358
115.275
234.98173
248.22842
