27847.707
10229.241
5181.4887
818750.73
1248778.8
11902.016
1347572.1
12191.402
20563.14
2472.6227
6206.1596
1248774.6
9041.3171
3173.8249
1280554.6
9131.0325
57670.316
5613.5625
1148.0458
1264727.9
82578.85
12655.382
11996.029
817631.13
4190.7956
201116.86
1250577.6
7582.3586
4025.3974
5972.0608
3466.7875
4803.8992
19306.699
1248762.7
8381.0052
7620.7879
12463.046
14902.241
5032.6864
3162.5489
3600.3637
67163.221
5014.1409
17229.171
1248762.8
5971.6151
1249037.5
817580.39
5424.9343
16100.085
9038.7806
