12156.715
10225.675
9805.7652
11337.378
15803.204
11924.96
9956.4005
10823.083
11726.22
9341.7398
12387.371
11174.631
11713.683
9987.0905
9300.603
14182.529
11804.356
15618.063
10932.548
11916.22
11318.605
13748.775
11643.817
12287.239
10429.451
8756.8754
13692.334
12271.659
13714.676
9779.9802
11589.389
10858.124
11176.981
13305.492
10885.473
12636.999
10745.533
12910.752
10471.97
10034.22
9035.7223
10899.109
11586.368
13225.596
9670.0268
11003.355
10406.21
12303.997
11542.959
10721.619
13048.709
