12817.145
11229.543
10729.042
12104.041
16275.332
17478.563
11148.135
11520.862
12255.586
10028.099
13226.934
11953.035
14693.103
12143.471
10351.766
15104.556
12630.688
15987.77
12068.735
12532.725
11898.444
14475.955
14439.854
13455.934
11311.996
9942.9442
15232.326
13102.348
14806.606
10346.703
11818.836
11290.922
12524.73
13700.611
14945.57
13385.32
11259.569
13670.719
11420.645
11801.162
10043.994
11774.961
12343.072
14407.624
10192.991
11600.168
11094.712
13739.833
12556.973
11418.103
13430.464
