261.75887
300.7878
297.77686
280.54819
289.15226
267.78894
285.38381
287.25614
282.10184
272.41715
295.73624
265.504
273.71536
278.87601
278.68095
266.37644
293.73751
269.6801
312.38959
253.0192
278.15968
244.90818
294.29113
286.21863
281.00271
271.83591
260.7881
259.65943
273.64957
280.57261
289.63783
271.86475
275.43106
285.54981
280.75079
292.61662
281.98048
269.34838
302.80696
285.00626
303.03832
292.33394
275.43729
317.35486
282.89417
280.45247
272.98118
279.632
311.1138
272.16924
301.23791
