1471.189
3585.1818
822.66665
1156.8732
2651.9264
1675.1374
3301.0458
235.92353
81.044689
1558.1272
1738.9178
3810.9116
1371.8543
1797.1379
1993.2313
111.5246
5.5668326
2670.7683
2524.3397
216.91713
485.51857
9854.2929
56.398585
1812.7412
30.654911
219.55852
8086.4693
8576.9158
136.80651
3.318812
901.34754
276.46592
20.258811
1085.8346
9458.6932
676.02521
2678.1335
4362.5483
1182.2998
2378.1972
3048.8727
1292.3487
102.43835
1834.3759
616.56283
262.52225
4452.2385
311.22806
562.77434
5996.1893
102.40351
