101433.03
209776.24
16403.774
228459.59
110745.24
357828.73
58758.541
149402.58
77573.331
230617.65
145616.21
106828.1
242114.18
135530.98
112659.09
169996.95
799374.17
124098.73
38840.87
393138.8
400264.84
48547.398
290575.66
131404.93
93660.824
726492.76
16236.358
351217.2
34056.218
540897.36
90162.933
126277.87
74747.596
180931.45
59952.484
166712.12
431598.43
56925.523
105675.37
42619.778
247599.15
94430.974
24235.658
128393.02
584023.07
163982.92
46200.88
179558.19
248974.01
103150.94
314118.42
