177.51802
61.59734
109.0202
193.47741
84.647806
97.669572
139.48475
64.580137
73.420767
163.10793
208.07751
82.289646
172.09399
206.26
97.001534
162.45272
90.669414
216.78525
229.17593
146.51615
301.13608
70.605459
95.673387
76.12062
252.43105
118.88699
87.325625
73.106442
82.271933
44.572472
234.38917
246.00998
56.774721
203.13046
87.742194
144.08941
255.82532
187.00312
141.50843
196.64818
110.84291
89.849184
114.98189
123.04979
221.69684
81.153724
206.13141
92.337259
234.7816
64.720277
117.31295
