0.05295618
0.70079355
0.23013212
0.70020863
0.019547351
0.8261556
0.26638745
0.27685359
0.0081689588
0.63671781
0.32104893
0.76235514
0.80777257
0.38048841
0.35824379
0.46674775
0.27641087
0.028142837
0.11361132
0.41013476
0.42759541
0.46313961
0.088618354
0.25120232
0.089285678
0.04654314
0.10660869
0.066097214
0.19002716
0.1342359
0.0069955008
0.01293607
1.2079338
0.52219341
0.29486099
0.011620147
0.26653014
0.054321016
1.7711765
2.4007145
0.060474327
1.102923
0.30954033
0.27400734
0.143399
0.18666051
0.0039567296
0.47701192
0.11665091
0.01054002
0.008109175
