177.82504
64.680531
135.50862
195.94403
93.08985
98.107452
157.61081
65.146501
81.179376
163.75545
246.64512
83.441443
173.04792
211.00278
138.50494
163.46282
107.32484
217.46082
237.41521
199.97261
350.04404
75.184056
96.288868
78.026103
262.42203
147.80588
133.57077
77.537497
93.031029
44.67345
253.75976
246.07448
68.781398
204.76797
93.067329
146.48634
279.53653
199.91597
143.9195
196.7752
112.62812
90.849976
115.85467
129.99907
227.03667
116.91576
255.85218
93.171751
243.79562
69.041364
117.6301
