223.01008
232.78308
238.62523
243.21315
223.25194
225.61255
215.48882
225.52554
246.99477
218.81115
250.15719
225.29528
239.60757
222.36926
235.353
229.56803
242.49073
249.23351
235.03418
258.70888
241.42233
239.31465
225.63465
228.82735
238.44413
229.01527
226.15351
297.81895
240.3969
233.88435
245.57018
227.11968
215.3219
256.5605
237.27052
215.72572
230.11612
224.67366
222.70217
299.97784
238.50412
246.16111
296.01702
223.82368
222.8855
218.74091
233.90327
229.9701
230.38466
229.76937
229.58524
