87384.701
81284.668
89199.799
87893.094
80037.347
77503.096
87390.272
88238.395
84240.987
74140.89
98572.012
82567.186
70282.281
76590.048
90237.936
84475.544
91160.335
78320.197
94358.928
95721.745
75172.46
84381.947
88030.371
52467.275
106681.75
107082.46
78886.721
96004.261
93317.766
123444.25
96222.354
85123.123
79378.522
81973.395
101964.25
98919.113
68982.799
109681.7
90973.329
69879.703
88637.943
81195.082
84751.066
69775.304
94646.242
79062.767
126762.3
72641.608
96271.299
99197.516
77531.582
