1.2992793E-6
1.4625159E-4
0.0021977763
2.2120814E-5
6.1625656E-8
4.2249541E-4
3.7608674E-4
1.4022498E-5
6.8727218E-8
2.8475032E-4
3.0169343E-4
1.2054769E-5
4.5888479E-5
1.5315891E-5
5.9003581E-5
2.9889466E-5
5.5659134E-4
1.9068631E-7
5.813406E-7
2.1569246E-5
2.1586518E-6
2.5182727E-4
5.0461529E-7
1.3950637E-6
4.8276974E-7
9.765921E-8
3.9561712E-7
6.3760704E-6
6.4726046E-6
7.0246546E-7
1.5974877E-8
7.1573027E-8
0.010670347
8.2244719E-5
0.0031720507
1.3906629E-8
8.0433716E-7
2.3506357E-7
0.0063061891
0.039122108
8.7412917E-7
0.002498733
1.4988407E-5
4.2360538E-6
1.6727407E-5
3.4376787E-6
3.8011308E-8
2.6069505E-5
7.0963067E-6
2.973502E-8
1.8131061E-8
