6572.4417
5675.6956
5186.875
7027.1182
6364.8419
7086.4117
5771.7875
6945.6844
5711.4266
6660.8823
5994.9394
7159.2597
7003.365
6491.2073
5626.4759
8386.5284
7355.3759
7731.3438
6740.2428
7097.9085
6237.3991
7056.4086
6459.8745
6871.4766
6455.8802
6898.1146
7687.799
5955.8386
7414.1704
7634.6464
7047.689
7286.3415
6683.4931
6835.1613
7128.6238
7194.8224
6754.9761
7711.8687
7304.8543
8646.2018
5443.8943
5742.7065
5082.9509
6928.0178
6126.7057
5262.0742
6338.5279
7094.3293
7022.3348
5793.3315
6506.6923
