1.5163262E7
5959315.6
2.0050293E7
1.0637232E7
1322742.2
9216677.6
1.5509407E7
1.3367271E7
9828843.5
2.0745115E7
4518417.4
1.2327508E7
1.1231272E7
8557011.5
5357363.3
1.3902169E7
1.5101496E7
9829953.1
8784316.6
6808011.5
1.5132496E7
1.4277919E7
8412771.4
1.1661056E7
1.9579493E7
1.2218507E7
1.5415132E7
1.5794006E7
9974747.8
1.3056852E7
1.1976434E7
1.5884406E7
2620078.0
6310712.8
2.0688839E7
1.2457118E7
1.3007735E7
2.0165201E7
1.6378729E7
2.8621914E7
2.4308266E7
2057753.1
2.003452E7
1.3305188E7
2.0753638E7
7999798.9
1.0903557E7
2.3598992E7
3985688.0
1.5561189E7
7727712.6
