85173.84
145364.5
100077.95
36128.256
49330.327
88787.501
164440.96
50683.391
7404.6491
44676.942
96157.161
214057.4
57742.021
21715.468
108722.36
42957.705
50120.018
123272.91
53584.808
1183216.9
101917.37
30971.676
31199.074
50881.862
987754.64
53913.693
39947.843
64001.723
50611.457
65275.65
91656.523
80542.92
46342.773
76102.093
22239.17
215339.75
97403.913
85997.597
41776.82
93378.459
116742.47
1017566.2
157907.45
155917.63
40175.983
141799.12
27499.009
190212.5
26478.188
48772.66
45454.144
