0.45090916
0.87473961
0.4711066
0.76054144
0.12400228
0.23701423
0.096480777
0.084901834
1.6579501
0.38330473
0.52500779
0.46014337
0.40228191
0.29212669
0.49377769
0.36757032
0.94800683
0.43172592
1.328717
0.21847449
0.29620062
0.17097688
1.4358239
0.54793719
0.17609608
0.045259321
0.01725562
0.32357972
0.086746084
0.2270616
0.39223697
0.19044582
1.0137234
0.06133005
0.28250303
0.76106944
0.77503435
0.051361389
0.40720498
0.52768606
0.47286519
1.7749095
0.23745745
0.22629533
0.22845259
0.57693244
0.41481031
0.10992902
1.4846639
0.32891567
0.59370423
