1.3026526E10
2.1419066E10
1.7236881E10
1.6023277E10
2.5029649E10
2.3941234E10
1.2464947E10
1.5541279E10
2.0068173E10
2.0945445E10
2.1955698E10
1.3486644E10
1.7395064E10
1.9734395E10
2.4683266E10
1.8688237E10
1.7219936E10
1.6745277E10
1.4544017E10
1.7619797E10
1.7993861E10
2.2299562E10
2.0103819E10
1.8439144E10
1.6660528E10
1.3190282E10
2.214044E10
1.777552E10
2.2088029E10
1.5265521E10
2.0492847E10
2.9821612E10
2.1145758E10
2.2455941E10
1.7438657E10
1.7831269E10
2.3157593E10
1.8705481E10
2.2482742E10
1.6465001E10
1.6833985E10
1.7573699E10
1.2535946E10
1.8842943E10
1.9452488E10
1.9213341E10
1.6438134E10
1.9259252E10
2.0895055E10
2.3267424E10
2.1231042E10
