3.8386816
3.192642
3.9581115
3.9391727
3.4844394
2.1856394
3.0337177
2.6065042
4.1690091
3.6875601
4.0149815
3.7854341
3.8717809
1.9737786
3.7342532
0.90020041
2.866686
4.2513221
3.321217
3.4409447
3.2848131
0.32518773
4.5684884
2.7862685
1.8075919
3.7268449
4.3104142
3.6545463
3.960315
3.4162408
4.2238441
4.2596229
4.4297318
3.4355556
0.15433253
2.4485004
1.3053109
3.8954901
0.41923235
3.2509105
1.9801282
3.2425021
3.9851859
3.879076
3.8768434
4.5084122
3.4480001
4.7137504
4.225675
0.46306045
3.3510409
