2536.6677
19531.652
2394.0723
3541.1273
7879.933
2662.8457
1515.2419
1103.3481
6161.4503
1214.3485
4063.4728
17350.783
8869.9535
1910.3215
2708.3761
2668.8088
6432.4699
4092.6297
2426.0114
4206.3637
1652.9705
1685.0295
5155.3105
2573.205
3575.9326
1609.082
5484.1642
2234.2954
2979.3596
1627.8405
1978.6732
3909.3839
2022.9434
8847.9674
2676.7526
1519.5946
3475.5707
1182.4793
7007.8704
3661.8968
729.75012
3866.3251
6585.0928
3391.066
895.42111
3797.3709
3544.176
1526.0091
4361.9798
4315.3224
4549.9653
