8892.1137
25973.849
17394.389
41754.829
719.25952
35927.341
85887.528
1533.3379
16061.632
59994.391
7287.7607
13684.98
16845.154
18656.309
6241.1316
5764.9988
24097.874
12052.958
5403.8405
44264.367
3784.008
36143.799
6549.2106
23802.991
5008.2473
41204.565
34399.059
3998.9947
38730.859
260.60722
31310.744
48472.455
9145.4566
10639.135
3659.7052
27542.229
26000.404
5161.656
2879.1831
29438.493
10713.569
56558.243
13642.263
2678.5937
12954.597
5301.1493
19540.633
12402.0
19666.628
18354.897
31214.516
