410.96653
414.83158
437.80589
391.019
409.64804
383.89823
399.99204
388.8799
387.37985
389.2144
394.65484
388.76797
424.43209
388.79044
390.66429
415.68623
384.44069
427.41765
411.50067
423.08033
391.31299
415.01228
388.9189
417.61894
389.27374
390.41997
413.29246
394.90649
390.52797
438.1829
384.20599
389.09156
384.06836
414.58373
398.10892
389.76529
383.73106
388.21693
395.74938
388.83898
402.00701
392.80573
389.35787
435.58354
423.18856
387.98272
442.17449
389.77932
442.35192
388.2293
394.83403
