1.0740572E10
4.3005034E9
1.6260375E10
1.0264684E10
1.4215219E10
1.0748682E10
6.684448E9
3.5584599E9
9.2832607E9
8.0882251E9
6.5703424E9
8.7796517E9
6.4671653E9
1.3863662E10
8.4628509E9
1.0775083E10
9.0776984E9
8.0025675E9
8.9111115E9
8.3872576E9
1.0840477E10
1.56591E10
5.8998202E9
1.2211396E10
6.4500853E9
1.0847842E10
5.9768297E9
7.0701762E9
7.9716889E9
6.2003327E9
8.4256704E9
9.0427912E9
9.0308126E9
1.1188096E10
1.1097953E10
9.0053758E9
1.0537652E10
6.5502851E9
8.8920088E9
1.4466261E10
1.0816619E10
7.7844325E9
6.9051785E9
1.1760338E10
7.7339656E9
6.502499E9
6.0832606E9
8.1399266E9
9.6347497E9
7.5884274E9
1.2141137E10
