1628.4883
2317.5204
1619.8828
1352.2343
2264.943
2185.2012
1707.1597
1961.9332
1934.8853
1978.0909
1422.3784
2028.0192
1988.5133
1552.4737
1802.3362
1997.0151
1969.3404
1407.6894
1487.7153
1930.0859
2046.0577
815.16212
1345.8732
1722.2278
2073.6327
1769.6898
2176.3276
2239.6002
1850.7174
1814.8415
1714.0089
2149.5722
1292.022
1935.2751
1810.6884
1656.8798
1598.2991
1864.1884
2204.4023
2209.9972
1855.7693
1932.3811
2106.0102
2383.4392
2178.0526
1839.227
2142.2306
2439.3716
2028.9068
1906.4841
2210.2764
