28632.424
28952.166
29107.857
28624.263
29664.794
28711.311
29111.281
28973.426
29365.213
30488.95
29374.3
29346.928
29006.569
28578.337
28026.156
28959.353
29326.537
28780.573
29260.502
28896.878
29656.141
29304.654
29118.573
29002.938
29752.776
29101.696
28410.413
30121.862
28702.039
28468.381
29632.578
29589.655
29046.545
29387.88
28913.488
28380.914
27767.131
28085.735
30014.3
29141.983
28499.286
27134.253
29591.289
29615.798
29121.02
29527.704
28606.411
28710.183
28890.795
29003.307
29188.431
