1.4736167E45
1.8335545E46
2.9272318E48
1.1369952E45
1.0837777E46
3.4436437E45
8.2716414E47
9.8761088E48
5.2504677E43
1.4396264E47
1.0492064E45
2.0039569E40
1.8963213E45
2.6802212E44
1.385681E47
1.0214546E42
1.5310293E46
2.89018E45
4.2415215E44
2.8581128E46
2.1355049E45
1.0993712E46
3.3256126E41
1.48473E45
6.8971048E46
6.2486149E45
3.6948691E45
8.7276787E43
3.619066E44
3.9272405E41
6.5366168E46
3.8630716E46
2.3606182E46
1.6478397E46
2.1607089E49
8.1292932E46
4.9737381E45
2.545146E40
7.2165537E42
5.8926149E50
4.5729771E46
1.2474686E46
8.461171E48
9.1311642E46
3.2314982E46
1.7156407E45
2.6593491E45
6.6590544E44
4.6743731E45
1.1951346E46
2.2758326E46
