2321.9986
13522.102
569.48913
17910.271
508.14048
4858.2945
511.50311
4786.2023
799.15595
11434.324
2306.6865
1610.1014
1776.0673
7278.5337
2299.5309
10594.424
1306.1387
2907.7674
3047.5697
1011.2928
4247.5616
7588.5899
3546.4876
541.77747
581.92284
1093.6445
671.14466
731.86287
1590.6349
4684.3686
576.54131
1702.9708
1745.2147
8092.3599
10337.24
362.11305
2624.4488
1640.6258
2982.2364
1246.2784
892.11244
277.44461
6435.097
818.02641
2115.9405
27226.896
522.57796
16079.763
4500.9676
4081.4828
560.96297
