28632.424
28952.166
29385.167
29088.699
29664.794
28895.782
29390.871
28973.426
29962.597
30488.95
29712.34
29346.928
29006.569
28578.337
28643.134
29396.785
29326.537
29507.406
29260.502
28896.878
29679.158
29304.654
29816.557
29002.938
29752.776
29101.696
28410.413
30121.862
28702.039
29586.8
29656.497
30099.801
29046.545
29387.88
29606.472
29190.716
27767.131
28085.735
30188.455
29384.408
28499.286
27134.253
29591.289
29726.698
29121.02
29527.704
29927.53
28710.183
29263.293
29003.307
29991.958
