311.26721
306.00471
309.17686
310.48723
303.17292
310.35081
308.25253
310.50332
304.15258
324.43747
311.48605
304.92791
305.15873
308.36269
317.73765
308.35643
312.21901
316.63502
307.26638
306.91906
307.39591
307.56794
314.54826
308.68664
303.28439
311.57508
310.79442
309.37683
302.91137
305.14544
306.73585
306.37482
305.11818
306.82789
313.2952
304.55399
303.43717
312.3933
315.07791
300.05141
304.65457
307.41922
305.27344
312.00455
305.36875
305.24956
302.73226
304.40451
310.76166
301.7227
304.772
