534.6375
582.9154
526.56954
584.43015
619.29843
631.51369
682.57469
752.71525
541.17416
933.89518
809.1529
802.57526
788.71123
689.31317
847.35769
894.2692
590.07325
883.19306
593.27151
759.64299
795.71689
836.20897
635.43758
735.31827
611.21833
604.69128
840.61726
771.72361
632.59993
715.35861
575.71768
714.73403
534.99389
637.08308
551.76456
643.81795
814.26266
621.09301
726.26643
751.71178
550.34804
570.18705
680.87819
556.29116
772.21371
679.51005
630.02773
779.32223
939.92057
666.1756
704.69384
