509.93996
402.15689
553.51984
543.22786
566.04862
475.25729
496.04446
430.75547
446.27182
590.92066
460.0644
409.00149
448.84167
597.0141
589.3067
443.38432
512.1028
422.66585
532.99387
468.34094
500.24324
457.90765
478.04526
481.72186
499.78089
513.40776
528.46959
471.93809
469.39219
497.13796
489.64486
506.27505
572.68958
447.56837
530.37736
471.09641
443.61874
495.31569
456.07211
481.79066
517.81256
432.25515
441.06699
509.87792
484.48878
592.84444
496.72562
488.44385
475.80162
462.48967
766.22426
