173.17417
177.46099
142.72477
163.42432
154.90085
173.26629
149.29554
157.42192
136.08253
161.95446
136.84006
128.58833
172.41327
142.87287
160.16333
172.04217
181.05885
139.27077
132.05822
91.564853
148.40823
206.58963
173.24296
165.25621
162.05775
155.08088
158.98715
170.18437
126.82665
184.65661
173.35473
149.45329
150.16714
138.93716
165.1537
128.26283
170.0124
178.71383
95.574062
126.87534
146.00233
148.18562
167.87714
159.40315
191.58803
150.14911
99.05061
131.34736
160.30475
159.89792
170.21068
