679.02164
699.62056
679.16842
709.5801
660.76189
704.6387
747.39295
750.82167
761.56017
656.90328
658.2841
650.72071
690.43358
693.93821
683.49105
635.92518
695.2408
681.33768
680.99421
624.35609
672.78319
675.96429
745.4988
641.87434
644.53472
602.90752
714.48228
649.91828
699.84573
697.71796
664.84863
674.67306
654.5506
683.64442
651.43943
662.24922
653.15037
664.32441
639.02371
718.18793
643.6101
644.24488
657.99423
680.51494
699.1691
574.87823
666.64652
632.04614
646.00111
658.21272
725.12556
