1.0967462E7
6785079.2
1.3963964E7
9786500.6
8869396.0
5290668.9
1.3319751E7
1.0369171E7
9970100.0
1.2051161E7
5440737.6
5995644.9
7936858.4
1.1942657E7
1.4459304E7
7200296.9
8220474.3
1.3370385E7
8272954.0
4654265.6
5046884.1
8076087.4
1.3388131E7
2881141.7
7700124.0
1.1204516E7
1.4303851E7
5622101.1
1.6927906E7
9538424.7
7185851.5
1.1235377E7
1.0472318E7
7355595.0
5519780.7
9392304.6
8275894.9
1.2817241E7
9814533.8
4151456.0
1.5619431E7
6812951.2
1.6018823E7
1.0199138E7
1.5013377E7
1.4182624E7
1.2159528E7
4323966.9
5877279.8
9486757.5
1.0383754E7
