6942.1915
9670.1918
81.16754
25965.213
2662.7628
2121250.6
59192.227
183.8167
1242.3853
180421.3
9630.6144
253061.63
12399.717
28686.873
21557.394
12856.376
8455.9408
13837.257
1086.4743
32165.883
181.12239
32772.166
12904.223
1.3813404E7
25651.354
77534.858
27866.654
1446734.1
5378.7754
27783.474
29603.045
15939.634
4346.4426
18658.731
4599713.5
16488.131
1451.993
164648.35
16293.968
24587.972
3376.0572
3944.2023
6617323.7
11205.677
23792.455
3304.7867
871877.53
96753.576
23949.051
40220.631
57620.905
