320.59629
369.94336
314.45925
380.0554
328.13044
300.6816
450.0426
357.07113
285.59525
357.63018
398.68546
449.92379
358.73945
313.5087
322.95182
367.55329
276.99212
377.03909
329.72914
299.35145
352.74436
326.94697
413.72171
318.97531
305.2799
317.18209
344.90853
295.41235
375.23271
364.35876
330.09865
353.37517
285.84059
423.2236
376.99782
294.04749
358.65124
300.22436
331.42962
383.11385
261.31328
412.40213
431.68561
320.94609
286.05431
318.44771
365.34762
280.42487
288.98292
371.14052
374.09217
