9.6592061E7
1.1058977E8
1.2022352E8
4.7276944E7
1.303782E8
1.0758052E8
1.9779572E8
9.8712445E7
4.4822099E7
9.4395387E7
1.1268477E8
1.7492787E8
1.0406727E8
1.3606343E8
8.7836134E7
1.0201104E8
1.387272E8
1.0072468E8
1.5314698E8
3.2229281E8
1.8936278E8
3.0190432E8
1.5858568E8
7.606307E7
9.4463052E7
6.8921325E7
1.9711898E8
1.2639428E8
1.877237E8
4.498435E7
1.5069851E8
2.3350146E8
2.4333269E8
2.7797714E8
1.3126888E8
1.2420965E8
1.4238765E8
4.2629912E7
1.3089137E8
8.7710334E7
1.3664143E8
1.117019E8
8.3971502E7
2.8292887E8
1.2431968E8
1.2729878E8
1.5034185E8
1.3470406E8
1.4149899E8
1.0852825E8
1.1128351E8
