1.2672976E13
3.6821125E14
8.5268939E12
4.7957988E14
6.2718837E15
5.0111137E14
1.7819682E14
2.2361486E17
5.7487913E16
2.6662104E14
4.0193154E12
4.0068383E13
2.6321287E17
3.1891387E15
1.278547E16
5.2673282E13
3.9990676E11
5.1690957E14
1.2971747E14
8.1802701E16
5.9304432E14
3.7839443E13
2.6904184E11
2.3380544E13
2.0666823E15
4.5289165E16
4.4347335E17
1.2446643E14
2.4516473E15
5.0212934E17
1.5686092E18
2.5884123E15
1.5375758E17
6.7710924E12
1.3089862E16
2.4497239E15
6.5312258E18
2.2393568E13
7.6743452E14
1.0998485E13
2.530884E15
1.251109E15
8.3570642E16
8.1608862E11
4.2917032E15
5.6688697E15
1.2034855E15
1.082208E13
1.101894E12
1.1337196E17
3.449426E14
