163.49549
46.352619
100.74088
29.97238
40.246972
79.487491
188.41217
87.074085
77.744556
14.628079
48.728242
67.597736
42.185111
61.969548
55.709063
141.59798
48.854317
148.29877
69.183324
88.322691
79.074705
124.6837
101.14389
47.621119
88.383621
110.39685
56.106696
66.133555
44.227863
51.374393
136.66535
40.127377
53.198271
21.189386
223.17458
57.477076
72.081113
64.358904
28.80137
65.045638
46.172232
124.04696
37.112855
124.25741
33.468786
137.9625
25.342226
35.771058
39.475424
31.554427
46.94947
