159438.01
92462.952
98813.997
77957.126
134260.03
88725.112
66721.846
210454.6
200005.51
87435.972
66897.131
125271.0
282392.86
34824.303
89965.267
250956.39
82748.526
124802.77
175448.5
88301.474
144463.81
230876.67
214527.51
36628.033
34574.961
56832.882
253319.92
97035.074
180262.28
98112.12
136422.69
153471.98
77951.679
93413.974
45394.177
150793.66
151984.78
138191.9
147577.46
52310.642
216730.93
53758.214
59162.966
200132.28
253203.58
114040.36
102325.16
67107.163
53426.589
74638.341
131459.59
