2.7570057E8
1.191652E8
8.382472E8
6.8562154E8
5.3631557E8
1.1864357E9
6.7699052E8
5.202292E8
5.4457448E8
5.2889047E8
6.0681508E8
1.0254266E9
8.2635896E8
1.4018893E9
6.1284878E8
1.7087618E9
1.3209434E9
1.3053092E9
5.5532909E8
2.4798793E8
2.9981259E8
2.9184892E9
6.5873853E8
2.3286744E9
1.2408033E9
9.2410073E8
5.6395462E8
6.913357E8
1.4498226E9
7.0354233E8
6.5865364E8
8.035335E8
1.6273887E9
7.7967094E8
1.4822034E9
1.1820324E9
9.781019E8
1.0011641E9
6.8858592E8
3.4205756E8
1.2253496E9
6.1452274E8
6.8357346E8
1.0871006E9
1.137244E9
2.2765663E8
7.3136835E8
7.341335E8
7.4881663E8
1.8791132E8
1.1761077E9
