3173.9012
3352.1598
3220.7746
2463.7205
3404.8061
3390.0669
3333.8497
3488.7674
3496.6846
3790.8886
3429.1266
3287.3424
3373.7996
3045.8249
3417.7077
3241.444
3492.7204
3154.296
2917.7275
3371.5411
3479.1803
3533.9165
3492.9697
2781.6568
3668.5685
2990.3666
3346.1714
3282.2162
3170.4637
2544.4191
3767.9164
3412.955
3181.7931
3178.505
3542.905
3006.0227
3944.9117
3326.2178
3499.2855
3168.028
2961.6099
3163.1182
3672.2985
3003.3807
3413.591
3375.9133
3190.2857
3196.6423
3658.1847
2949.7618
2805.7064
