3.7837072
2.9690247
3.7763135
3.7503304
3.2316252
2.0163591
2.7342198
1.9632953
4.0280699
3.461765
3.9041697
3.4591985
3.727278
1.8013675
3.6190939
0.58959748
2.6814876
4.0370735
2.9924602
3.2877561
3.1004917
0.20700598
4.4713267
2.5814991
1.7107558
3.5846202
4.1340224
3.4565364
3.8189299
3.1311178
4.0320921
4.1110026
4.3529251
3.2471591
0.15433253
2.330647
1.2323275
3.7693808
0.37672974
3.0675237
1.7865861
3.0669318
3.8465053
3.7748956
3.745546
4.2777217
3.237306
4.6716173
4.0218658
0.46306045
3.0498358
