4.1602306
17.194514
19.685955
13.247235
17.871478
7.0123434
6.976952
7.5421239
10.742055
7.3905144
8.2140059
13.141306
4.1878764
20.705708
8.5773303
11.050417
5.3969045
16.845957
2.0338778
3.4078557
10.26776
4.8627244
17.194548
5.8748517
2.1136699
2.4440097
3.1143781
6.133351
12.493682
5.0262822
5.0140362
3.1926036
7.3175737
1.9977731
9.7595111
15.749873
5.1282257
20.806938
2.3413615
2.7943228
6.7452355
14.894067
10.453976
4.7836465
19.726576
9.9520714
7.2032717
10.767647
3.0292825
3.0285069
6.8583537
