568.19416
338.33284
458.33563
249.16494
958.61056
307.47723
1316.6694
11.491013
312.54697
369.65222
1399.5104
83.684406
322.14633
773.11172
538.95551
746.74457
769.12584
249.64871
303.56117
1092.5754
384.79547
1548.073
830.78121
78.336983
1139.9958
591.68756
214.44479
231.63373
507.89556
462.74184
171.31351
591.26043
301.61534
389.93385
231.55633
659.43809
1321.5688
644.37075
369.48727
634.84008
265.63583
105.90021
296.38104
221.21501
1048.175
322.99091
354.8815
215.58911
509.17666
50.600517
707.34627
