267432.21
256334.81
242148.96
251191.81
259826.67
229153.58
261531.42
239797.84
271056.74
266978.93
225658.5
249417.58
248883.96
241230.1
258355.28
253021.07
262672.11
239465.95
237124.49
243899.04
221964.09
271310.87
240061.95
287779.86
287936.35
252597.49
260125.74
240984.59
242097.6
287838.5
239867.71
239753.14
262504.98
242428.61
225177.36
264864.12
237669.71
266922.82
204921.61
280258.61
264480.86
288725.82
288065.78
256175.25
239202.31
259026.86
205463.32
276013.0
224166.8
235335.07
261038.4
