21377.418
28296.377
28977.426
23491.409
28341.925
23061.335
22490.243
23555.502
22302.154
29775.955
28669.594
28940.073
24503.665
18809.663
35920.446
21022.644
36255.615
26450.615
29620.364
30142.678
29124.145
27401.418
24774.997
29287.499
27770.835
23567.278
23677.141
14307.817
33606.408
22558.303
22797.284
25577.394
43030.746
24329.526
23485.368
26601.618
30368.014
24447.832
30832.238
24150.05
21438.341
45045.069
32221.481
18505.665
26809.181
28058.583
35843.11
31774.804
28760.373
28153.421
34746.203
