1945.1836
1954.4428
1650.8396
1837.3024
2211.8661
2252.8974
2080.4884
2059.044
1957.8699
1821.8299
1920.4874
1927.3668
2166.1527
1975.3582
2259.3889
2121.6575
2044.1813
2290.3944
2099.1191
2000.4679
1718.6138
2291.1149
2203.309
2151.3903
1745.5345
2214.7877
1953.8645
2182.6453
1980.9062
2066.913
1495.5716
2305.589
2361.294
2261.9337
2157.8225
1732.7971
2189.039
2111.6733
2299.3772
2157.3546
1978.6264
1720.0307
2449.7786
2153.6298
1918.225
2051.912
1933.9425
2218.2116
1843.989
2091.8299
2247.3936
