78.417008
32.347556
119.3537
125.82429
77.540502
27.387199
105.37333
50.529751
145.65502
39.182827
18.905016
46.694588
24.734938
48.063131
176.13884
54.020521
45.230353
22.506502
64.439627
37.482786
163.34981
42.076741
43.957895
25.309141
31.342573
151.14481
122.90958
40.765317
132.0359
106.35145
90.080089
137.63153
38.510984
88.369655
119.5256
138.7848
51.10073
57.268415
59.89704
38.765887
135.73648
99.798513
36.341286
44.071374
98.854257
38.368119
92.49392
43.381372
123.1985
44.107997
86.124029
