984.65767
759.49206
1015.5412
935.39939
1057.4986
916.49141
1005.5115
1005.9092
916.76614
582.14042
1014.3076
980.35616
955.1924
977.61267
1018.0799
970.6327
996.98249
1120.6166
1027.965
1021.7808
967.07984
551.44954
1141.8158
1022.7933
914.01317
961.66181
714.12636
963.49194
1083.5354
1043.8396
992.4657
960.35168
845.93195
973.75581
1074.2937
956.76435
1030.8522
972.72077
903.99144
903.92429
943.19257
1015.3458
982.41536
1024.3408
981.05191
656.15079
746.78972
955.8681
963.71813
979.85054
1086.1566
