204.83927
228.18132
228.55039
222.70681
235.37516
249.30571
252.75661
235.33965
240.31789
224.2227
207.37638
219.6554
197.15714
200.39385
239.94156
250.50619
234.285
201.24724
218.46352
207.49512
225.71186
222.66161
213.89071
225.50661
205.48901
218.68634
212.69649
237.81202
228.20715
244.4513
220.69202
235.23244
231.01258
229.44876
217.38543
228.63779
231.03013
222.31014
245.24281
223.98601
202.42483
211.67398
232.4425
219.07746
211.39364
251.71968
243.5268
249.50886
230.74174
214.0514
233.20034
