743.90526
715.93513
905.54004
691.46762
581.09973
879.78694
808.07392
746.47442
737.37299
894.73692
853.52929
755.77618
735.69889
768.28495
670.79607
784.42818
677.35488
869.60772
801.51568
885.64752
808.4696
659.18172
944.386
876.07353
736.92929
840.21884
906.96967
813.59766
687.49637
851.29401
824.00463
657.50442
836.04804
668.83261
846.40279
799.96846
797.12525
1027.7394
918.08967
820.64549
680.29047
886.46366
654.04116
912.91031
749.63509
698.97244
752.76927
730.25747
769.87707
664.77023
629.86829
