71.616716
126.93726
118.16762
121.75735
112.31243
66.655867
118.51486
64.322606
70.146368
95.071149
107.27592
88.295155
111.46189
91.280637
68.719001
68.173072
84.233591
96.285442
72.541275
116.74386
73.864079
90.029432
75.075233
82.782283
120.65324
75.719912
113.69316
87.816649
73.367623
116.06726
110.90281
112.64995
115.64283
74.529132
34.5042
116.40352
116.11492
114.47154
114.12301
74.747822
109.47502
80.956077
77.382221
114.48204
76.286086
73.558799
90.105513
154.87043
139.71138
71.841638
85.196085
