5731.0013
2822.9933
1583.2754
678.57794
947.08468
327.19726
16048.946
586.75711
1571.3846
10946.715
390.3862
22954.733
6912.1795
7778.0579
2726.3478
6492.5997
219.04405
11212.037
9449.5259
7965.5566
12538.968
16706.352
15420.858
15813.772
725.33386
656.23761
3625.993
2745.3392
11301.965
25116.381
4894.4895
1356.4552
10093.063
4772.2048
955.36005
5155.8272
3339.2096
4098.79
5743.7413
1858.8619
6436.1056
5853.2422
13210.698
1881.713
5989.9209
13994.078
5743.2151
13398.46
17466.489
5231.1575
5673.1836
