1613.5979
1103.2742
1363.6269
729.33197
1311.6789
1039.8903
1500.1387
387.80018
1316.1109
1218.5586
1450.6325
1200.6849
1278.394
1217.9589
1471.8756
1197.5432
1620.1207
870.23341
1053.7896
1547.8614
975.42349
1679.3923
1275.6873
703.65764
1443.5452
1456.8532
629.63192
886.43572
1460.7554
1219.9905
1219.879
1456.9834
1334.0897
1307.6453
722.15946
1218.8423
1632.9754
1230.9055
977.57443
1487.1953
1048.1513
470.23572
885.937
888.96684
1567.1721
1249.6834
1264.4501
968.11537
1054.4655
657.57811
1554.6555
