97.610848
119.66372
108.19827
178.29485
172.00416
169.4343
181.87921
157.47886
183.83665
197.59322
59.786487
186.33108
190.3519
191.89937
150.87164
173.41794
64.191392
142.64084
215.5733
197.99229
139.76893
139.35517
165.06184
148.34637
182.9329
162.07871
167.15904
182.29881
160.27013
171.30965
176.93162
106.79021
218.6974
196.85995
205.22823
199.18092
71.494316
152.80949
163.08665
200.95883
103.58055
93.479544
166.11624
186.01912
200.46871
186.2485
153.04647
159.14315
185.85032
128.39789
188.04125
