7695.4038
8759.4764
6739.3049
3366.8434
5582.6054
7466.6229
5969.0373
5856.2899
6306.1973
5924.8515
5421.4957
4938.8085
5874.0365
5559.88
12762.424
7542.1554
13198.04
11910.964
6202.5957
12513.487
24536.211
7908.8262
3516.0378
8747.3325
4909.46
9179.2413
11894.42
6977.9675
6128.8964
3209.4061
2331.6719
13432.471
8293.793
27577.89
7378.3765
7016.3004
3248.7174
8000.4891
4542.0281
3155.5979
3622.4299
18882.118
7314.6357
6338.5427
19188.818
5290.0448
7093.1258
4873.1007
5736.4254
7097.4835
4961.702
