83.606162
90.82722
76.66343
83.752589
111.2983
110.79023
75.624187
99.509392
130.36938
88.242962
87.136224
109.32011
100.67369
84.820277
86.882184
88.499657
86.189787
102.4819
96.505468
80.76197
98.960937
69.036952
85.741859
84.923643
132.88378
104.20172
112.70329
84.427064
85.067052
113.53065
104.71372
108.45058
85.745436
100.49118
111.80128
73.898125
99.529545
115.42399
102.52209
127.31888
63.504664
86.561405
80.507362
84.109091
86.787025
105.39722
111.44855
112.64995
97.52392
87.631864
75.387589
