2355.7631
13532.725
588.14962
17916.41
520.59374
4901.4878
516.42451
4851.6221
810.97829
11441.691
2329.2996
1748.0151
1788.1566
7366.6153
2392.8
10726.874
1317.2815
2927.1751
3071.5764
1044.3018
4282.7593
7609.0039
3548.2874
568.12826
599.32089
1106.5968
674.22646
749.75417
1764.0698
4697.0427
624.48821
1746.8615
1767.3876
8136.1002
10344.567
407.05107
2629.9041
1651.6124
2990.2741
1292.1695
937.11383
354.81753
6468.6023
829.24415
2367.2843
27245.615
557.76275
16177.862
4758.629
4130.5261
603.17781
