42.279207
26.646673
29.486799
43.224043
35.475785
36.394777
30.989845
37.938657
32.53646
40.238989
35.610413
38.998619
41.932223
35.084433
41.645323
39.202611
35.764383
40.785208
30.180711
40.277564
33.923082
26.704418
28.476367
38.512159
38.047774
36.121973
31.018656
37.007907
27.203362
32.738728
34.559061
34.169852
41.91411
31.622012
38.372221
42.421712
33.532424
32.30949
35.314689
40.261104
36.572056
34.031698
38.513743
33.764655
38.009106
37.221699
35.106491
34.465121
29.822731
40.564926
28.701678
