1391668.0
6921903.6
1290753.9
5837445.0
3992923.3
1.6159923E7
552699.87
2192061.5
579600.25
868653.33
4104659.0
4213015.8
9196350.5
7020138.7
1753492.2
4.0453029E7
3937027.9
1233300.7
91691.989
1704723.6
751880.02
1046548.7
2612362.5
5.1287618E7
184153.5
3203093.7
3625420.9
2.094633E7
2265997.5
2005253.6
3168504.2
1.4022658E7
3196643.1
2594044.2
3.3578685E7
1549991.0
843864.18
1.014967E7
8300071.3
874487.63
398695.83
477205.37
1.9311774E7
2245723.3
3326435.5
7313422.1
2295904.7
1.7025349E7
1.9969459E7
1135175.4
2047779.7
