4.6860147E17
1.9821805E21
2.7356376E18
2.3089229E17
3.0557265E21
1.4565343E22
2.4980728E20
1.1415689E22
1.2157558E19
5.7073716E21
1.7125993E17
2.7874742E19
9.1130635E19
1.9938417E18
2.2109097E19
8.930137E17
1.1667938E18
1.7521796E18
1.9357136E18
3.9127057E18
7.3954945E19
8.5756716E17
2.5339547E17
2.1009112E19
6.0326426E17
8.7190294E22
2.1758786E21
9.3702484E17
2.0686454E20
6.5199118E20
4.4119287E21
6.7355516E19
6.315008E19
1.8948593E18
2.3659816E19
1.5534413E20
5.7461327E20
1.9064502E18
6.1684103E18
1.3272109E17
4.0623842E19
3.7348226E18
4.153558E19
1.03827E20
7.309186E21
4.6810664E18
9.3042326E19
3.0240292E19
1.5155194E18
4.6904688E18
1.9860522E17
