240.56157
238.75211
255.64632
258.16196
269.28833
243.77769
288.53852
241.13844
269.49281
276.67782
288.11135
266.31695
233.20168
288.22442
269.72841
254.91806
266.26903
255.75785
235.15297
270.86697
256.70926
260.13109
259.56771
264.48949
233.44976
235.72608
279.66672
245.50336
240.32264
244.69424
312.91434
241.62
297.08871
247.59939
307.745
266.98034
273.7034
245.1791
267.18777
230.84325
254.01583
285.32599
293.97704
259.30732
287.60663
275.29606
284.94119
271.8704
283.00863
277.05764
258.04485
