116632.71
99284.961
113087.15
109570.66
127106.51
159518.57
131793.82
128335.58
170295.03
123144.23
132313.57
150491.67
161419.25
93642.344
105400.39
145646.53
110511.14
157215.38
162480.91
161744.5
111961.26
187352.94
168719.81
122913.05
141604.36
130414.13
109714.11
84082.771
163136.86
141269.75
111938.31
117572.37
165248.53
106076.85
141349.28
103804.77
159319.7
141762.58
149821.16
115222.42
184229.16
156576.32
144073.74
170649.81
168890.42
139246.24
127637.49
95412.424
158076.79
80957.713
120667.92
