331280.65
2286667.7
1170007.4
1251180.8
616425.39
469250.28
1177833.0
883674.55
1091809.3
357203.09
1532255.3
2510038.4
691736.8
2372266.0
1471687.0
429436.46
644611.44
2232475.2
747782.06
432795.73
348404.34
289713.24
2129213.9
520501.57
1021499.1
360097.12
3039763.5
3348254.9
229989.48
1682026.3
578599.24
1346445.0
1292419.2
758078.54
1929541.5
451175.45
2299120.7
154661.33
475537.8
212465.8
618695.91
1421754.5
914282.05
2319654.7
230285.35
1081740.8
582131.86
381273.42
684294.74
1310147.1
4605208.4
