31126.611
848661.18
110010.91
30493.038
30880.087
1.2738205E7
76446.086
14703.283
6740.2977
181720.06
9807.7856
321135.36
28652.491
105184.07
27119.236
26917.706
20600.406
24922.444
1320.2146
193239.52
142239.17
175992.72
50763.02
1.4062709E7
26946.326
371891.2
34825.738
1489709.5
78334.464
113337.4
205504.23
121833.07
5452.9606
37030.489
7472695.9
32710.966
1889.4945
272529.79
30501.709
135681.06
72769.447
9476.0594
9581669.0
56385.837
36904.472
7990.3791
881660.56
526454.07
41755.569
201239.82
952428.08
