30.023865
19.830503
28.894547
45.249071
30.366919
26.068146
51.678875
28.466286
39.833925
31.366353
45.743485
21.853088
46.086954
35.005691
25.929683
29.358892
26.308191
33.172816
28.57269
90.065618
36.124833
22.573609
19.233226
36.16262
24.292297
31.026866
35.975181
38.904107
25.858552
45.94769
35.847758
37.29685
27.045622
41.637818
131.22659
126.09961
32.120175
43.005052
31.897639
28.034864
25.66418
27.614596
48.107263
35.518742
145.7129
26.941257
47.247733
31.142833
27.080582
131.88588
42.907256
