19553.512
47568.801
25617.189
25610.48
33783.774
30470.869
36049.173
41369.189
32992.79
39235.108
44120.1
28416.314
29673.542
33441.952
39297.146
39919.11
37231.527
37250.291
40984.238
40530.265
43697.335
40335.447
35030.271
28647.683
29736.984
38670.022
37372.231
53126.488
34999.89
34629.243
43465.222
42578.97
47688.506
41385.656
42988.098
28804.246
53805.824
40312.118
46675.532
40985.066
42721.775
26028.637
43758.829
22288.266
43626.838
27718.095
18430.805
52750.15
43396.646
28993.13
43956.39
