426.73672
476.30404
472.89116
392.88903
933.70528
417.47567
480.78798
477.05641
433.6684
463.54646
596.08662
483.59013
507.06978
478.16854
499.77187
460.19843
483.55599
1048.6197
453.56304
419.88633
451.58462
384.2908
1060.9297
504.6781
441.70687
473.30569
389.89002
378.26054
961.74677
460.66997
465.16225
437.93154
322.23598
528.98694
508.82659
369.80802
547.15586
470.77873
455.9166
402.35288
395.35639
512.18525
482.56211
884.30304
374.08468
331.76053
435.71236
411.55976
485.05036
434.83704
893.11529
