8968.9582
25976.34
28101.885
44579.79
1484.9506
36359.982
117205.95
1646.4745
16066.156
60052.593
7432.2351
13903.833
17416.413
21773.018
6244.4807
5769.9439
24210.609
12132.713
5503.2152
44851.192
4795.8233
46045.823
8496.7889
23880.769
5216.744
41461.504
38222.042
6680.7244
38764.236
327.91123
31781.307
48515.168
10517.128
10663.824
3790.5577
27857.876
26084.579
5327.364
6783.9342
29564.561
10782.569
56578.503
13711.286
2740.1402
13124.699
21989.078
19542.202
12541.013
25725.736
21911.912
31258.972
