2277.7213
2907.2836
2865.9109
2504.6355
1844.7827
1207.7366
2487.1631
1884.662
2299.8885
2645.1469
3373.6312
2035.9364
1830.409
2368.2068
2266.0919
1753.0575
2219.4006
2067.6006
2758.5608
2466.358
2993.7345
2335.8561
1835.2925
1930.3632
1958.2005
1948.0772
2552.4104
2805.3377
1826.2845
1785.8895
1948.1968
1954.9174
2096.8901
1398.6012
1047.3487
2662.7949
2775.5201
2134.4958
1633.9652
3172.307
2392.181
2053.2676
1924.9128
1809.0835
2329.0931
1635.14
2164.3968
2497.5689
1868.3856
2152.7905
2345.4193
