1961.6883
19479.257
2382.4114
3179.825
7487.9336
2631.7533
1333.0724
1035.1096
5069.2686
1198.5048
4011.2044
17306.16
8847.0476
1890.4246
2596.5262
2500.4128
6389.826
3824.1436
2323.0172
3909.6793
1519.371
1667.529
4921.6598
2493.4419
2967.519
1239.1645
5290.6204
2158.4279
2778.7524
1596.2725
1942.7097
2321.6174
1870.8081
8766.5637
2651.6288
1401.1482
3354.4107
1016.6261
6961.2857
3597.6614
678.79725
3173.8454
6515.5394
1203.9126
865.53197
3785.6519
3132.6473
1402.24
4296.3416
4269.0982
3362.7507
