395730.59
1408343.1
171771.08
212791.6
161346.7
1092226.8
1135810.6
1934716.5
202665.46
1428302.9
300430.69
1816697.8
833982.16
632350.23
922840.59
107283.64
725353.33
557512.3
220478.57
3325854.8
614623.25
438350.2
347099.81
192259.04
3184024.3
942538.1
99702.596
217525.46
699340.71
447502.55
866786.32
1456461.6
106987.93
113630.26
155586.98
1450184.1
288059.4
470961.84
1295182.1
833218.87
711557.43
1991023.2
2075855.2
472032.53
498830.37
475924.94
160302.66
2198756.9
177531.82
378396.8
600066.11
