520.41744
500.21053
520.20638
543.64533
505.80758
508.11248
565.10063
638.3726
506.61545
823.81201
769.52092
709.06109
717.5205
564.68413
643.85922
727.60304
587.00288
792.24811
587.6729
602.43647
764.94853
766.36192
629.36746
702.56159
561.15947
521.51558
750.26006
594.81754
629.8955
602.16978
561.57129
709.85726
526.28206
626.1027
531.49204
563.64601
751.33787
525.42486
723.98846
666.19974
537.40337
566.35579
629.37024
551.01867
765.68147
551.91489
552.61514
704.62739
714.75702
657.83814
630.17932
