1.9753243E21
5.5737381E22
2.7646476E25
2.2540364E24
6.044572E24
2.3934187E27
1.295939E24
5.6955065E27
3.824759E24
2.5122614E26
7.9035502E22
1.5746497E24
2.1574061E23
4.3722697E24
4.1132728E25
1.571854E21
9.9297614E24
3.1913307E23
6.3509394E23
6.4000792E23
5.9484921E25
1.4025268E24
1.835468E22
4.2749133E24
2.4855559E24
1.1653277E26
2.627619E26
4.6265898E20
2.4091498E25
3.9096539E26
1.7898507E26
1.0682247E25
9.1695601E24
2.8134707E24
3.5647592E22
1.9105596E26
4.4393805E25
1.2780565E22
9.1765021E21
1.0532034E21
1.2180964E25
1.2683983E24
7.746836E23
1.835865E24
1.327774E27
2.300198E25
6.9747336E23
1.9018214E26
3.68357E23
1.4507338E24
1.2349973E20
