45.082669
36.962326
102.84669
200.35343
129.37158
138.76162
57.36632
110.68918
63.211308
167.50515
58.436335
82.232875
44.752348
28.547901
115.98584
51.329224
103.00986
191.40312
114.84096
89.073914
43.507611
107.39701
64.129191
117.00484
76.055905
146.03676
93.265598
29.930134
105.83256
39.156845
55.584138
114.89665
93.546787
97.110233
118.57508
98.348134
47.879484
94.46234
150.14939
95.787348
140.60711
100.0047
110.6045
47.580281
112.65611
39.017466
120.41708
124.78312
51.599781
46.408556
47.77174
