1220.4406
1416.8622
1543.6862
514.19778
1183.1349
1065.2513
545.45518
911.31415
909.09775
1129.8763
1225.3589
547.30864
927.96588
585.35225
1297.0551
408.14729
698.92038
776.77066
511.64614
491.25225
1185.4165
1388.4113
977.31101
593.73968
1324.3097
641.58622
829.41016
1089.3469
787.44705
656.2543
1080.592
1183.6529
705.84295
932.84566
699.97094
821.26825
656.23319
905.78445
912.02862
1203.9902
661.18136
631.00304
577.15365
408.71184
852.53848
978.57876
981.10344
652.51314
1296.0471
765.55553
454.76349
