5730.5979
2815.533
1583.2508
591.9562
911.75884
313.06842
16048.923
583.86366
1563.8923
10909.59
328.32105
21812.296
6844.1578
7778.0575
2718.0288
6492.2594
218.60648
11199.002
9445.8869
7959.7161
12509.618
16676.497
15196.32
15803.853
721.92035
639.67604
3592.5225
2735.1386
11243.07
24253.619
4832.1281
1308.9862
9973.2127
4771.663
902.00449
5140.7771
3165.5769
4067.9608
5687.3861
1855.2308
6433.2058
5850.4851
13206.687
1872.2083
5426.3212
13930.01
5704.8192
11794.394
17461.301
5231.0855
5566.8789
