3482793.0
4055577.1
756316.22
2915420.1
6360875.1
1.2269879E7
3626105.8
3015980.1
6022254.0
891516.46
1341651.6
7436872.0
33306.588
2798181.5
1834157.3
4532464.4
7309380.7
1.5351271E7
4231994.3
7929350.2
6241871.5
1530424.6
1168775.8
5852998.5
7171591.5
1367207.0
2537167.7
1.3406288E7
2949586.2
1216774.7
1178033.2
4152497.5
1870421.7
6120863.7
1564028.8
758998.5
4929368.3
562954.97
4415716.2
8547698.4
5476623.5
7084206.2
195734.87
2279270.5
697514.36
1532354.3
1989567.6
2879447.5
1206273.8
1042308.8
548101.22
