1862.7922
4092.9836
1466.7859
843.91264
3627.0699
1847.2252
7558.8313
6148.7499
6143.6783
3324.5975
3139.828
1118.5767
958.96738
6112.7633
1415.7766
11192.659
8978.0915
768.52821
931.42226
4795.2679
3084.6036
543.52384
5556.1807
2595.5268
5934.6894
2038.31
735.96297
5532.7311
2619.2805
1111.6434
3094.1564
1153.7616
629.3808
9367.1188
7145.7985
1383.3612
3985.7595
814.72401
4893.4899
8858.0674
3474.9373
4302.6636
503.72012
3327.4926
2388.5839
1680.4279
540.61545
373.49506
1981.4662
9653.2372
618.44462
