2326.1397
13522.572
569.56315
17910.452
508.52055
4868.6468
511.69905
4791.0692
799.183
11434.536
2310.7737
1631.5754
1781.4229
7294.2202
2315.3204
10599.394
1309.3384
2907.9074
3050.5458
1017.285
4256.5654
7598.6613
3547.9808
545.18982
582.22917
1096.8226
671.28823
732.80914
1602.8596
4684.3825
583.8635
1705.7334
1754.3302
8097.9166
10337.489
366.50003
2627.9391
1640.7385
2982.3018
1251.3325
912.16353
278.15682
6435.2583
823.60571
2301.7077
27228.116
527.28657
16083.885
4521.2718
4081.7214
561.17466
