1.4779289E-12
1.0231815E-12
1.9326762E-12
9.094947E-12
5.7980287E-12
5.2295945E-12
2.2737368E-12
0.45432402
2.9558578E-12
5.3432814E-12
1.9326762E-12
3.524292E-12
9.094947E-12
1.2846613E-11
3.6607162E-11
9.9021236E-11
1.2505552E-12
9.3450581E-11
4.4337867E-12
1.3642421E-12
7.2759576E-12
8.412826E-12
4.1040948E-11
1.5415935E-10
1.1027623E-11
8.5265128E-12
4.854428E-11
1.1368684E-11
1.1596057E-11
8.9812602E-12
4.4337867E-12
2.1714186E-11
1.4779289E-12
8.1854523E-12
5.4569682E-12
2.2964741E-11
5.7980287E-12
3.1036507E-11
4.4337867E-12
4.4337867E-12
2.8421709E-12
7.0485839E-12
1.5916157E-12
1.5234036E-11
1.9554136E-11
5.0022209E-12
1.4551915E-11
8.5265128E-12
6.4801498E-12
1.9099389E-11
6.1390892E-12
