4.484119
5.0790051
4.6744097
6.2974354
3.2229675
2.924519
4.4878229
7.5904139
6.2981271
9.6193374
2.9413221
3.67592
5.5042125
4.4433263
1.9131698
1.9912224
3.2457003
7.4087737
4.8766887
3.6408338
4.6462676
6.2925414
2.1734477
4.9059841
4.0903772
2.6617016
3.230009
6.0420394
4.2847746
2.9624905
4.0897082
3.7734799
5.7454732
3.6099519
10.359289
3.2255301
3.224142
4.9486443
4.9045119
4.0923298
6.2242031
4.3528897
4.5703925
3.5435196
4.192675
4.2454469
4.0415031
5.6967751
3.5971467
2.8009409
3.5828346
