1903.1746
1933.0681
1932.989
1933.9477
1990.8055
1873.5459
2300.2228
1455.0059
2368.0291
2284.8822
1789.8238
2004.8868
2264.6897
1913.1554
2114.0011
2224.9365
2083.3511
2114.0227
2427.0523
1952.0304
1796.1902
2032.3486
1646.2961
2342.552
2172.0079
1856.6759
2437.3236
2003.7352
2535.3597
1990.8639
1745.0549
2033.9132
1976.1508
2686.9374
1932.6597
2449.187
2230.4266
2030.7744
1887.2619
1890.3947
1820.1858
1701.5764
1950.9179
1812.9233
2480.4172
1642.6271
1908.047
2025.1101
2029.0564
1568.2178
1705.8941
