40975.624
1491115.1
111184.56
369616.04
1560339.1
1.2751135E7
121692.82
280343.48
115301.09
195465.42
10086.753
378406.97
105589.72
112071.93
37955.554
51639.793
89006.827
156167.8
8831.0464
234216.85
148893.89
177207.64
85247.052
1.9134673E7
34507.805
375820.88
63726.158
1708436.2
79368.163
144651.41
659491.84
149089.43
12081.499
79287.955
8176119.8
242745.62
2664.9672
326762.6
48025.322
149647.19
77758.155
81632.878
1.0373926E7
299034.34
269942.24
25362.72
947538.1
1460079.2
610872.16
348223.19
1128098.0
