5800.9408
5101.1295
5761.306
5774.3901
5575.2701
5539.5921
5278.5109
5833.7983
5532.6768
5657.0345
5402.0122
5632.7957
6011.8369
5677.8517
5902.4029
4968.4498
5592.4391
5832.6071
5882.8883
5587.5679
5548.7108
5517.567
5745.1992
5639.3401
4729.5535
5212.4892
5807.2539
5983.8253
5304.5634
5341.5678
5558.3467
5457.5899
5582.578
5742.995
5302.6788
5743.8168
5513.4905
5453.6385
5624.9455
5569.7343
5665.5156
5294.5932
5588.4657
5666.5662
5733.1163
5529.6333
5742.7297
5439.4364
5471.9561
5660.198
5428.4299
