381924.62
338743.59
354030.5
377800.69
347067.38
347946.84
480806.43
369433.04
427337.16
395512.12
380786.26
359011.63
407057.67
368479.16
347993.56
401226.47
463127.79
364421.49
469600.95
399790.31
354313.21
325234.72
370461.55
377414.56
414290.86
321283.8
440344.7
389966.24
355008.15
383593.43
354355.47
373215.92
392494.3
372474.55
343059.73
344718.63
375276.23
393566.49
346844.85
412485.74
340566.33
360259.21
392103.39
383352.87
363810.03
433583.35
337828.57
368068.07
373752.05
308743.92
398057.9
