235.61135
352.66104
273.31884
301.98863
266.71974
202.52706
416.15471
298.22041
250.46314
276.56991
235.25644
319.04955
385.19514
237.81355
242.77945
324.53314
305.90322
338.35058
234.46808
308.42208
299.24134
285.33698
335.19731
257.29938
385.40827
248.43806
355.05249
322.1134
235.76404
337.8426
191.44523
355.24387
332.55665
271.9996
299.24976
437.83001
320.31659
289.96652
290.07143
194.67267
276.73522
331.88014
291.8157
322.65752
322.85213
239.71819
350.09709
396.11563
418.87419
316.39897
342.77107
