1892910.2
2156539.8
2336217.2
2764990.6
3135066.5
2531077.2
3368461.4
1527877.2
1832712.5
3107685.9
1942177.9
1955313.8
2307208.7
2856198.2
2595971.6
2626580.6
3005269.1
3769770.9
3583352.7
885380.13
2406129.3
1598667.3
1780161.8
763910.74
1564135.0
5185893.9
1319605.5
2551789.9
3846499.5
4569458.2
1712968.2
3246470.5
2746429.6
2010081.9
2636451.7
4030122.3
3392943.3
2550364.8
2846733.5
1579952.0
3110635.2
1953854.4
1743957.0
2523485.9
1681940.8
3092521.9
3233274.3
1003469.9
3651022.4
1547379.1
2832997.7
