43.121089
32.331036
98.349718
125.82429
41.435065
27.0836
55.18599
46.526804
121.76918
36.747942
18.904217
20.902461
24.390567
47.758641
153.60859
53.887252
42.741923
21.444316
45.253339
37.114814
162.1715
28.174803
40.028509
20.475988
30.504647
143.31426
122.90958
39.606073
51.074751
45.491718
57.439405
137.63153
38.306431
68.837152
71.137475
138.7848
43.347469
53.62523
27.001053
38.640332
110.83859
60.918668
36.178317
41.238937
69.353928
35.814944
42.730775
42.842471
115.97305
41.608516
40.706855
