0.82846314
5.9626767
2.2108492
5.3114073
1.6913005
5.7149692
1.8984865
2.6237545
0.33948748
9.2307794
1.0386145
10.094211
4.8129843
3.7188232
4.4004536
3.3520787
6.7963852
1.2048908
0.9015536
7.6724282
1.5419559
1.9824073
3.6116759
3.3016481
0.84096949
1.0585551
1.2272782
1.0835448
1.7940305
2.3468266
0.75738282
0.2720371
8.8637825
2.594564
6.080019
0.35987609
1.13474
0.7394267
4.8681936
13.875038
1.2425225
4.8995648
1.9881053
8.0165355
2.6114686
2.306331
0.5220947
4.2094322
2.0985665
0.8773613
0.21315128
