2401.6953
13666.048
728.03075
17965.236
602.26711
5010.5002
588.40138
4922.1312
863.52644
11488.928
2424.2539
4636.823
1927.0482
8001.0501
3366.2503
10911.106
1548.1027
3011.0292
3205.4326
1076.9322
4366.116
7818.0987
3668.4152
715.74646
634.12346
1126.379
765.48293
836.55043
9638.8815
4739.8361
653.1814
4762.6596
1900.3321
8190.8853
10400.443
453.70337
2700.5136
1726.548
3059.1235
1375.6817
1022.1105
384.00001
6555.6068
899.10364
2451.0127
27261.029
766.57307
16261.409
5317.3068
4201.1545
687.20924
