15870.938
8053.0679
28747.995
10440.114
6694.2404
8550.7551
22747.191
6753.3797
20081.303
27766.014
13368.559
12178.99
11169.063
13553.185
8725.8425
13516.487
13169.916
8009.536
11119.34
29076.996
15793.306
21402.909
11348.551
25372.048
12508.702
17141.264
13017.102
8269.0831
13250.435
7878.9071
11525.463
11998.457
15972.008
11297.428
11018.879
10714.902
27509.067
14093.08
19873.823
10368.867
6854.9674
11401.681
16848.336
9421.7717
18674.978
11810.511
12083.53
10495.519
36694.701
19052.575
7657.2188
