15710.327
8016.2997
28703.794
10414.831
6537.2396
8415.7154
22315.204
6679.7906
20056.656
27619.589
13263.122
12108.452
11023.275
13531.243
8701.8975
13002.024
12683.813
7930.9014
10895.14
29020.231
15761.703
21242.767
11273.022
25264.024
12450.356
16910.236
11933.184
8211.6272
13233.084
7802.6393
11493.617
11900.05
15933.612
11275.564
10872.536
10699.316
27502.906
14079.92
19503.738
10351.534
6831.4492
11353.129
16832.336
9409.7617
18670.642
11792.768
11609.158
10442.625
36366.734
19006.539
7602.4481
