22494.424
949.83032
7724.8701
8505.6644
16520.287
5930.2653
20107.166
13204.599
12101.706
22612.848
698.75803
8318.2153
7715.2469
8110.467
108.49758
14444.552
15941.72
24492.063
38841.66
20264.805
7703.1803
24050.428
331.76844
3761.4731
23382.572
27155.657
12476.883
207.81712
9901.5181
7142.1437
17740.112
22169.33
25737.586
21414.873
20613.409
24352.306
7974.8634
22670.267
6209.7109
21820.508
22840.651
21591.86
625.35292
9204.1413
10705.848
6579.1507
25646.317
11941.794
925.63213
31943.812
20415.597
