3.652883665653713E9
6.42530782085011E9
5.984369043818348E9
6.891804637306849E9
6.081978956391773E9
2.858743081262516E9
4.709489338661619E9
5.336863301558157E9
4.242614228145177E9
4.168657030543582E9
4.456765904237142E9
3.489727342818831E9
5.334170319482711E9
1.716663272721836E9
3.507608861503956E9
4.0046961765259E9
3.465737643680078E9
2.180417061780704E9
4.454621281825361E9
1.65645066595222E9
3.047185429988365E9
5.555757530923977E9
4.308288412400679E9
3.92128661382913E9
3.462852834101635E9
1.194732360311367E9
3.320725293893888E9
4.501448590623415E9
1.789027373026568E9
4.125783030588984E9
